,instruction,input,output,predict
0,"You are an expert in Cleaning Hospital Dataset. Given the dirty row Entity 1, you are required to correct the values of MeasureName in Entity 1.

Return in json format.

Output Format Example:

{""MeasureName"": """"}

Entity 1:

{""ProviderNumber"": ""10018"", ""HospitalName"": ""callahan eye foundation hospital"", ""Address1"": ""1720 university blvd"", ""Address2"": ""empty"", ""Address3"": ""empty"", ""City"": ""birmingham"", ""State"": ""al"", ""ZipCode"": ""35233"", ""CountyName"": ""jefferson"", ""PhoneNumber"": ""2053258100"", ""HospitalType"": ""acute care hospitals"", ""HospitalOwner"": ""voluntary non-profit - private"", ""EmergencyService"": ""yes"", ""Condition"": ""surgical infection prevention"", ""MeasureCode"": ""scip-card-2"", ""MeasureName"": ""surgery patients who were taking heart drugs caxxed beta bxockers before coming to the hospitax who were kept on the beta bxockers during the period just before and after their surgery"", ""Score"": ""empty"", ""Sample"": ""empty"", ""Stateavg"": ""al_scip-card-2"", ""count"": 1}

Take these rows as reference:

{""ProviderNumber"": ""10018"", ""HospitalName"": ""callahan eye foundation hospital"", ""Address1"": ""1720 university blvd"", ""Address2"": ""empty"", ""Address3"": ""empty"", ""City"": ""birmingham"", ""State"": ""al"", ""ZipCode"": ""35233"", ""CountyName"": ""jefferson"", ""PhoneNumber"": ""2053258100"", ""HospitalType"": ""acute care hospitals"", ""HospitalOwner"": ""voluntary non-profit - private"", ""EmergencyService"": ""yes"", ""Condition"": ""heart failure"", ""MeasureCode"": ""hf-1"", ""MeasureName"": ""heart failure patients given discharge instructions"", ""Score"": ""empty"", ""Sample"": ""empty"", ""Stateavg"": ""al_hf-1""}

{""ProviderNumber"": ""10018"", ""HospitalName"": ""callahan eye foundation hospital"", ""Address1"": ""1720 university blvd"", ""Address2"": ""empty"", ""Address3"": ""empty"", ""City"": ""birmingham"", ""State"": ""al"", ""ZipCode"": ""35233"", ""CountyName"": ""jefferson"", ""PhoneNumber"": ""2053258100"", ""HospitalType"": ""acute care hospitals"", ""HospitalOwner"": ""voluntary non-profit - private"", ""EmergencyService"": ""yes"", ""Condition"": ""heart failure"", ""MeasureCode"": ""hf-1"", ""MeasureName"": ""heart failure patients given discharge instructions"", ""Score"": ""empty"", ""Sample"": ""empty"", ""Stateavg"": ""al_hf-1""}

",,"{""MeasureName"": ""surgery patients who were taking heart drugs called beta blockers before coming to the hospital who were kept on the beta blockers during the period just before and after their surgery""}","  {""MeasureName"": ""surgery patients who were taking heart drugs beta blockers before coming to the hospital who were kept on the beta blockers during the period just before and after their surgery""}"
1,"You are an expert in Cleaning Hospital Dataset. Given the dirty row Entity 1, you are required to correct the values of City in Entity 1.

Return in json format.

Output Format Example:

{""City"": """"}

Entity 1:

{""ProviderNumber"": ""10018"", ""HospitalName"": ""callahan eye foundation hospital"", ""Address1"": ""1720 university blvd"", ""Address2"": ""empty"", ""Address3"": ""empty"", ""City"": ""birminghxm"", ""State"": ""al"", ""ZipCode"": ""35233"", ""CountyName"": ""jefferson"", ""PhoneNumber"": ""2053258100"", ""HospitalType"": ""acute care hospitals"", ""HospitalOwner"": ""voluntary non-profit - private"", ""EmergencyService"": ""yes"", ""Condition"": ""surgical infection prevention"", ""MeasureCode"": ""scip-inf-3"", ""MeasureName"": ""surgery patients whose preventive antibiotics were stopped at the right time (within 24 hours after surgery)"", ""Score"": ""empty"", ""Sample"": ""empty"", ""Stateavg"": ""al_scip-inf-3"", ""count"": 1}

Take these rows as reference:

{""ProviderNumber"": ""10018"", ""HospitalName"": ""callahan eye foundation hospital"", ""Address1"": ""1720 university blvd"", ""Address2"": ""empty"", ""Address3"": ""empty"", ""City"": ""birmingham"", ""State"": ""al"", ""ZipCode"": ""35233"", ""CountyName"": ""jefferson"", ""PhoneNumber"": ""2053258100"", ""HospitalType"": ""acute care hospitals"", ""HospitalOwner"": ""voluntary non-profit - private"", ""EmergencyService"": ""yes"", ""Condition"": ""pneumonia"", ""MeasureCode"": ""pn-5c"", ""MeasureName"": ""pneumonia patients given initial antibiotic(s) within 6 hours after arrival"", ""Score"": ""empty"", ""Sample"": ""empty"", ""Stateavg"": ""al_pn-5c""}

{""ProviderNumber"": ""10018"", ""HospitalName"": ""callahan eye foundation hospital"", ""Address1"": ""1720 university blvd"", ""Address2"": ""empty"", ""Address3"": ""empty"", ""City"": ""birmingham"", ""State"": ""al"", ""ZipCode"": ""35233"", ""CountyName"": ""jefferson"", ""PhoneNumber"": ""2053258100"", ""HospitalType"": ""acute care hospitals"", ""HospitalOwner"": ""voluntary non-profit - private"", ""EmergencyService"": ""yes"", ""Condition"": ""heart failure"", ""MeasureCode"": ""hf-1"", ""MeasureName"": ""heart failure patients given discharge instructions"", ""Score"": ""empty"", ""Sample"": ""empty"", ""Stateavg"": ""al_hf-1""}

",,"{""City"": ""birmingham""}","  {""City"": ""birmingham""}"
2,"You are an expert in Cleaning Hospital Dataset. Given the dirty row Entity 1, you are required to correct the values of City in Entity 1.

Return in json format.

Output Format Example:

{""City"": """"}

Entity 1:

{""ProviderNumber"": ""10018"", ""HospitalName"": ""callahan eye foundation hospital"", ""Address1"": ""1720 university blvd"", ""Address2"": ""empty"", ""Address3"": ""empty"", ""City"": ""birmingxam"", ""State"": ""al"", ""ZipCode"": ""35233"", ""CountyName"": ""jefferson"", ""PhoneNumber"": ""2053258100"", ""HospitalType"": ""acute care hospitals"", ""HospitalOwner"": ""voluntary non-profit - private"", ""EmergencyService"": ""yes"", ""Condition"": ""surgical infection prevention"", ""MeasureCode"": ""scip-vte-2"", ""MeasureName"": ""patients who got treatment  at the right time (within 24 hours before or after their surgery) to help prevent blood clots after certain types of surgery"", ""Score"": ""empty"", ""Sample"": ""empty"", ""Stateavg"": ""al_scip-vte-2"", ""count"": 1}

Take these rows as reference:

{""ProviderNumber"": ""10018"", ""HospitalName"": ""callahan eye foundation hospital"", ""Address1"": ""1720 university blvd"", ""Address2"": ""empty"", ""Address3"": ""empty"", ""City"": ""birmingham"", ""State"": ""al"", ""ZipCode"": ""35233"", ""CountyName"": ""jefferson"", ""PhoneNumber"": ""2053258100"", ""HospitalType"": ""acute care hospitals"", ""HospitalOwner"": ""voluntary non-profit - private"", ""EmergencyService"": ""yes"", ""Condition"": ""heart failure"", ""MeasureCode"": ""hf-3"", ""MeasureName"": ""heart failure patients given ace inhibitor or arb for left ventricular systolic dysfunction (lvsd)"", ""Score"": ""empty"", ""Sample"": ""empty"", ""Stateavg"": ""al_hf-3""}

{""ProviderNumber"": ""10018"", ""HospitalName"": ""callahan eye foundation hospital"", ""Address1"": ""1720 university blvd"", ""Address2"": ""empty"", ""Address3"": ""empty"", ""City"": ""birmingham"", ""State"": ""al"", ""ZipCode"": ""35233"", ""CountyName"": ""jefferson"", ""PhoneNumber"": ""2053258100"", ""HospitalType"": ""acute care hospitals"", ""HospitalOwner"": ""voluntary non-profit - private"", ""EmergencyService"": ""yes"", ""Condition"": ""heart failure"", ""MeasureCode"": ""hf-3"", ""MeasureName"": ""heart failure patients given ace inhibitor or arb for left ventricular systolic dysfunction (lvsd)"", ""Score"": ""empty"", ""Sample"": ""empty"", ""Stateavg"": ""al_hf-3""}

",,"{""City"": ""birmingham""}","  {""City"": ""birmingham""}"
3,"You are an expert in Cleaning Hospital Dataset. Given the dirty row Entity 1, you are required to correct the values of City in Entity 1.

Return in json format.

Output Format Example:

{""City"": """"}

Entity 1:

{""ProviderNumber"": ""10019"", ""HospitalName"": ""helen keller memorial hospital"", ""Address1"": ""1300 south montgomery avenue"", ""Address2"": ""empty"", ""Address3"": ""empty"", ""City"": ""sheffxeld"", ""State"": ""al"", ""ZipCode"": ""35660"", ""CountyName"": ""jefferson"", ""PhoneNumber"": ""2563864556"", ""HospitalType"": ""acute care hospitals"", ""HospitalOwner"": ""government - hospital district or authority"", ""EmergencyService"": ""yes"", ""Condition"": ""heart attack"", ""MeasureCode"": ""ami-3"", ""MeasureName"": ""heart attack patients given ace inhibitor or arb for left ventricular systolic dysfunction (lvsd)"", ""Score"": ""75%"", ""Sample"": ""4 patients"", ""Stateavg"": ""al_ami-3"", ""count"": 1}

Take these rows as reference:

{""ProviderNumber"": ""10019"", ""HospitalName"": ""helen keller memorial hospital"", ""Address1"": ""1300 south montgomery avenue"", ""Address2"": ""empty"", ""Address3"": ""empty"", ""City"": ""sheffield"", ""State"": ""al"", ""ZipCode"": ""35660"", ""CountyName"": ""jefferson"", ""PhoneNumber"": ""2563864556"", ""HospitalType"": ""acute care hospitals"", ""HospitalOwner"": ""government - hospital district or authority"", ""EmergencyService"": ""yes"", ""Condition"": ""heart attack"", ""MeasureCode"": ""ami-4"", ""MeasureName"": ""heart attack patients given smoking cessation advice/counseling"", ""Score"": ""100%"", ""Sample"": ""4 patients"", ""Stateavg"": ""al_ami-4""}

{""ProviderNumber"": ""10018"", ""HospitalName"": ""callahan eye foundation hospital"", ""Address1"": ""1720 university blvd"", ""Address2"": ""empty"", ""Address3"": ""empty"", ""City"": ""birmingxam"", ""State"": ""al"", ""ZipCode"": ""35233"", ""CountyName"": ""jefferson"", ""PhoneNumber"": ""2053258100"", ""HospitalType"": ""acute care hospitals"", ""HospitalOwner"": ""voluntary non-profit - private"", ""EmergencyService"": ""yes"", ""Condition"": ""surgical infection prevention"", ""MeasureCode"": ""scip-vte-2"", ""MeasureName"": ""patients who got treatment  at the right time (within 24 hours before or after their surgery) to help prevent blood clots after certain types of surgery"", ""Score"": ""empty"", ""Sample"": ""empty"", ""Stateavg"": ""al_scip-vte-2""}

",,"{""City"": ""sheffield""}","  {""City"": ""sheffield""}"
4,"You are an expert in Cleaning Hospital Dataset. Given the dirty row Entity 1, you are required to correct the values of ProviderNumber in Entity 1.

Return in json format.

Output Format Example:

{""ProviderNumber"": """"}

Entity 1:

{""ProviderNumber"": ""1xx19"", ""HospitalName"": ""helen keller memorial hospital"", ""Address1"": ""1300 south montgomery avenue"", ""Address2"": ""empty"", ""Address3"": ""empty"", ""City"": ""sheffield"", ""State"": ""al"", ""ZipCode"": ""35660"", ""CountyName"": ""jefferson"", ""PhoneNumber"": ""2563864556"", ""HospitalType"": ""acute care hospitals"", ""HospitalOwner"": ""government - hospital district or authority"", ""EmergencyService"": ""yes"", ""Condition"": ""heart attack"", ""MeasureCode"": ""ami-7a"", ""MeasureName"": ""heart attack patients given fibrinolytic medication within 30 minutes of arrival"", ""Score"": ""empty"", ""Sample"": ""0 patients"", ""Stateavg"": ""al_ami-7a"", ""count"": 1}

Take these rows as reference:

{""ProviderNumber"": ""10019"", ""HospitalName"": ""helen keller memorial hospital"", ""Address1"": ""1300 south montgomery avenue"", ""Address2"": ""empty"", ""Address3"": ""empty"", ""City"": ""sheffield"", ""State"": ""al"", ""ZipCode"": ""35660"", ""CountyName"": ""jefferson"", ""PhoneNumber"": ""2563864556"", ""HospitalType"": ""acute care hospitals"", ""HospitalOwner"": ""government - hospital district or authority"", ""EmergencyService"": ""yes"", ""Condition"": ""surgical infection prevention"", ""MeasureCode"": ""scip-inf-1"", ""MeasureName"": ""surgery patients who were given an antibiotic at the right time (within one hour before surgery) to help prevent infection"", ""Score"": ""92%"", ""Sample"": ""253 patients"", ""Stateavg"": ""al_scip-inf-1""}

{""ProviderNumber"": ""1xx19"", ""HospitalName"": ""helen keller memorial hospital"", ""Address1"": ""1300 south montgomery avenue"", ""Address2"": ""empty"", ""Address3"": ""empty"", ""City"": ""sheffield"", ""State"": ""al"", ""ZipCode"": ""35660"", ""CountyName"": ""jefferson"", ""PhoneNumber"": ""2563864556"", ""HospitalType"": ""acute care hospitals"", ""HospitalOwner"": ""government - hospital district or authority"", ""EmergencyService"": ""yes"", ""Condition"": ""heart attack"", ""MeasureCode"": ""ami-7a"", ""MeasureName"": ""heart attack patients given fibrinolytic medication within 30 minutes of arrival"", ""Score"": ""empty"", ""Sample"": ""0 patients"", ""Stateavg"": ""al_ami-7a""}

",,"{""ProviderNumber"": ""10019""}","  {""ProviderNumber"": ""10019""}"
5,"You are an expert in Cleaning Hospital Dataset. Given the dirty row Entity 1, you are required to correct the values of HospitalType in Entity 1.

Return in json format.

Output Format Example:

{""HospitalType"": """"}

Entity 1:

{""ProviderNumber"": ""10019"", ""HospitalName"": ""helen keller memorial hospital"", ""Address1"": ""1300 south montgomery avenue"", ""Address2"": ""empty"", ""Address3"": ""empty"", ""City"": ""sheffield"", ""State"": ""al"", ""ZipCode"": ""35660"", ""CountyName"": ""jefferson"", ""PhoneNumber"": ""2563864556"", ""HospitalType"": ""acuxe care hospixals"", ""HospitalOwner"": ""government - hospital district or authority"", ""EmergencyService"": ""yes"", ""Condition"": ""heart failure"", ""MeasureCode"": ""hf-2"", ""MeasureName"": ""heart failure patients given an evaluation of left ventricular systolic (lvs) function"", ""Score"": ""99%"", ""Sample"": ""149 patients"", ""Stateavg"": ""al_hf-2"", ""count"": 1}

Take these rows as reference:

{""ProviderNumber"": ""10019"", ""HospitalName"": ""helen keller memorial hospital"", ""Address1"": ""1300 south montgomery avenue"", ""Address2"": ""empty"", ""Address3"": ""empty"", ""City"": ""sheffield"", ""State"": ""al"", ""ZipCode"": ""35660"", ""CountyName"": ""jefferson"", ""PhoneNumber"": ""2563864556"", ""HospitalType"": ""acute care hospitals"", ""HospitalOwner"": ""government - hospital district or authority"", ""EmergencyService"": ""yes"", ""Condition"": ""heart failure"", ""MeasureCode"": ""hf-3"", ""MeasureName"": ""heart failure patients given ace inhibitor or arb for left ventricular systolic dysfunction (lvsd)"", ""Score"": ""92%"", ""Sample"": ""3x patients"", ""Stateavg"": ""al_hf-3""}

{""ProviderNumber"": ""10019"", ""HospitalName"": ""helen keller memorial hospital"", ""Address1"": ""1300 south montgomery avenue"", ""Address2"": ""empty"", ""Address3"": ""empty"", ""City"": ""sheffield"", ""State"": ""al"", ""ZipCode"": ""35660"", ""CountyName"": ""jefferson"", ""PhoneNumber"": ""2563864556"", ""HospitalType"": ""acute care hospitals"", ""HospitalOwner"": ""government - hospital district or authority"", ""EmergencyService"": ""yes"", ""Condition"": ""surgical infection prevention"", ""MeasureCode"": ""scip-card-2"", ""MeasureName"": ""surgery patients who were taking heart drugs called beta blockers before coming to the hospital who were kept on the beta blockers during the period just before and after their surgery"", ""Score"": ""81%"", ""Sample"": ""54 patients"", ""Stateavg"": ""al_scip-card-2""}

",,"{""HospitalType"": ""acute care hospitals""}","  {""HospitalType"": ""acute care hospitals""}"
6,"You are an expert in Cleaning Hospital Dataset. Given the dirty row Entity 1, you are required to correct the values of Sample in Entity 1.

Return in json format.

Output Format Example:

{""Sample"": """"}

Entity 1:

{""ProviderNumber"": ""10019"", ""HospitalName"": ""helen keller memorial hospital"", ""Address1"": ""1300 south montgomery avenue"", ""Address2"": ""empty"", ""Address3"": ""empty"", ""City"": ""sheffield"", ""State"": ""al"", ""ZipCode"": ""35660"", ""CountyName"": ""jefferson"", ""PhoneNumber"": ""2563864556"", ""HospitalType"": ""acute care hospitals"", ""HospitalOwner"": ""government - hospital district or authority"", ""EmergencyService"": ""yes"", ""Condition"": ""heart failure"", ""MeasureCode"": ""hf-3"", ""MeasureName"": ""heart failure patients given ace inhibitor or arb for left ventricular systolic dysfunction (lvsd)"", ""Score"": ""92%"", ""Sample"": ""3x patients"", ""Stateavg"": ""al_hf-3"", ""count"": 1}

Take these rows as reference:

{""ProviderNumber"": ""10019"", ""HospitalName"": ""helen keller memorial hospital"", ""Address1"": ""1300 south montgomery avenue"", ""Address2"": ""empty"", ""Address3"": ""empty"", ""City"": ""sheffield"", ""State"": ""al"", ""ZipCode"": ""35660"", ""CountyName"": ""jefferson"", ""PhoneNumber"": ""2563864556"", ""HospitalType"": ""acute care hospitals"", ""HospitalOwner"": ""government - hospital district or authority"", ""EmergencyService"": ""yes"", ""Condition"": ""surgical infection prevention"", ""MeasureCode"": ""scip-inf-2"", ""MeasureName"": ""surgery patients who were given the  right kind  of antibiotic to help prevent infection"", ""Score"": ""91%"", ""Sample"": ""255 patients"", ""Stateavg"": ""al_scip-inf-2""}

{""ProviderNumber"": ""10019"", ""HospitalName"": ""helen keller memorial hospital"", ""Address1"": ""1300 south montgomery avenue"", ""Address2"": ""empty"", ""Address3"": ""empty"", ""City"": ""sheffield"", ""State"": ""al"", ""ZipCode"": ""35660"", ""CountyName"": ""jefferson"", ""PhoneNumber"": ""2563864556"", ""HospitalType"": ""acute care hospitals"", ""HospitalOwner"": ""government - hospital district or authority"", ""EmergencyService"": ""yes"", ""Condition"": ""heart attack"", ""MeasureCode"": ""ami-8a"", ""MeasureName"": ""heart attack patients given pci within 90 minutes of arrival"", ""Score"": ""empty"", ""Sample"": ""0 patients"", ""Stateavg"": ""al_ami-8a""}

",,"{""Sample"": ""37 patients""}","  {""Sample"": ""30 patients""}"
7,"You are an expert in Cleaning Hospital Dataset. Given the dirty row Entity 1, you are required to correct the values of Condition in Entity 1.

Return in json format.

Output Format Example:

{""Condition"": """"}

Entity 1:

{""ProviderNumber"": ""10001"", ""HospitalName"": ""southeast alabama medical center"", ""Address1"": ""1108 ross clark circle"", ""Address2"": ""empty"", ""Address3"": ""empty"", ""City"": ""dothan"", ""State"": ""al"", ""ZipCode"": ""36302"", ""CountyName"": ""houston"", ""PhoneNumber"": ""3347938701"", ""HospitalType"": ""acute care hospitals"", ""HospitalOwner"": ""government - hospital district or authority"", ""EmergencyService"": ""yes"", ""Condition"": ""heart attaxk"", ""MeasureCode"": ""ami-3"", ""MeasureName"": ""heart attack patients given ace inhibitor or arb for left ventricular systolic dysfunction (lvsd)"", ""Score"": ""96%"", ""Sample"": ""71 patients"", ""Stateavg"": ""al_ami-3"", ""count"": 1}

Take these rows as reference:

{""ProviderNumber"": ""10001"", ""HospitalName"": ""southeast alabama medical center"", ""Address1"": ""1108 ross clark circle"", ""Address2"": ""empty"", ""Address3"": ""empty"", ""City"": ""dothan"", ""State"": ""al"", ""ZipCode"": ""36302"", ""CountyName"": ""houston"", ""PhoneNumber"": ""3347938701"", ""HospitalType"": ""acute care hospitals"", ""HospitalOwner"": ""government - hospital district or authority"", ""EmergencyService"": ""yes"", ""Condition"": ""surgical infection prevention"", ""MeasureCode"": ""scip-inf-1"", ""MeasureName"": ""surgery patients who were given an antibiotic at the right time (within one hour before surgery) to help prevent infection"", ""Score"": ""94%"", ""Sample"": ""399 patients"", ""Stateavg"": ""al_scip-inf-1""}

{""ProviderNumber"": ""10001"", ""HospitalName"": ""southeast alabama medical center"", ""Address1"": ""1108 ross clark circle"", ""Address2"": ""empty"", ""Address3"": ""empty"", ""City"": ""dothan"", ""State"": ""al"", ""ZipCode"": ""36302"", ""CountyName"": ""houston"", ""PhoneNumber"": ""3347938701"", ""HospitalType"": ""acute care hospitals"", ""HospitalOwner"": ""government - hospital district or authority"", ""EmergencyService"": ""yes"", ""Condition"": ""surgical infection prevention"", ""MeasureCode"": ""scip-inf-4"", ""MeasureName"": ""all heart surgery patients whose blood sugar (blood glucose) is kept under good control in the days right after surgery"", ""Score"": ""96%"", ""Sample"": ""136 patients"", ""Stateavg"": ""al_scip-inf-4""}

",,"{""Condition"": ""heart attack""}","  {""Condition"": ""heart attack""}"
8,"You are an expert in Cleaning Hospital Dataset. Given the dirty row Entity 1, you are required to correct the values of HospitalOwner in Entity 1.

Return in json format.

Output Format Example:

{""HospitalOwner"": """"}

Entity 1:

{""ProviderNumber"": ""10001"", ""HospitalName"": ""southeast alabama medical center"", ""Address1"": ""1108 ross clark circle"", ""Address2"": ""empty"", ""Address3"": ""empty"", ""City"": ""dothan"", ""State"": ""al"", ""ZipCode"": ""36302"", ""CountyName"": ""houston"", ""PhoneNumber"": ""3347938701"", ""HospitalType"": ""acute care hospitals"", ""HospitalOwner"": ""government - hospxtal dxstrxct or authorxty"", ""EmergencyService"": ""yes"", ""Condition"": ""hearx axxack"", ""MeasureCode"": ""ami-4"", ""MeasureName"": ""heart attack patients given smoking cessation advice/counseling"", ""Score"": ""100%"", ""Sample"": ""244 patients"", ""Stateavg"": ""al_ami-4"", ""count"": 2}

Take these rows as reference:

{""ProviderNumber"": ""10001"", ""HospitalName"": ""southeast alabama medical center"", ""Address1"": ""1108 ross clark circle"", ""Address2"": ""empty"", ""Address3"": ""empty"", ""City"": ""dothan"", ""State"": ""al"", ""ZipCode"": ""36302"", ""CountyName"": ""houston"", ""PhoneNumber"": ""3347938701"", ""HospitalType"": ""acute care hospitals"", ""HospitalOwner"": ""government - hospital district or authority"", ""EmergencyService"": ""yes"", ""Condition"": ""pneumonia"", ""MeasureCode"": ""pn-5c"", ""MeasureName"": ""pneumonia patients given initial antibiotic(s) within 6 hours after arrival"", ""Score"": ""92%"", ""Sample"": ""196 patients"", ""Stateavg"": ""al_pn-5c""}

{""ProviderNumber"": ""10001"", ""HospitalName"": ""southeast alabama medical center"", ""Address1"": ""1108 ross clark circle"", ""Address2"": ""empty"", ""Address3"": ""empty"", ""City"": ""dothan"", ""State"": ""al"", ""ZipCode"": ""36302"", ""CountyName"": ""houston"", ""PhoneNumber"": ""xx479x8701"", ""HospitalType"": ""acute care hospitals"", ""HospitalOwner"": ""government - hospital district or authority"", ""EmergencyService"": ""yes"", ""Condition"": ""surgical infection prevention"", ""MeasureCode"": ""scip-card-2"", ""MeasureName"": ""surgery patients who were taking heart drugs called beta blockers before coming to the hospital who were kept on the beta blockers during the period just before and after their surgery"", ""Score"": ""72%"", ""Sample"": ""79 patients"", ""Stateavg"": ""al_scip-card-2""}

",,"{""HospitalOwner"": ""government - hospital district or authority""}","  {""HospitalOwner"": ""government - hospital district or authority""}"
9,"You are an expert in Cleaning Hospital Dataset. Given the dirty row Entity 1, you are required to correct the values of Condition in Entity 1.

Return in json format.

Output Format Example:

{""Condition"": """"}

Entity 1:

{""ProviderNumber"": ""10001"", ""HospitalName"": ""southeast alabama medical center"", ""Address1"": ""1108 ross clark circle"", ""Address2"": ""empty"", ""Address3"": ""empty"", ""City"": ""dothan"", ""State"": ""al"", ""ZipCode"": ""36302"", ""CountyName"": ""houston"", ""PhoneNumber"": ""3347938701"", ""HospitalType"": ""acute care hospitals"", ""HospitalOwner"": ""government - hospxtal dxstrxct or authorxty"", ""EmergencyService"": ""yes"", ""Condition"": ""hearx axxack"", ""MeasureCode"": ""ami-4"", ""MeasureName"": ""heart attack patients given smoking cessation advice/counseling"", ""Score"": ""100%"", ""Sample"": ""244 patients"", ""Stateavg"": ""al_ami-4"", ""count"": 2}

Take these rows as reference:

{""ProviderNumber"": ""10001"", ""HospitalName"": ""southeast alabama medical center"", ""Address1"": ""1108 ross clark circle"", ""Address2"": ""empty"", ""Address3"": ""empty"", ""City"": ""dothan"", ""State"": ""al"", ""ZipCode"": ""36302"", ""CountyName"": ""houston"", ""PhoneNumber"": ""xx479x8701"", ""HospitalType"": ""acute care hospitals"", ""HospitalOwner"": ""government - hospital district or authority"", ""EmergencyService"": ""yes"", ""Condition"": ""surgical infection prevention"", ""MeasureCode"": ""scip-card-2"", ""MeasureName"": ""surgery patients who were taking heart drugs called beta blockers before coming to the hospital who were kept on the beta blockers during the period just before and after their surgery"", ""Score"": ""72%"", ""Sample"": ""79 patients"", ""Stateavg"": ""al_scip-card-2""}

{""ProviderNumber"": ""10001"", ""HospitalName"": ""southeast alabama medical center"", ""Address1"": ""1108 ross clark circle"", ""Address2"": ""empty"", ""Address3"": ""empty"", ""City"": ""dothan"", ""State"": ""al"", ""ZipCode"": ""36302"", ""CountyName"": ""houston"", ""PhoneNumber"": ""xx479x8701"", ""HospitalType"": ""acute care hospitals"", ""HospitalOwner"": ""government - hospital district or authority"", ""EmergencyService"": ""yes"", ""Condition"": ""surgical infection prevention"", ""MeasureCode"": ""scip-card-2"", ""MeasureName"": ""surgery patients who were taking heart drugs called beta blockers before coming to the hospital who were kept on the beta blockers during the period just before and after their surgery"", ""Score"": ""72%"", ""Sample"": ""79 patients"", ""Stateavg"": ""al_scip-card-2""}

",,"{""Condition"": ""heart attack""}","  {""Condition"": ""heart attack""}"
10,"You are an expert in Cleaning Hospital Dataset. Given the dirty row Entity 1, you are required to correct the values of PhoneNumber in Entity 1.

Return in json format.

Output Format Example:

{""PhoneNumber"": """"}

Entity 1:

{""ProviderNumber"": ""10001"", ""HospitalName"": ""southeast alabama medical center"", ""Address1"": ""1108 ross clark circle"", ""Address2"": ""empty"", ""Address3"": ""empty"", ""City"": ""dothan"", ""State"": ""al"", ""ZipCode"": ""36302"", ""CountyName"": ""houston"", ""PhoneNumber"": ""334793870x"", ""HospitalType"": ""acute care hospitals"", ""HospitalOwner"": ""government - hospital district or authority"", ""EmergencyService"": ""yxs"", ""Condition"": ""heart attack"", ""MeasureCode"": ""ami-7a"", ""MeasureName"": ""heart attack patients given fibrinolytic medication within 30 minutes of arrival"", ""Score"": ""empty"", ""Sample"": ""0 patients"", ""Stateavg"": ""al_ami-7a"", ""count"": 2}

Take these rows as reference:

{""ProviderNumber"": ""10001"", ""HospitalName"": ""southeast alabama medical center"", ""Address1"": ""1108 ross clark circle"", ""Address2"": ""empty"", ""Address3"": ""empty"", ""City"": ""dothan"", ""State"": ""al"", ""ZipCode"": ""36302"", ""CountyName"": ""houston"", ""PhoneNumber"": ""3347938701"", ""HospitalType"": ""acute care hospitals"", ""HospitalOwner"": ""governmenx - hospixal disxricx or auxhorixy"", ""EmergencyService"": ""yes"", ""Condition"": ""pneumonia"", ""MeasureCode"": ""pn-3b"", ""MeasureName"": ""pneumonia patients whose initial emergency room blood culture was performed prior to the administration of the first hospital dose of antibiotics"", ""Score"": ""89%"", ""Sample"": ""125 patients"", ""Stateavg"": ""al_pn-3b""}

{""ProviderNumber"": ""10001"", ""HospitalName"": ""southeast alabama medical center"", ""Address1"": ""1108 ross clark circle"", ""Address2"": ""empty"", ""Address3"": ""empty"", ""City"": ""dothan"", ""State"": ""al"", ""ZipCode"": ""36302"", ""CountyName"": ""houston"", ""PhoneNumber"": ""3347938701"", ""HospitalType"": ""acute care hospitals"", ""HospitalOwner"": ""government - hospital district or authority"", ""EmergencyService"": ""yes"", ""Condition"": ""heart failure"", ""MeasureCode"": ""hf-3"", ""MeasureName"": ""heart failure patients given ace inhibitor or arb for left ventricular systolic dysfunction (lvsd)"", ""Score"": ""91%"", ""Sample"": ""165 patients"", ""Stateavg"": ""al_hf-3""}

",,"{""PhoneNumber"": ""3347938701""}","  {""PhoneNumber"": ""3347938701""}"
11,"You are an expert in Cleaning Hospital Dataset. Given the dirty row Entity 1, you are required to correct the values of EmergencyService in Entity 1.

Return in json format.

Output Format Example:

{""EmergencyService"": """"}

Entity 1:

{""ProviderNumber"": ""10001"", ""HospitalName"": ""southeast alabama medical center"", ""Address1"": ""1108 ross clark circle"", ""Address2"": ""empty"", ""Address3"": ""empty"", ""City"": ""dothan"", ""State"": ""al"", ""ZipCode"": ""36302"", ""CountyName"": ""houston"", ""PhoneNumber"": ""334793870x"", ""HospitalType"": ""acute care hospitals"", ""HospitalOwner"": ""government - hospital district or authority"", ""EmergencyService"": ""yxs"", ""Condition"": ""heart attack"", ""MeasureCode"": ""ami-7a"", ""MeasureName"": ""heart attack patients given fibrinolytic medication within 30 minutes of arrival"", ""Score"": ""empty"", ""Sample"": ""0 patients"", ""Stateavg"": ""al_ami-7a"", ""count"": 2}

Take these rows as reference:

{""ProviderNumber"": ""10001"", ""HospitalName"": ""southeast alabama medical center"", ""Address1"": ""1108 ross clark circle"", ""Address2"": ""empty"", ""Address3"": ""empty"", ""City"": ""dothan"", ""State"": ""al"", ""ZipCode"": ""36302"", ""CountyName"": ""houston"", ""PhoneNumber"": ""3347938701"", ""HospitalType"": ""acute care hospitals"", ""HospitalOwner"": ""government - hospital district or authority"", ""EmergencyService"": ""yes"", ""Condition"": ""pneumonia"", ""MeasureCode"": ""pn-5c"", ""MeasureName"": ""pneumonia patients given initial antibiotic(s) within 6 hours after arrival"", ""Score"": ""92%"", ""Sample"": ""196 patients"", ""Stateavg"": ""al_pn-5c""}

{""ProviderNumber"": ""10001"", ""HospitalName"": ""southeast alabama medical center"", ""Address1"": ""1108 ross clark circle"", ""Address2"": ""empty"", ""Address3"": ""empty"", ""City"": ""dothan"", ""State"": ""al"", ""ZipCode"": ""36302"", ""CountyName"": ""houston"", ""PhoneNumber"": ""3347938701"", ""HospitalType"": ""acute care hospitals"", ""HospitalOwner"": ""government - hospital district or authority"", ""EmergencyService"": ""yes"", ""Condition"": ""heart attack"", ""MeasureCode"": ""ami-1"", ""MeasureName"": ""heart attack patients given aspirin at arrival"", ""Score"": ""98%"", ""Sample"": ""270 patients"", ""Stateavg"": ""al_ami-1""}

",,"{""EmergencyService"": ""yes""}","  {""EmergencyService"": ""yes""}"
12,"You are an expert in Cleaning Hospital Dataset. Given the dirty row Entity 1, you are required to correct the values of HospitalName in Entity 1.

Return in json format.

Output Format Example:

{""HospitalName"": """"}

Entity 1:

{""ProviderNumber"": ""10001"", ""HospitalName"": ""southeast alabama medxcal center"", ""Address1"": ""1108 ross clark circle"", ""Address2"": ""empty"", ""Address3"": ""empty"", ""City"": ""dothan"", ""State"": ""al"", ""ZipCode"": ""36302"", ""CountyName"": ""houston"", ""PhoneNumber"": ""3347938701"", ""HospitalType"": ""acute care hospitals"", ""HospitalOwner"": ""government - hospital district or authority"", ""EmergencyService"": ""yes"", ""Condition"": ""heart failure"", ""MeasureCode"": ""hf-1"", ""MeasureName"": ""heart failure patients given discharge instructions"", ""Score"": ""78%"", ""Sample"": ""455 patients"", ""Stateavg"": ""al_hf-1"", ""count"": 1}

Take these rows as reference:

{""ProviderNumber"": ""10001"", ""HospitalName"": ""southeast alabama medical center"", ""Address1"": ""1108 ross clark circle"", ""Address2"": ""empty"", ""Address3"": ""empty"", ""City"": ""dothan"", ""State"": ""al"", ""ZipCode"": ""36302"", ""CountyName"": ""houston"", ""PhoneNumber"": ""3347938701"", ""HospitalType"": ""acute care hospitals"", ""HospitalOwner"": ""government - hospital district or authority"", ""EmergencyService"": ""yes"", ""Condition"": ""heart attack"", ""MeasureCode"": ""ami-1"", ""MeasureName"": ""heart attack patients given aspirin at arrival"", ""Score"": ""98%"", ""Sample"": ""270 patients"", ""Stateavg"": ""al_ami-1""}

{""ProviderNumber"": ""10001"", ""HospitalName"": ""southeast alabama medical center"", ""Address1"": ""1108 ross clark circle"", ""Address2"": ""empty"", ""Address3"": ""empty"", ""City"": ""dothan"", ""State"": ""al"", ""ZipCode"": ""36302"", ""CountyName"": ""houston"", ""PhoneNumber"": ""3347938701"", ""HospitalType"": ""acute care hospitals"", ""HospitalOwner"": ""government - hospital district or authority"", ""EmergencyService"": ""yes"", ""Condition"": ""heart attack"", ""MeasureCode"": ""ami-1"", ""MeasureName"": ""heart attack patients given aspirin at arrival"", ""Score"": ""98%"", ""Sample"": ""270 patients"", ""Stateavg"": ""al_ami-1""}

",,"{""HospitalName"": ""southeast alabama medical center""}","  {""HospitalName"": ""southeast alabama medical center""}"
13,"You are an expert in Cleaning Hospital Dataset. Given the dirty row Entity 1, you are required to correct the values of HospitalOwner in Entity 1.

Return in json format.

Output Format Example:

{""HospitalOwner"": """"}

Entity 1:

{""ProviderNumber"": ""10001"", ""HospitalName"": ""southeast alabama medical center"", ""Address1"": ""1108 ross clark circle"", ""Address2"": ""empty"", ""Address3"": ""empty"", ""City"": ""dothan"", ""State"": ""al"", ""ZipCode"": ""36302"", ""CountyName"": ""houston"", ""PhoneNumber"": ""3347938701"", ""HospitalType"": ""acute care hospitals"", ""HospitalOwner"": ""government - hospital xistrict or authority"", ""EmergencyService"": ""yes"", ""Condition"": ""heart failure"", ""MeasureCode"": ""hf-2"", ""MeasureName"": ""heart failure patients given an evaluation of left ventricular systolic (lvs) function"", ""Score"": ""99%"", ""Sample"": ""514 patients"", ""Stateavg"": ""al_hf-2"", ""count"": 1}

Take these rows as reference:

{""ProviderNumber"": ""10001"", ""HospitalName"": ""southeast alabama medical center"", ""Address1"": ""1108 ross clark circle"", ""Address2"": ""empty"", ""Address3"": ""empty"", ""City"": ""dothan"", ""State"": ""al"", ""ZipCode"": ""36302"", ""CountyName"": ""houston"", ""PhoneNumber"": ""3347938701"", ""HospitalType"": ""acute care hospitals"", ""HospitalOwner"": ""government - hospxtal dxstrxct or authorxty"", ""EmergencyService"": ""yes"", ""Condition"": ""hearx axxack"", ""MeasureCode"": ""ami-4"", ""MeasureName"": ""heart attack patients given smoking cessation advice/counseling"", ""Score"": ""100%"", ""Sample"": ""244 patients"", ""Stateavg"": ""al_ami-4""}

{""ProviderNumber"": ""10001"", ""HospitalName"": ""southeast alabama medical center"", ""Address1"": ""1108 ross clark circle"", ""Address2"": ""empty"", ""Address3"": ""empty"", ""City"": ""dothan"", ""State"": ""al"", ""ZipCode"": ""36302"", ""CountyName"": ""houston"", ""PhoneNumber"": ""3347938701"", ""HospitalType"": ""acxte care hospitals"", ""HospitalOwner"": ""government - hospital district or authority"", ""EmergencyService"": ""yes"", ""Condition"": ""surgical infection prevention"", ""MeasureCode"": ""scip-inf-3"", ""MeasureName"": ""surgery patients whose preventive antibiotics were stopped at the right time (within 24 hours after surgery)"", ""Score"": ""88%"", ""Sample"": ""385 patients"", ""Stateavg"": ""al_scip-inf-3""}

",,"{""HospitalOwner"": ""government - hospital district or authority""}","  {""HospitalOwner"": ""government - hospital district or authority""}"
14,"You are an expert in Cleaning Hospital Dataset. Given the dirty row Entity 1, you are required to correct the values of HospitalOwner in Entity 1.

Return in json format.

Output Format Example:

{""HospitalOwner"": """"}

Entity 1:

{""ProviderNumber"": ""10001"", ""HospitalName"": ""southeast alabama medical center"", ""Address1"": ""1108 ross clark circle"", ""Address2"": ""empty"", ""Address3"": ""empty"", ""City"": ""dothan"", ""State"": ""al"", ""ZipCode"": ""36302"", ""CountyName"": ""houston"", ""PhoneNumber"": ""3347938701"", ""HospitalType"": ""acute care hospitals"", ""HospitalOwner"": ""governmenx - hospixal disxricx or auxhorixy"", ""EmergencyService"": ""yes"", ""Condition"": ""pneumonia"", ""MeasureCode"": ""pn-3b"", ""MeasureName"": ""pneumonia patients whose initial emergency room blood culture was performed prior to the administration of the first hospital dose of antibiotics"", ""Score"": ""89%"", ""Sample"": ""125 patients"", ""Stateavg"": ""al_pn-3b"", ""count"": 1}

Take these rows as reference:

{""ProviderNumber"": ""10001"", ""HospitalName"": ""southeast alabama medical center"", ""Address1"": ""1108 ross clark circle"", ""Address2"": ""empty"", ""Address3"": ""empty"", ""City"": ""dothan"", ""State"": ""al"", ""ZipCode"": ""36302"", ""CountyName"": ""houston"", ""PhoneNumber"": ""3347938701"", ""HospitalType"": ""acxte care hospitals"", ""HospitalOwner"": ""government - hospital district or authority"", ""EmergencyService"": ""yes"", ""Condition"": ""surgical infection prevention"", ""MeasureCode"": ""scip-inf-3"", ""MeasureName"": ""surgery patients whose preventive antibiotics were stopped at the right time (within 24 hours after surgery)"", ""Score"": ""88%"", ""Sample"": ""385 patients"", ""Stateavg"": ""al_scip-inf-3""}

{""ProviderNumber"": ""10001"", ""HospitalName"": ""southeast alabama medical center"", ""Address1"": ""1108 ross clark circle"", ""Address2"": ""empty"", ""Address3"": ""empty"", ""City"": ""dothan"", ""State"": ""al"", ""ZipCode"": ""36302"", ""CountyName"": ""houston"", ""PhoneNumber"": ""3347938701"", ""HospitalType"": ""acute care hospitals"", ""HospitalOwner"": ""government - hospital district or authority"", ""EmergencyService"": ""yes"", ""Condition"": ""pneumonia"", ""MeasureCode"": ""pn-6"", ""MeasureName"": ""pneumonia patients given the most appropriate initial antibiotic(s)"", ""Score"": ""80%"", ""Sample"": ""147 patients"", ""Stateavg"": ""al_pn-6""}

",,"{""HospitalOwner"": ""government - hospital district or authority""}","  {""HospitalOwner"": ""government - hospital district or authority""}"
15,"You are an expert in Cleaning Hospital Dataset. Given the dirty row Entity 1, you are required to correct the values of PhoneNumber in Entity 1.

Return in json format.

Output Format Example:

{""PhoneNumber"": """"}

Entity 1:

{""ProviderNumber"": ""10001"", ""HospitalName"": ""southeast alabama medical center"", ""Address1"": ""1108 ross clark circle"", ""Address2"": ""empty"", ""Address3"": ""empty"", ""City"": ""dothan"", ""State"": ""al"", ""ZipCode"": ""36302"", ""CountyName"": ""houston"", ""PhoneNumber"": ""xx479x8701"", ""HospitalType"": ""acute care hospitals"", ""HospitalOwner"": ""government - hospital district or authority"", ""EmergencyService"": ""yes"", ""Condition"": ""surgical infection prevention"", ""MeasureCode"": ""scip-card-2"", ""MeasureName"": ""surgery patients who were taking heart drugs called beta blockers before coming to the hospital who were kept on the beta blockers during the period just before and after their surgery"", ""Score"": ""72%"", ""Sample"": ""79 patients"", ""Stateavg"": ""al_scip-card-2"", ""count"": 1}

Take these rows as reference:

{""ProviderNumber"": ""10001"", ""HospitalName"": ""southeast alabama medical center"", ""Address1"": ""1108 ross clark circle"", ""Address2"": ""empty"", ""Address3"": ""empty"", ""City"": ""dothan"", ""State"": ""al"", ""ZipCode"": ""36302"", ""CountyName"": ""houston"", ""PhoneNumber"": ""3347938701"", ""HospitalType"": ""acute care hospitals"", ""HospitalOwner"": ""government - hospital district or authority"", ""EmergencyService"": ""yes"", ""Condition"": ""pneumonia"", ""MeasureCode"": ""pn-4"", ""MeasureName"": ""pneumonia patients given smoking cessation advice/counseling"", ""Score"": ""99%"", ""Sample"": ""107 patients"", ""Stateavg"": ""al_pn-4""}

{""ProviderNumber"": ""10001"", ""HospitalName"": ""southeast alabama medical center"", ""Address1"": ""1108 ross clark circle"", ""Address2"": ""empty"", ""Address3"": ""empty"", ""City"": ""dothan"", ""State"": ""al"", ""ZipCode"": ""36302"", ""CountyName"": ""houston"", ""PhoneNumber"": ""3347938701"", ""HospitalType"": ""acute care hospitals"", ""HospitalOwner"": ""government - hospital district or authority"", ""EmergencyService"": ""yes"", ""Condition"": ""pneumonia"", ""MeasureCode"": ""pn-6"", ""MeasureName"": ""pneumonia patients given the most appropriate initial antibiotic(s)"", ""Score"": ""80%"", ""Sample"": ""147 patients"", ""Stateavg"": ""al_pn-6""}

",,"{""PhoneNumber"": ""3347938701""}","  {""PhoneNumber"": ""3347938701""}"
16,"You are an expert in Cleaning Hospital Dataset. Given the dirty row Entity 1, you are required to correct the values of HospitalType in Entity 1.

Return in json format.

Output Format Example:

{""HospitalType"": """"}

Entity 1:

{""ProviderNumber"": ""10001"", ""HospitalName"": ""southeast alabama medical center"", ""Address1"": ""1108 ross clark circle"", ""Address2"": ""empty"", ""Address3"": ""empty"", ""City"": ""dothan"", ""State"": ""al"", ""ZipCode"": ""36302"", ""CountyName"": ""houston"", ""PhoneNumber"": ""3347938701"", ""HospitalType"": ""acxte care hospitals"", ""HospitalOwner"": ""government - hospital district or authority"", ""EmergencyService"": ""yes"", ""Condition"": ""surgical infection prevention"", ""MeasureCode"": ""scip-inf-3"", ""MeasureName"": ""surgery patients whose preventive antibiotics were stopped at the right time (within 24 hours after surgery)"", ""Score"": ""88%"", ""Sample"": ""385 patients"", ""Stateavg"": ""al_scip-inf-3"", ""count"": 1}

Take these rows as reference:

{""ProviderNumber"": ""10001"", ""HospitalName"": ""southeast alabama medical center"", ""Address1"": ""1108 ross clark circle"", ""Address2"": ""empty"", ""Address3"": ""empty"", ""City"": ""dothan"", ""State"": ""al"", ""ZipCode"": ""36302"", ""CountyName"": ""houston"", ""PhoneNumber"": ""3347938701"", ""HospitalType"": ""acute care hospitals"", ""HospitalOwner"": ""governmenx - hospixal disxricx or auxhorixy"", ""EmergencyService"": ""yes"", ""Condition"": ""pneumonia"", ""MeasureCode"": ""pn-3b"", ""MeasureName"": ""pneumonia patients whose initial emergency room blood culture was performed prior to the administration of the first hospital dose of antibiotics"", ""Score"": ""89%"", ""Sample"": ""125 patients"", ""Stateavg"": ""al_pn-3b""}

{""ProviderNumber"": ""10001"", ""HospitalName"": ""southeast alabama medical center"", ""Address1"": ""1108 ross clark circle"", ""Address2"": ""empty"", ""Address3"": ""empty"", ""City"": ""dothan"", ""State"": ""al"", ""ZipCode"": ""36302"", ""CountyName"": ""houston"", ""PhoneNumber"": ""334793870x"", ""HospitalType"": ""acute care hospitals"", ""HospitalOwner"": ""government - hospital district or authority"", ""EmergencyService"": ""yxs"", ""Condition"": ""heart attack"", ""MeasureCode"": ""ami-7a"", ""MeasureName"": ""heart attack patients given fibrinolytic medication within 30 minutes of arrival"", ""Score"": ""empty"", ""Sample"": ""0 patients"", ""Stateavg"": ""al_ami-7a""}

",,"{""HospitalType"": ""acute care hospitals""}","  {""HospitalType"": ""acute care hospitals""}"
17,"You are an expert in Cleaning Hospital Dataset. Given the dirty row Entity 1, you are required to correct the values of State in Entity 1.

Return in json format.

Output Format Example:

{""State"": """"}

Entity 1:

{""ProviderNumber"": ""10001"", ""HospitalName"": ""southeast alabama medical center"", ""Address1"": ""1108 ross clark circle"", ""Address2"": ""empty"", ""Address3"": ""empty"", ""City"": ""dothan"", ""State"": ""xl"", ""ZipCode"": ""36302"", ""CountyName"": ""houston"", ""PhoneNumber"": ""3347938701"", ""HospitalType"": ""acute care hospitals"", ""HospitalOwner"": ""gxvernment - hxspital district xr authxrity"", ""EmergencyService"": ""yes"", ""Condition"": ""surgical infection prevention"", ""MeasureCode"": ""scip-vte-1"", ""MeasureName"": ""surgery patients whose doctors ordered treatments to prevent blood clots after certain types of surgeries"", ""Score"": ""86%"", ""Sample"": ""185 patients"", ""Stateavg"": ""al_scip-vte-1"", ""count"": 2}

Take these rows as reference:

{""ProviderNumber"": ""10001"", ""HospitalName"": ""southeast alabama medical center"", ""Address1"": ""1108 ross clark circle"", ""Address2"": ""empty"", ""Address3"": ""empty"", ""City"": ""dothan"", ""State"": ""al"", ""ZipCode"": ""36302"", ""CountyName"": ""houston"", ""PhoneNumber"": ""3347938701"", ""HospitalType"": ""acute care hospitals"", ""HospitalOwner"": ""government - hospital district or authority"", ""EmergencyService"": ""yes"", ""Condition"": ""heart attack"", ""MeasureCode"": ""ami-1"", ""MeasureName"": ""heart attack patients given aspirin at arrival"", ""Score"": ""98%"", ""Sample"": ""270 patients"", ""Stateavg"": ""al_ami-1""}

{""ProviderNumber"": ""10001"", ""HospitalName"": ""southeast alabama medical center"", ""Address1"": ""1108 ross clark circle"", ""Address2"": ""empty"", ""Address3"": ""empty"", ""City"": ""dothan"", ""State"": ""al"", ""ZipCode"": ""36302"", ""CountyName"": ""houston"", ""PhoneNumber"": ""3347938701"", ""HospitalType"": ""acute care hospitals"", ""HospitalOwner"": ""government - hospital district or authority"", ""EmergencyService"": ""yes"", ""Condition"": ""heart failure"", ""MeasureCode"": ""hf-4"", ""MeasureName"": ""heart failure patients given smoking cessation advice/counseling"", ""Score"": ""100%"", ""Sample"": ""110 patients"", ""Stateavg"": ""al_hf-4""}

",,"{""State"": ""al""}","  {""State"": ""al""}"
18,"You are an expert in Cleaning Hospital Dataset. Given the dirty row Entity 1, you are required to correct the values of HospitalOwner in Entity 1.

Return in json format.

Output Format Example:

{""HospitalOwner"": """"}

Entity 1:

{""ProviderNumber"": ""10001"", ""HospitalName"": ""southeast alabama medical center"", ""Address1"": ""1108 ross clark circle"", ""Address2"": ""empty"", ""Address3"": ""empty"", ""City"": ""dothan"", ""State"": ""xl"", ""ZipCode"": ""36302"", ""CountyName"": ""houston"", ""PhoneNumber"": ""3347938701"", ""HospitalType"": ""acute care hospitals"", ""HospitalOwner"": ""gxvernment - hxspital district xr authxrity"", ""EmergencyService"": ""yes"", ""Condition"": ""surgical infection prevention"", ""MeasureCode"": ""scip-vte-1"", ""MeasureName"": ""surgery patients whose doctors ordered treatments to prevent blood clots after certain types of surgeries"", ""Score"": ""86%"", ""Sample"": ""185 patients"", ""Stateavg"": ""al_scip-vte-1"", ""count"": 2}

Take these rows as reference:

{""ProviderNumber"": ""10001"", ""HospitalName"": ""southeast alabama medical center"", ""Address1"": ""1108 ross clark circle"", ""Address2"": ""empty"", ""Address3"": ""empty"", ""City"": ""dothan"", ""State"": ""al"", ""ZipCode"": ""36302"", ""CountyName"": ""houston"", ""PhoneNumber"": ""3347938701"", ""HospitalType"": ""acute care hospitals"", ""HospitalOwner"": ""governmenx - hospixal disxricx or auxhorixy"", ""EmergencyService"": ""yes"", ""Condition"": ""pneumonia"", ""MeasureCode"": ""pn-3b"", ""MeasureName"": ""pneumonia patients whose initial emergency room blood culture was performed prior to the administration of the first hospital dose of antibiotics"", ""Score"": ""89%"", ""Sample"": ""125 patients"", ""Stateavg"": ""al_pn-3b""}

{""ProviderNumber"": ""10001"", ""HospitalName"": ""southeast alabama medical center"", ""Address1"": ""1108 ross clark circle"", ""Address2"": ""empty"", ""Address3"": ""empty"", ""City"": ""dothan"", ""State"": ""al"", ""ZipCode"": ""36302"", ""CountyName"": ""houston"", ""PhoneNumber"": ""3347938701"", ""HospitalType"": ""acute care hospitals"", ""HospitalOwner"": ""government - hospxtal dxstrxct or authorxty"", ""EmergencyService"": ""yes"", ""Condition"": ""hearx axxack"", ""MeasureCode"": ""ami-4"", ""MeasureName"": ""heart attack patients given smoking cessation advice/counseling"", ""Score"": ""100%"", ""Sample"": ""244 patients"", ""Stateavg"": ""al_ami-4""}

",,"{""HospitalOwner"": ""government - hospital district or authority""}","  {""HospitalOwner"": ""government - hospital district or authority""}"
19,"You are an expert in Cleaning Hospital Dataset. Given the dirty row Entity 1, you are required to correct the values of EmergencyService in Entity 1.

Return in json format.

Output Format Example:

{""EmergencyService"": """"}

Entity 1:

{""ProviderNumber"": ""10001"", ""HospitalName"": ""southeast alabama medical center"", ""Address1"": ""1108 ross clark circle"", ""Address2"": ""empty"", ""Address3"": ""empty"", ""City"": ""dothan"", ""State"": ""al"", ""ZipCode"": ""36302"", ""CountyName"": ""houston"", ""PhoneNumber"": ""3347938701"", ""HospitalType"": ""acute care hospitals"", ""HospitalOwner"": ""government - hospital district or authority"", ""EmergencyService"": ""yex"", ""Condition"": ""surgical infection prevention"", ""MeasureCode"": ""scip-vte-2"", ""MeasureName"": ""patients who got treatment  at the right time (within 24 hours before or after their surgery) to help prevent blood clots after certain types of surgery"", ""Score"": ""83%"", ""Sample"": ""184 patients"", ""Stateavg"": ""al_scip-vte-2"", ""count"": 1}

Take these rows as reference:

{""ProviderNumber"": ""10001"", ""HospitalName"": ""southeast alabama medical center"", ""Address1"": ""1108 ross clark circle"", ""Address2"": ""empty"", ""Address3"": ""empty"", ""City"": ""dothan"", ""State"": ""al"", ""ZipCode"": ""36302"", ""CountyName"": ""houston"", ""PhoneNumber"": ""xx479x8701"", ""HospitalType"": ""acute care hospitals"", ""HospitalOwner"": ""government - hospital district or authority"", ""EmergencyService"": ""yes"", ""Condition"": ""surgical infection prevention"", ""MeasureCode"": ""scip-card-2"", ""MeasureName"": ""surgery patients who were taking heart drugs called beta blockers before coming to the hospital who were kept on the beta blockers during the period just before and after their surgery"", ""Score"": ""72%"", ""Sample"": ""79 patients"", ""Stateavg"": ""al_scip-card-2""}

{""ProviderNumber"": ""10001"", ""HospitalName"": ""southeast alabama medical center"", ""Address1"": ""1108 ross clark circle"", ""Address2"": ""empty"", ""Address3"": ""empty"", ""City"": ""dothan"", ""State"": ""al"", ""ZipCode"": ""36302"", ""CountyName"": ""houston"", ""PhoneNumber"": ""3347938701"", ""HospitalType"": ""acute care hospitals"", ""HospitalOwner"": ""government - hospital district or authority"", ""EmergencyService"": ""yes"", ""Condition"": ""pneumonia"", ""MeasureCode"": ""pn-5c"", ""MeasureName"": ""pneumonia patients given initial antibiotic(s) within 6 hours after arrival"", ""Score"": ""92%"", ""Sample"": ""196 patients"", ""Stateavg"": ""al_pn-5c""}

",,"{""EmergencyService"": ""yes""}","  {""EmergencyService"": ""yes""}"
20,"You are an expert in Cleaning Hospital Dataset. Given the dirty row Entity 1, you are required to correct the values of ZipCode in Entity 1.

Return in json format.

Output Format Example:

{""ZipCode"": """"}

Entity 1:

{""ProviderNumber"": ""10005"", ""HospitalName"": ""marshall medical center south"", ""Address1"": ""2505 u s highway 431 north"", ""Address2"": ""empty"", ""Address3"": ""empty"", ""City"": ""boaz"", ""State"": ""al"", ""ZipCode"": ""x5957"", ""CountyName"": ""marshall"", ""PhoneNumber"": ""2565938310"", ""HospitalType"": ""acute care hospitals"", ""HospitalOwner"": ""government - hospital district or authority"", ""EmergencyService"": ""yes"", ""Condition"": ""heart attack"", ""MeasureCode"": ""ami-1"", ""MeasureName"": ""heart attack patients given aspirin at arrival"", ""Score"": ""80%"", ""Sample"": ""20 patients"", ""Stateavg"": ""al_ami-1"", ""count"": 1}

Take these rows as reference:

{""ProviderNumber"": ""10005"", ""HospitalName"": ""marshall medical center south"", ""Address1"": ""2505 u s highway 431 north"", ""Address2"": ""empty"", ""Address3"": ""empty"", ""City"": ""boaz"", ""State"": ""al"", ""ZipCode"": ""35957"", ""CountyName"": ""marshall"", ""PhoneNumber"": ""2565938310"", ""HospitalType"": ""acute care hospitals"", ""HospitalOwner"": ""government - hospital district or authority"", ""EmergencyService"": ""yxs"", ""Condition"": ""heart failure"", ""MeasureCode"": ""hf-1"", ""MeasureName"": ""heart failure patients given discharge instructions"", ""Score"": ""78%"", ""Sample"": ""110 patients"", ""Stateavg"": ""al_hf-1""}

{""ProviderNumber"": ""10005"", ""HospitalName"": ""marshall medical center south"", ""Address1"": ""2505 u s highway 431 north"", ""Address2"": ""empty"", ""Address3"": ""empty"", ""City"": ""boaz"", ""State"": ""al"", ""ZipCode"": ""35957"", ""CountyName"": ""marshall"", ""PhoneNumber"": ""2565x38310"", ""HospitalType"": ""acute care hospitals"", ""HospitalOwner"": ""government - hospital district or authority"", ""EmergencyService"": ""yes"", ""Condition"": ""surgical infection prevention"", ""MeasureCode"": ""scip-inf-4"", ""MeasureName"": ""all heart surgery patients whose blood sugar (blood glucose) is kept under good control in the days right after surgery"", ""Score"": ""empty"", ""Sample"": ""0 patients"", ""Stateavg"": ""al_scip-inf-4""}

",,"{""ZipCode"": ""35957""}","  {""ZipCode"": ""35957""}"
21,"You are an expert in Cleaning Hospital Dataset. Given the dirty row Entity 1, you are required to correct the values of ProviderNumber in Entity 1.

Return in json format.

Output Format Example:

{""ProviderNumber"": """"}

Entity 1:

{""ProviderNumber"": ""x0005"", ""HospitalName"": ""marshall medical center south"", ""Address1"": ""2505 u s highway 431 north"", ""Address2"": ""empty"", ""Address3"": ""empty"", ""City"": ""boaz"", ""State"": ""al"", ""ZipCode"": ""35957"", ""CountyName"": ""marshall"", ""PhoneNumber"": ""2565938310"", ""HospitalType"": ""acute care hospitals"", ""HospitalOwner"": ""government - hospital district or authority"", ""EmergencyService"": ""yes"", ""Condition"": ""heart attack"", ""MeasureCode"": ""ami-2"", ""MeasureName"": ""heart attack patients given aspirin at discharge"", ""Score"": ""60%"", ""Sample"": ""5 patients"", ""Stateavg"": ""al_ami-2"", ""count"": 1}

Take these rows as reference:

{""ProviderNumber"": ""10005"", ""HospitalName"": ""marshall medical center south"", ""Address1"": ""2505 u s highway 431 north"", ""Address2"": ""empty"", ""Address3"": ""empty"", ""City"": ""boaz"", ""State"": ""xl"", ""ZipCode"": ""35957"", ""CountyName"": ""marshall"", ""PhoneNumber"": ""2565938310"", ""HospitalType"": ""acute care hospitals"", ""HospitalOwner"": ""government - hospital district or authority"", ""EmergencyService"": ""yes"", ""Condition"": ""heart attack"", ""MeasureCode"": ""ami-3"", ""MeasureName"": ""heart attack patients given ace inhibitor or arb for left ventricular systolic dysfunction (lvsd)"", ""Score"": ""100%"", ""Sample"": ""2 patients"", ""Stateavg"": ""al_ami-3""}

{""ProviderNumber"": ""10005"", ""HospitalName"": ""marshall medical center south"", ""Address1"": ""2505 u s highway 431 north"", ""Address2"": ""empty"", ""Address3"": ""empty"", ""City"": ""boaz"", ""State"": ""al"", ""ZipCode"": ""35957"", ""CountyName"": ""marshall"", ""PhoneNumber"": ""2565938310"", ""HospitalType"": ""acute care hospitals"", ""HospitalOwner"": ""government - hospital district or authority"", ""EmergencyService"": ""yes"", ""Condition"": ""heart failure"", ""MeasureCode"": ""hf-2"", ""MeasureName"": ""heart failure patients given an evaluation of left ventricular systolic (lvs) function"", ""Score"": ""99%"", ""Sample"": ""160 patients"", ""Stateavg"": ""al_hf-2""}

",,"{""ProviderNumber"": ""10005""}","  {""ProviderNumber"": ""10005""}"
22,"You are an expert in Cleaning Hospital Dataset. Given the dirty row Entity 1, you are required to correct the values of State in Entity 1.

Return in json format.

Output Format Example:

{""State"": """"}

Entity 1:

{""ProviderNumber"": ""10005"", ""HospitalName"": ""marshall medical center south"", ""Address1"": ""2505 u s highway 431 north"", ""Address2"": ""empty"", ""Address3"": ""empty"", ""City"": ""boaz"", ""State"": ""xl"", ""ZipCode"": ""35957"", ""CountyName"": ""marshall"", ""PhoneNumber"": ""2565938310"", ""HospitalType"": ""acute care hospitals"", ""HospitalOwner"": ""government - hospital district or authority"", ""EmergencyService"": ""yes"", ""Condition"": ""heart attack"", ""MeasureCode"": ""ami-3"", ""MeasureName"": ""heart attack patients given ace inhibitor or arb for left ventricular systolic dysfunction (lvsd)"", ""Score"": ""100%"", ""Sample"": ""2 patients"", ""Stateavg"": ""al_ami-3"", ""count"": 1}

Take these rows as reference:

{""ProviderNumber"": ""10005"", ""HospitalName"": ""marshall medical center south"", ""Address1"": ""2505 u s highway 431 north"", ""Address2"": ""empty"", ""Address3"": ""empty"", ""City"": ""boaz"", ""State"": ""al"", ""ZipCode"": ""35957"", ""CountyName"": ""marshall"", ""PhoneNumber"": ""2565938310"", ""HospitalType"": ""acute care hospitals"", ""HospitalOwner"": ""government - hospital district or authority"", ""EmergencyService"": ""yxs"", ""Condition"": ""heart failure"", ""MeasureCode"": ""hf-1"", ""MeasureName"": ""heart failure patients given discharge instructions"", ""Score"": ""78%"", ""Sample"": ""110 patients"", ""Stateavg"": ""al_hf-1""}

{""ProviderNumber"": ""10005"", ""HospitalName"": ""marshall medical center south"", ""Address1"": ""2505xuxsxhighwayx431xnorth"", ""Address2"": ""empty"", ""Address3"": ""empty"", ""City"": ""boaz"", ""State"": ""al"", ""ZipCode"": ""35957"", ""CountyName"": ""marshall"", ""PhoneNumber"": ""2x6x938310"", ""HospitalType"": ""acute care hospitals"", ""HospitalOwner"": ""government - hospital district or authority"", ""EmergencyService"": ""yes"", ""Condition"": ""pneumonia"", ""MeasureCode"": ""pn-4"", ""MeasureName"": ""pneumonia patients given smoking cessation advice/counseling"", ""Score"": ""97%"", ""Sample"": ""98 patients"", ""Stateavg"": ""al_pn-4""}

",,"{""State"": ""al""}","  {""State"": ""al""}"
23,"You are an expert in Cleaning Hospital Dataset. Given the dirty row Entity 1, you are required to correct the values of State in Entity 1.

Return in json format.

Output Format Example:

{""State"": """"}

Entity 1:

{""ProviderNumber"": ""10005"", ""HospitalName"": ""marshall medical center south"", ""Address1"": ""2505 u s highway 431 north"", ""Address2"": ""empty"", ""Address3"": ""empty"", ""City"": ""boaz"", ""State"": ""xl"", ""ZipCode"": ""35957"", ""CountyName"": ""marshall"", ""PhoneNumber"": ""2565938310"", ""HospitalType"": ""acute care hospitals"", ""HospitalOwner"": ""government - hospital district or authority"", ""EmergencyService"": ""yes"", ""Condition"": ""heart attack"", ""MeasureCode"": ""ami-8a"", ""MeasureName"": ""heart attack patients given pci within 90 minutes of arrival"", ""Score"": ""empty"", ""Sample"": ""0 patients"", ""Stateavg"": ""al_ami-8a"", ""count"": 1}

Take these rows as reference:

{""ProviderNumber"": ""10005"", ""HospitalName"": ""marshall medical center south"", ""Address1"": ""2505 u s highway 431 north"", ""Address2"": ""empty"", ""Address3"": ""empty"", ""City"": ""boaz"", ""State"": ""al"", ""ZipCode"": ""35957"", ""CountyName"": ""marshall"", ""PhoneNumber"": ""2565938310"", ""HospitalType"": ""acute care hospitals"", ""HospitalOwner"": ""government - hospital district or authority"", ""EmergencyService"": ""yes"", ""Condition"": ""pneumonia"", ""MeasureCode"": ""pn-5c"", ""MeasureName"": ""pneumonia patients given initial antibiotic(s) within 6 hours after arrival"", ""Score"": ""96%"", ""Sample"": ""211 patients"", ""Stateavg"": ""al_pn-5c""}

{""ProviderNumber"": ""10005"", ""HospitalName"": ""marshall medical center south"", ""Address1"": ""2505xuxsxhighwayx431xnorth"", ""Address2"": ""empty"", ""Address3"": ""empty"", ""City"": ""boaz"", ""State"": ""al"", ""ZipCode"": ""35957"", ""CountyName"": ""marshall"", ""PhoneNumber"": ""2x6x938310"", ""HospitalType"": ""acute care hospitals"", ""HospitalOwner"": ""government - hospital district or authority"", ""EmergencyService"": ""yes"", ""Condition"": ""pneumonia"", ""MeasureCode"": ""pn-4"", ""MeasureName"": ""pneumonia patients given smoking cessation advice/counseling"", ""Score"": ""97%"", ""Sample"": ""98 patients"", ""Stateavg"": ""al_pn-4""}

",,"{""State"": ""al""}","  {""State"": ""al""}"
24,"You are an expert in Cleaning Hospital Dataset. Given the dirty row Entity 1, you are required to correct the values of EmergencyService in Entity 1.

Return in json format.

Output Format Example:

{""EmergencyService"": """"}

Entity 1:

{""ProviderNumber"": ""10005"", ""HospitalName"": ""marshall medical center south"", ""Address1"": ""2505 u s highway 431 north"", ""Address2"": ""empty"", ""Address3"": ""empty"", ""City"": ""boaz"", ""State"": ""al"", ""ZipCode"": ""35957"", ""CountyName"": ""marshall"", ""PhoneNumber"": ""2565938310"", ""HospitalType"": ""acute care hospitals"", ""HospitalOwner"": ""government - hospital district or authority"", ""EmergencyService"": ""yxs"", ""Condition"": ""heart failure"", ""MeasureCode"": ""hf-1"", ""MeasureName"": ""heart failure patients given discharge instructions"", ""Score"": ""78%"", ""Sample"": ""110 patients"", ""Stateavg"": ""al_hf-1"", ""count"": 1}

Take these rows as reference:

{""ProviderNumber"": ""10005"", ""HospitalName"": ""marshall medical center south"", ""Address1"": ""2505 u s highway 431 north"", ""Address2"": ""empty"", ""Address3"": ""empty"", ""City"": ""boaz"", ""State"": ""al"", ""ZipCode"": ""35957"", ""CountyName"": ""marshall"", ""PhoneNumber"": ""2565938310"", ""HospitalType"": ""acute care hospitals"", ""HospitalOwner"": ""government - hospital district or authority"", ""EmergencyService"": ""yes"", ""Condition"": ""heart failure"", ""MeasureCode"": ""hf-4"", ""MeasureName"": ""heart failure patients given smoking cessation advice/counseling"", ""Score"": ""94%"", ""Sample"": ""34 patients"", ""Stateavg"": ""al_hf-4""}

{""ProviderNumber"": ""10005"", ""HospitalName"": ""marshall medical center south"", ""Address1"": ""2505 u s highway 431 north"", ""Address2"": ""empty"", ""Address3"": ""empty"", ""City"": ""boaz"", ""State"": ""al"", ""ZipCode"": ""35957"", ""CountyName"": ""marshall"", ""PhoneNumber"": ""2565938310"", ""HospitalType"": ""acute care hospitals"", ""HospitalOwner"": ""government - hospital district or authority"", ""EmergencyService"": ""yes"", ""Condition"": ""heart attack"", ""MeasureCode"": ""ami-5"", ""MeasureName"": ""heart attack patients given beta blocker at discharge"", ""Score"": ""100%"", ""Sample"": ""5 patients"", ""Stateavg"": ""al_ami-5""}

",,"{""EmergencyService"": ""yes""}","  {""EmergencyService"": ""yes""}"
25,"You are an expert in Cleaning Hospital Dataset. Given the dirty row Entity 1, you are required to correct the values of Stateavg in Entity 1.

Return in json format.

Output Format Example:

{""Stateavg"": """"}

Entity 1:

{""ProviderNumber"": ""10005"", ""HospitalName"": ""marshall medical center south"", ""Address1"": ""2505 u s highway 431 north"", ""Address2"": ""empty"", ""Address3"": ""empty"", ""City"": ""boxz"", ""State"": ""al"", ""ZipCode"": ""35957"", ""CountyName"": ""marshall"", ""PhoneNumber"": ""2565938310"", ""HospitalType"": ""acute care hospitals"", ""HospitalOwner"": ""government - hospital district or authority"", ""EmergencyService"": ""yes"", ""Condition"": ""pneumonia"", ""MeasureCode"": ""pn-3b"", ""MeasureName"": ""pneumonia patients whose initial emergency room blood culture was performed prior to the administration of the first hospital dose of antibiotics"", ""Score"": ""97%"", ""Sample"": ""120 patients"", ""Stateavg"": ""al_pn-xb"", ""count"": 2}

Take these rows as reference:

{""ProviderNumber"": ""10005"", ""HospitalName"": ""marshall medical center south"", ""Address1"": ""2505 u s highway 431 north"", ""Address2"": ""empty"", ""Address3"": ""empty"", ""City"": ""boaz"", ""State"": ""al"", ""ZipCode"": ""35957"", ""CountyName"": ""marshall"", ""PhoneNumber"": ""2565938310"", ""HospitalType"": ""acute care hospitals"", ""HospitalOwner"": ""government - hospital district or authority"", ""EmergencyService"": ""yes"", ""Condition"": ""heart attack"", ""MeasureCode"": ""ami-5"", ""MeasureName"": ""heart attack patients given beta blocker at discharge"", ""Score"": ""100%"", ""Sample"": ""5 patients"", ""Stateavg"": ""al_ami-5""}

{""ProviderNumber"": ""10005"", ""HospitalName"": ""marshall medical center south"", ""Address1"": ""2505 u s highway 431 north"", ""Address2"": ""empty"", ""Address3"": ""empty"", ""City"": ""boaz"", ""State"": ""al"", ""ZipCode"": ""35957"", ""CountyName"": ""marshall"", ""PhoneNumber"": ""2565938310"", ""HospitalType"": ""acute care hospitals"", ""HospitalOwner"": ""government - hospital district or authority"", ""EmergencyService"": ""yxs"", ""Condition"": ""heart failure"", ""MeasureCode"": ""hf-1"", ""MeasureName"": ""heart failure patients given discharge instructions"", ""Score"": ""78%"", ""Sample"": ""110 patients"", ""Stateavg"": ""al_hf-1""}

",,"{""Stateavg"": ""al_pn-3b""}","  {""Stateavg"": ""al_pn-3b""}"
26,"You are an expert in Cleaning Hospital Dataset. Given the dirty row Entity 1, you are required to correct the values of Address1 in Entity 1.

Return in json format.

Output Format Example:

{""Address1"": """"}

Entity 1:

{""ProviderNumber"": ""10005"", ""HospitalName"": ""marshall medical center south"", ""Address1"": ""2505xuxsxhighwayx431xnorth"", ""Address2"": ""empty"", ""Address3"": ""empty"", ""City"": ""boaz"", ""State"": ""al"", ""ZipCode"": ""35957"", ""CountyName"": ""marshall"", ""PhoneNumber"": ""2x6x938310"", ""HospitalType"": ""acute care hospitals"", ""HospitalOwner"": ""government - hospital district or authority"", ""EmergencyService"": ""yes"", ""Condition"": ""pneumonia"", ""MeasureCode"": ""pn-4"", ""MeasureName"": ""pneumonia patients given smoking cessation advice/counseling"", ""Score"": ""97%"", ""Sample"": ""98 patients"", ""Stateavg"": ""al_pn-4"", ""count"": 2}

Take these rows as reference:

{""ProviderNumber"": ""10005"", ""HospitalName"": ""marshall medical center south"", ""Address1"": ""2505 u s highway 431 north"", ""Address2"": ""empty"", ""Address3"": ""empty"", ""City"": ""boaz"", ""State"": ""al"", ""ZipCode"": ""35957"", ""CountyName"": ""marshall"", ""PhoneNumber"": ""2x6x938310"", ""HospitalType"": ""acute care hospitals"", ""HospitalOwner"": ""government - hospital district or authority"", ""EmergencyService"": ""yes"", ""Condition"": ""pneumonia"", ""MeasureCode"": ""pn-7"", ""MeasureName"": ""pneumonia patients assessed and given influenza vaccination"", ""Score"": ""81%"", ""Sample"": ""118 patients"", ""Stateavg"": ""al_pn-7""}

{""ProviderNumber"": ""10005"", ""HospitalName"": ""marshall medical center south"", ""Address1"": ""2505 u s highway 431 north"", ""Address2"": ""empty"", ""Address3"": ""empty"", ""City"": ""boaz"", ""State"": ""al"", ""ZipCode"": ""3595x"", ""CountyName"": ""marshall"", ""PhoneNumber"": ""2565938310"", ""HospitalType"": ""acute care hospitals"", ""HospitalOwner"": ""government - hospital district or authority"", ""EmergencyService"": ""yes"", ""Condition"": ""surgical infection prevention"", ""MeasureCode"": ""scip-inf-2"", ""MeasureName"": ""surgery patients who were given the  right kind  of antibiotic to help prevent infection"", ""Score"": ""93%"", ""Sample"": ""167 patients"", ""Stateavg"": ""al_scip-inf-2""}

",,"{""Address1"": ""2505 u s highway 431 north""}","  {""Address1"": ""2505 u s highway 431 north""}"
27,"You are an expert in Cleaning Hospital Dataset. Given the dirty row Entity 1, you are required to correct the values of PhoneNumber in Entity 1.

Return in json format.

Output Format Example:

{""PhoneNumber"": """"}

Entity 1:

{""ProviderNumber"": ""10005"", ""HospitalName"": ""marshall medical center south"", ""Address1"": ""2505xuxsxhighwayx431xnorth"", ""Address2"": ""empty"", ""Address3"": ""empty"", ""City"": ""boaz"", ""State"": ""al"", ""ZipCode"": ""35957"", ""CountyName"": ""marshall"", ""PhoneNumber"": ""2x6x938310"", ""HospitalType"": ""acute care hospitals"", ""HospitalOwner"": ""government - hospital district or authority"", ""EmergencyService"": ""yes"", ""Condition"": ""pneumonia"", ""MeasureCode"": ""pn-4"", ""MeasureName"": ""pneumonia patients given smoking cessation advice/counseling"", ""Score"": ""97%"", ""Sample"": ""98 patients"", ""Stateavg"": ""al_pn-4"", ""count"": 2}

Take these rows as reference:

{""ProviderNumber"": ""10005"", ""HospitalName"": ""marshall medical center south"", ""Address1"": ""2505 u s highway 431 north"", ""Address2"": ""empty"", ""Address3"": ""empty"", ""City"": ""boaz"", ""State"": ""al"", ""ZipCode"": ""35957"", ""CountyName"": ""marshall"", ""PhoneNumber"": ""2565938310"", ""HospitalType"": ""acute care hospitals"", ""HospitalOwner"": ""government - hospital district or authority"", ""EmergencyService"": ""yes"", ""Condition"": ""heart failure"", ""MeasureCode"": ""hf-2"", ""MeasureName"": ""heart failure patients given an evaluation of left ventricular systolic (lvs) function"", ""Score"": ""99%"", ""Sample"": ""160 patients"", ""Stateavg"": ""al_hf-2""}

{""ProviderNumber"": ""10005"", ""HospitalName"": ""marshall medical center south"", ""Address1"": ""2505 u s highway 431 north"", ""Address2"": ""empty"", ""Address3"": ""empty"", ""City"": ""boaz"", ""State"": ""al"", ""ZipCode"": ""35957"", ""CountyName"": ""mxrshxll"", ""PhoneNumber"": ""2565938310"", ""HospitalType"": ""acute care hospitals"", ""HospitalOwner"": ""government - hospital district or authority"", ""EmergencyService"": ""yes"", ""Condition"": ""surgical infection prevention"", ""MeasureCode"": ""scip-vte-1"", ""MeasureName"": ""surgery patients whose doctors ordered treatments to prevent blood clots after certain types of surgeries"", ""Score"": ""78%"", ""Sample"": ""76 patients"", ""Stateavg"": ""al_scip-vte-1""}

",,"{""PhoneNumber"": ""2565938310""}","  {""PhoneNumber"": ""2565938310""}"
28,"You are an expert in Cleaning Hospital Dataset. Given the dirty row Entity 1, you are required to correct the values of PhoneNumber in Entity 1.

Return in json format.

Output Format Example:

{""PhoneNumber"": """"}

Entity 1:

{""ProviderNumber"": ""10005"", ""HospitalName"": ""marshall medical center south"", ""Address1"": ""2505 u s highway 431 north"", ""Address2"": ""empty"", ""Address3"": ""empty"", ""City"": ""boaz"", ""State"": ""al"", ""ZipCode"": ""35957"", ""CountyName"": ""marshall"", ""PhoneNumber"": ""2x6x938310"", ""HospitalType"": ""acute care hospitals"", ""HospitalOwner"": ""government - hospital district or authority"", ""EmergencyService"": ""yes"", ""Condition"": ""pneumonia"", ""MeasureCode"": ""pn-7"", ""MeasureName"": ""pneumonia patients assessed and given influenza vaccination"", ""Score"": ""81%"", ""Sample"": ""118 patients"", ""Stateavg"": ""al_pn-7"", ""count"": 1}

Take these rows as reference:

{""ProviderNumber"": ""10005"", ""HospitalName"": ""marshall medical center south"", ""Address1"": ""2505 u s highway 431 north"", ""Address2"": ""empty"", ""Address3"": ""empty"", ""City"": ""boaz"", ""State"": ""al"", ""ZipCode"": ""35957"", ""CountyName"": ""marshall"", ""PhoneNumber"": ""2565938310"", ""HospitalType"": ""acute care hospitals"", ""HospitalOwner"": ""government - hospital district or authority"", ""EmergencyService"": ""yes"", ""Condition"": ""heart attack"", ""MeasureCode"": ""ami-4"", ""MeasureName"": ""heart attack patients given smoking cessation advice/counseling"", ""Score"": ""empty"", ""Sample"": ""0 patients"", ""Stateavg"": ""al_ami-4""}

{""ProviderNumber"": ""10005"", ""HospitalName"": ""marshall medical center south"", ""Address1"": ""2505 u s highway 431 north"", ""Address2"": ""empty"", ""Address3"": ""empty"", ""City"": ""boaz"", ""State"": ""al"", ""ZipCode"": ""3595x"", ""CountyName"": ""marshall"", ""PhoneNumber"": ""2565938310"", ""HospitalType"": ""acute care hospitals"", ""HospitalOwner"": ""government - hospital district or authority"", ""EmergencyService"": ""yes"", ""Condition"": ""surgical infection prevention"", ""MeasureCode"": ""scip-inf-2"", ""MeasureName"": ""surgery patients who were given the  right kind  of antibiotic to help prevent infection"", ""Score"": ""93%"", ""Sample"": ""167 patients"", ""Stateavg"": ""al_scip-inf-2""}

",,"{""PhoneNumber"": ""2565938310""}","  {""PhoneNumber"": ""2565938310""}"
29,"You are an expert in Cleaning Hospital Dataset. Given the dirty row Entity 1, you are required to correct the values of ZipCode in Entity 1.

Return in json format.

Output Format Example:

{""ZipCode"": """"}

Entity 1:

{""ProviderNumber"": ""10005"", ""HospitalName"": ""marshall medical center south"", ""Address1"": ""2505 u s highway 431 north"", ""Address2"": ""empty"", ""Address3"": ""empty"", ""City"": ""boaz"", ""State"": ""al"", ""ZipCode"": ""3595x"", ""CountyName"": ""marshall"", ""PhoneNumber"": ""2565938310"", ""HospitalType"": ""acute care hospitals"", ""HospitalOwner"": ""government - hospital district or authority"", ""EmergencyService"": ""yes"", ""Condition"": ""surgical infection prevention"", ""MeasureCode"": ""scip-inf-2"", ""MeasureName"": ""surgery patients who were given the  right kind  of antibiotic to help prevent infection"", ""Score"": ""93%"", ""Sample"": ""167 patients"", ""Stateavg"": ""al_scip-inf-2"", ""count"": 1}

Take these rows as reference:

{""ProviderNumber"": ""10005"", ""HospitalName"": ""marshall medical center south"", ""Address1"": ""2505 u s highway 431 north"", ""Address2"": ""empty"", ""Address3"": ""empty"", ""City"": ""boaz"", ""State"": ""al"", ""ZipCode"": ""35957"", ""CountyName"": ""marshall"", ""PhoneNumber"": ""2565938310"", ""HospitalType"": ""acute care hospitals"", ""HospitalOwner"": ""government - hospital district or authority"", ""EmergencyService"": ""yes"", ""Condition"": ""heart failure"", ""MeasureCode"": ""hf-3"", ""MeasureName"": ""heart failure patients given ace inhibitor or arb for left ventricular systolic dysfunction (lvsd)"", ""Score"": ""90%"", ""Sample"": ""69 patients"", ""Stateavg"": ""al_hf-3""}

{""ProviderNumber"": ""10005"", ""HospitalName"": ""marshall medical center south"", ""Address1"": ""2505 u s highway 431 north"", ""Address2"": ""empty"", ""Address3"": ""empty"", ""City"": ""boaz"", ""State"": ""al"", ""ZipCode"": ""35957"", ""CountyName"": ""marshall"", ""PhoneNumber"": ""2x6x938310"", ""HospitalType"": ""acute care hospitals"", ""HospitalOwner"": ""government - hospital district or authority"", ""EmergencyService"": ""yes"", ""Condition"": ""pneumonia"", ""MeasureCode"": ""pn-7"", ""MeasureName"": ""pneumonia patients assessed and given influenza vaccination"", ""Score"": ""81%"", ""Sample"": ""118 patients"", ""Stateavg"": ""al_pn-7""}

",,"{""ZipCode"": ""35957""}","  {""ZipCode"": ""35957""}"
30,"You are an expert in Cleaning Hospital Dataset. Given the dirty row Entity 1, you are required to correct the values of PhoneNumber in Entity 1.

Return in json format.

Output Format Example:

{""PhoneNumber"": """"}

Entity 1:

{""ProviderNumber"": ""10005"", ""HospitalName"": ""marshall medical center south"", ""Address1"": ""2505 u s highway 431 north"", ""Address2"": ""empty"", ""Address3"": ""empty"", ""City"": ""boaz"", ""State"": ""al"", ""ZipCode"": ""35957"", ""CountyName"": ""marshall"", ""PhoneNumber"": ""2565x38310"", ""HospitalType"": ""acute care hospitals"", ""HospitalOwner"": ""government - hospital district or authority"", ""EmergencyService"": ""yes"", ""Condition"": ""surgical infection prevention"", ""MeasureCode"": ""scip-inf-4"", ""MeasureName"": ""all heart surgery patients whose blood sugar (blood glucose) is kept under good control in the days right after surgery"", ""Score"": ""empty"", ""Sample"": ""0 patients"", ""Stateavg"": ""al_scip-inf-4"", ""count"": 1}

Take these rows as reference:

{""ProviderNumber"": ""10005"", ""HospitalName"": ""marshall medical center south"", ""Address1"": ""2505 u s highway 431 north"", ""Address2"": ""empty"", ""Address3"": ""empty"", ""City"": ""boaz"", ""State"": ""xl"", ""ZipCode"": ""35957"", ""CountyName"": ""marshall"", ""PhoneNumber"": ""2565938310"", ""HospitalType"": ""acute care hospitals"", ""HospitalOwner"": ""government - hospital district or authority"", ""EmergencyService"": ""yes"", ""Condition"": ""heart attack"", ""MeasureCode"": ""ami-3"", ""MeasureName"": ""heart attack patients given ace inhibitor or arb for left ventricular systolic dysfunction (lvsd)"", ""Score"": ""100%"", ""Sample"": ""2 patients"", ""Stateavg"": ""al_ami-3""}

{""ProviderNumber"": ""10005"", ""HospitalName"": ""marshall medical center south"", ""Address1"": ""2505 u s highway 431 north"", ""Address2"": ""empty"", ""Address3"": ""empty"", ""City"": ""boaz"", ""State"": ""al"", ""ZipCode"": ""35957"", ""CountyName"": ""marshall"", ""PhoneNumber"": ""2x6x938310"", ""HospitalType"": ""acute care hospitals"", ""HospitalOwner"": ""government - hospital district or authority"", ""EmergencyService"": ""yes"", ""Condition"": ""pneumonia"", ""MeasureCode"": ""pn-7"", ""MeasureName"": ""pneumonia patients assessed and given influenza vaccination"", ""Score"": ""81%"", ""Sample"": ""118 patients"", ""Stateavg"": ""al_pn-7""}

",,"{""PhoneNumber"": ""2565938310""}","  {""PhoneNumber"": ""2565938310""}"
31,"You are an expert in Cleaning Hospital Dataset. Given the dirty row Entity 1, you are required to correct the values of CountyName in Entity 1.

Return in json format.

Output Format Example:

{""CountyName"": """"}

Entity 1:

{""ProviderNumber"": ""10005"", ""HospitalName"": ""marshall medical center south"", ""Address1"": ""2505 u s highway 431 north"", ""Address2"": ""empty"", ""Address3"": ""empty"", ""City"": ""boaz"", ""State"": ""al"", ""ZipCode"": ""35957"", ""CountyName"": ""mxrshxll"", ""PhoneNumber"": ""2565938310"", ""HospitalType"": ""acute care hospitals"", ""HospitalOwner"": ""government - hospital district or authority"", ""EmergencyService"": ""yes"", ""Condition"": ""surgical infection prevention"", ""MeasureCode"": ""scip-vte-1"", ""MeasureName"": ""surgery patients whose doctors ordered treatments to prevent blood clots after certain types of surgeries"", ""Score"": ""78%"", ""Sample"": ""76 patients"", ""Stateavg"": ""al_scip-vte-1"", ""count"": 1}

Take these rows as reference:

{""ProviderNumber"": ""10005"", ""HospitalName"": ""marshall medical center south"", ""Address1"": ""2505 u s highway 431 north"", ""Address2"": ""empty"", ""Address3"": ""empty"", ""City"": ""boaz"", ""State"": ""xl"", ""ZipCode"": ""35957"", ""CountyName"": ""marshall"", ""PhoneNumber"": ""2565938310"", ""HospitalType"": ""acute care hospitals"", ""HospitalOwner"": ""government - hospital district or authority"", ""EmergencyService"": ""yes"", ""Condition"": ""heart attack"", ""MeasureCode"": ""ami-3"", ""MeasureName"": ""heart attack patients given ace inhibitor or arb for left ventricular systolic dysfunction (lvsd)"", ""Score"": ""100%"", ""Sample"": ""2 patients"", ""Stateavg"": ""al_ami-3""}

{""ProviderNumber"": ""10005"", ""HospitalName"": ""marshall medical center south"", ""Address1"": ""2505 u s highway 431 north"", ""Address2"": ""empty"", ""Address3"": ""empty"", ""City"": ""boaz"", ""State"": ""al"", ""ZipCode"": ""35957"", ""CountyName"": ""marshall"", ""PhoneNumber"": ""2565938310"", ""HospitalType"": ""acute care hospitals"", ""HospitalOwner"": ""government - hospital district or authority"", ""EmergencyService"": ""yes"", ""Condition"": ""heart failure"", ""MeasureCode"": ""hf-4"", ""MeasureName"": ""heart failure patients given smoking cessation advice/counseling"", ""Score"": ""94%"", ""Sample"": ""34 patients"", ""Stateavg"": ""al_hf-4""}

",,"{""CountyName"": ""marshall""}","  {""CountyName"": ""marshall""}"
32,"You are an expert in Cleaning Hospital Dataset. Given the dirty row Entity 1, you are required to correct the values of Stateavg in Entity 1.

Return in json format.

Output Format Example:

{""Stateavg"": """"}

Entity 1:

{""ProviderNumber"": ""10006"", ""HospitalName"": ""eliza coffee memorial hospital"", ""Address1"": ""205 marengo street"", ""Address2"": ""empty"", ""Address3"": ""empty"", ""City"": ""florence"", ""State"": ""al"", ""ZipCode"": ""35631"", ""CountyName"": ""lauderdale"", ""PhoneNumber"": ""2567688400"", ""HospitalType"": ""acute care hospitals"", ""HospitalOwner"": ""voluntary non-profit - other"", ""EmergencyService"": ""yes"", ""Condition"": ""heart attack"", ""MeasureCode"": ""ami-1"", ""MeasureName"": ""heart attack patients given aspirin at arrival"", ""Score"": ""97%"", ""Sample"": ""159 patients"", ""Stateavg"": ""al_amx-1"", ""count"": 1}

Take these rows as reference:

{""ProviderNumber"": ""10006"", ""HospitalName"": ""eliza coffee memorial hospital"", ""Address1"": ""205 marengo street"", ""Address2"": ""empty"", ""Address3"": ""empty"", ""City"": ""florence"", ""State"": ""al"", ""ZipCode"": ""35631"", ""CountyName"": ""lauderdale"", ""PhoneNumber"": ""2567688400"", ""HospitalType"": ""acute care hospitals"", ""HospitalOwner"": ""voluntary non-profit - other"", ""EmergencyService"": ""yes"", ""Condition"": ""heart attack"", ""MeasureCode"": ""ami-8a"", ""MeasureName"": ""heart attack patients given pci within 90 minutes of arrival"", ""Score"": ""98%"", ""Sample"": ""61 patients"", ""Stateavg"": ""al_ami-8a""}

{""ProviderNumber"": ""10006"", ""HospitalName"": ""eliza coffee memorial hospital"", ""Address1"": ""205 marengo street"", ""Address2"": ""empty"", ""Address3"": ""empty"", ""City"": ""florence"", ""State"": ""al"", ""ZipCode"": ""35631"", ""CountyName"": ""lauderdale"", ""PhoneNumber"": ""2567688400"", ""HospitalType"": ""acute care hospitals"", ""HospitalOwner"": ""voluntary non-profit - other"", ""EmergencyService"": ""yes"", ""Condition"": ""surgical infection prevention"", ""MeasureCode"": ""scip-inf-3"", ""MeasureName"": ""surgery patients whose preventive antibiotics were stopped at the right time (within 24 hours after surgery)"", ""Score"": ""94%"", ""Sample"": ""439 patients"", ""Stateavg"": ""al_scip-inf-3""}

",,"{""Stateavg"": ""al_ami-1""}","  {""Stateavg"": ""al_ami-1""}"
33,"You are an expert in Cleaning Hospital Dataset. Given the dirty row Entity 1, you are required to correct the values of ZipCode in Entity 1.

Return in json format.

Output Format Example:

{""ZipCode"": """"}

Entity 1:

{""ProviderNumber"": ""10006"", ""HospitalName"": ""eliza coffee memorial hospital"", ""Address1"": ""205 marengo street"", ""Address2"": ""empty"", ""Address3"": ""empty"", ""City"": ""florence"", ""State"": ""al"", ""ZipCode"": ""3563x"", ""CountyName"": ""lauderdale"", ""PhoneNumber"": ""2567688400"", ""HospitalType"": ""acute care hospitals"", ""HospitalOwner"": ""voluntary non-profit - other"", ""EmergencyService"": ""yes"", ""Condition"": ""heart attack"", ""MeasureCode"": ""ami-2"", ""MeasureName"": ""heart attack patients given aspirin at discharge"", ""Score"": ""96%"", ""Sample"": ""247 patients"", ""Stateavg"": ""al_ami-2"", ""count"": 1}

Take these rows as reference:

{""ProviderNumber"": ""10006"", ""HospitalName"": ""eliza coffee memorial hospital"", ""Address1"": ""205 marengo street"", ""Address2"": ""empty"", ""Address3"": ""empty"", ""City"": ""florence"", ""State"": ""al"", ""ZipCode"": ""35631"", ""CountyName"": ""laudexdale"", ""PhoneNumber"": ""2567688400"", ""HospitalType"": ""acute care hospitals"", ""HospitalOwner"": ""voluntary non-profit - other"", ""EmergencyService"": ""yes"", ""Condition"": ""heart failure"", ""MeasureCode"": ""hf-2"", ""MeasureName"": ""heart failure patients given an evaluation of left ventricular systolic (lvs) function"", ""Score"": ""97%"", ""Sample"": ""259 patients"", ""Stateavg"": ""al_hf-2""}

{""ProviderNumber"": ""10006"", ""HospitalName"": ""eliza coffee memorial hospital"", ""Address1"": ""205 marengo street"", ""Address2"": ""empty"", ""Address3"": ""empty"", ""City"": ""fxorence"", ""State"": ""al"", ""ZipCode"": ""35631"", ""CountyName"": ""lauderdale"", ""PhoneNumber"": ""2567688400"", ""HospitalType"": ""acute care hospitals"", ""HospitalOwner"": ""voluntary non-profit - other"", ""EmergencyService"": ""yes"", ""Condition"": ""heart failure"", ""MeasureCode"": ""hf-4"", ""MeasureName"": ""heart failure patients given smoking cessation advice/counseling"", ""Score"": ""100%"", ""Sample"": ""53 patients"", ""Stateavg"": ""al_hf-4""}

",,"{""ZipCode"": ""35631""}","  {""ZipCode"": ""35631""}"
34,"You are an expert in Cleaning Hospital Dataset. Given the dirty row Entity 1, you are required to correct the values of CountyName in Entity 1.

Return in json format.

Output Format Example:

{""CountyName"": """"}

Entity 1:

{""ProviderNumber"": ""10006"", ""HospitalName"": ""eliza coffee memorial hospital"", ""Address1"": ""205 marengo street"", ""Address2"": ""empty"", ""Address3"": ""empty"", ""City"": ""florence"", ""State"": ""al"", ""ZipCode"": ""35631"", ""CountyName"": ""laudxrdalx"", ""PhoneNumber"": ""2567688400"", ""HospitalType"": ""acute care hospitals"", ""HospitalOwner"": ""voluntary non-profit - other"", ""EmergencyService"": ""yes"", ""Condition"": ""heart attack"", ""MeasureCode"": ""ami-4"", ""MeasureName"": ""heart attack patients given smoking cessation advice/counseling"", ""Score"": ""100%"", ""Sample"": ""103 patients"", ""Stateavg"": ""al_ami-4"", ""count"": 1}

Take these rows as reference:

{""ProviderNumber"": ""10006"", ""HospitalName"": ""eliza coffee memorial hospital"", ""Address1"": ""205 marengo street"", ""Address2"": ""empty"", ""Address3"": ""empty"", ""City"": ""florence"", ""State"": ""al"", ""ZipCode"": ""35631"", ""CountyName"": ""lauderdale"", ""PhoneNumber"": ""2567688400"", ""HospitalType"": ""acute care hospitals"", ""HospitalOwner"": ""voluntary non-profit - other"", ""EmergencyService"": ""yes"", ""Condition"": ""heart attack"", ""MeasureCode"": ""ami-8a"", ""MeasureName"": ""heart attack patients given pci within 90 minutes of arrival"", ""Score"": ""98%"", ""Sample"": ""61 patients"", ""Stateavg"": ""al_ami-8a""}

{""ProviderNumber"": ""10006"", ""HospitalName"": ""eliza coffee memorial hospital"", ""Address1"": ""205 marengo street"", ""Address2"": ""empty"", ""Address3"": ""empty"", ""City"": ""florence"", ""State"": ""al"", ""ZipCode"": ""35631"", ""CountyName"": ""laudexdale"", ""PhoneNumber"": ""2567688400"", ""HospitalType"": ""acute care hospitals"", ""HospitalOwner"": ""voluntary non-profit - other"", ""EmergencyService"": ""yes"", ""Condition"": ""heart failure"", ""MeasureCode"": ""hf-2"", ""MeasureName"": ""heart failure patients given an evaluation of left ventricular systolic (lvs) function"", ""Score"": ""97%"", ""Sample"": ""259 patients"", ""Stateavg"": ""al_hf-2""}

",,"{""CountyName"": ""lauderdale""}","  {""CountyName"": ""laudexdale""}"
35,"You are an expert in Cleaning Hospital Dataset. Given the dirty row Entity 1, you are required to correct the values of Condition in Entity 1.

Return in json format.

Output Format Example:

{""Condition"": """"}

Entity 1:

{""ProviderNumber"": ""10006"", ""HospitalName"": ""eliza coffee memorial hospital"", ""Address1"": ""205 marengo street"", ""Address2"": ""empty"", ""Address3"": ""empty"", ""City"": ""florence"", ""State"": ""al"", ""ZipCode"": ""35631"", ""CountyName"": ""lauderdale"", ""PhoneNumber"": ""2567688400"", ""HospitalType"": ""acute care hospitals"", ""HospitalOwner"": ""voluntary non-profit - other"", ""EmergencyService"": ""yes"", ""Condition"": ""hearx axxack"", ""MeasureCode"": ""ami-5"", ""MeasureName"": ""heart attack patients given beta blocker at discharge"", ""Score"": ""96%"", ""Sample"": ""227 patients"", ""Stateavg"": ""al_ami-5"", ""count"": 1}

Take these rows as reference:

{""ProviderNumber"": ""10006"", ""HospitalName"": ""eliza coffee memorial hospital"", ""Address1"": ""205 marengo street"", ""Address2"": ""empty"", ""Address3"": ""empty"", ""City"": ""florence"", ""State"": ""al"", ""ZipCode"": ""3563x"", ""CountyName"": ""lauderdale"", ""PhoneNumber"": ""2567688400"", ""HospitalType"": ""acute care hospitals"", ""HospitalOwner"": ""voluntary non-profit - other"", ""EmergencyService"": ""yes"", ""Condition"": ""heart attack"", ""MeasureCode"": ""ami-2"", ""MeasureName"": ""heart attack patients given aspirin at discharge"", ""Score"": ""96%"", ""Sample"": ""247 patients"", ""Stateavg"": ""al_ami-2""}

{""ProviderNumber"": ""10006"", ""HospitalName"": ""eliza coffee memorial hospital"", ""Address1"": ""205 marengo street"", ""Address2"": ""empty"", ""Address3"": ""empty"", ""City"": ""florence"", ""State"": ""al"", ""ZipCode"": ""35631"", ""CountyName"": ""lauderdale"", ""PhoneNumber"": ""2567688400"", ""HospitalType"": ""acute care hospitals"", ""HospitalOwner"": ""voluntary non-profit - other"", ""EmergencyService"": ""yes"", ""Condition"": ""pneumonia"", ""MeasureCode"": ""pn-6"", ""MeasureName"": ""pneumonia patients given the most appropriate initial antibiotic(s)"", ""Score"": ""91%"", ""Sample"": ""138 patients"", ""Stateavg"": ""al_pn-6""}

",,"{""Condition"": ""heart attack""}","  {""Condition"": ""heart attack""}"
36,"You are an expert in Cleaning Hospital Dataset. Given the dirty row Entity 1, you are required to correct the values of CountyName in Entity 1.

Return in json format.

Output Format Example:

{""CountyName"": """"}

Entity 1:

{""ProviderNumber"": ""10006"", ""HospitalName"": ""eliza coffee memorial hospital"", ""Address1"": ""205 marengo street"", ""Address2"": ""empty"", ""Address3"": ""empty"", ""City"": ""florence"", ""State"": ""al"", ""ZipCode"": ""35631"", ""CountyName"": ""laudexdale"", ""PhoneNumber"": ""2567688400"", ""HospitalType"": ""acute care hospitals"", ""HospitalOwner"": ""voluntary non-profit - other"", ""EmergencyService"": ""yes"", ""Condition"": ""heart failure"", ""MeasureCode"": ""hf-2"", ""MeasureName"": ""heart failure patients given an evaluation of left ventricular systolic (lvs) function"", ""Score"": ""97%"", ""Sample"": ""259 patients"", ""Stateavg"": ""al_hf-2"", ""count"": 1}

Take these rows as reference:

{""ProviderNumber"": ""10006"", ""HospitalName"": ""eliza coffee memorial hospital"", ""Address1"": ""205 marengo street"", ""Address2"": ""empty"", ""Address3"": ""empty"", ""City"": ""florence"", ""State"": ""al"", ""ZipCode"": ""35631"", ""CountyName"": ""lauderdale"", ""PhoneNumber"": ""2567688400"", ""HospitalType"": ""acute care hospitals"", ""HospitalOwner"": ""voluntary non-profit - other"", ""EmergencyService"": ""yes"", ""Condition"": ""pneumonia"", ""MeasureCode"": ""pn-6"", ""MeasureName"": ""pneumonia patients given the most appropriate initial antibiotic(s)"", ""Score"": ""91%"", ""Sample"": ""138 patients"", ""Stateavg"": ""al_pn-6""}

{""ProviderNumber"": ""10006"", ""HospitalName"": ""eliza coffee memorial hospital"", ""Address1"": ""205 marengo street"", ""Address2"": ""empty"", ""Address3"": ""empty"", ""City"": ""florence"", ""State"": ""al"", ""ZipCode"": ""35631"", ""CountyName"": ""laudexdale"", ""PhoneNumber"": ""2567688400"", ""HospitalType"": ""acute care hospitals"", ""HospitalOwner"": ""voluntary non-profit - other"", ""EmergencyService"": ""yes"", ""Condition"": ""heart failure"", ""MeasureCode"": ""hf-2"", ""MeasureName"": ""heart failure patients given an evaluation of left ventricular systolic (lvs) function"", ""Score"": ""97%"", ""Sample"": ""259 patients"", ""Stateavg"": ""al_hf-2""}

",,"{""CountyName"": ""lauderdale""}","  {""CountyName"": ""laudexdale""}"
37,"You are an expert in Cleaning Hospital Dataset. Given the dirty row Entity 1, you are required to correct the values of City in Entity 1.

Return in json format.

Output Format Example:

{""City"": """"}

Entity 1:

{""ProviderNumber"": ""10006"", ""HospitalName"": ""eliza coffee memorial hospital"", ""Address1"": ""205 marengo street"", ""Address2"": ""empty"", ""Address3"": ""empty"", ""City"": ""fxorence"", ""State"": ""al"", ""ZipCode"": ""35631"", ""CountyName"": ""lauderdale"", ""PhoneNumber"": ""2567688400"", ""HospitalType"": ""acute care hospitals"", ""HospitalOwner"": ""voluntary non-profit - other"", ""EmergencyService"": ""yes"", ""Condition"": ""heart failure"", ""MeasureCode"": ""hf-4"", ""MeasureName"": ""heart failure patients given smoking cessation advice/counseling"", ""Score"": ""100%"", ""Sample"": ""53 patients"", ""Stateavg"": ""al_hf-4"", ""count"": 1}

Take these rows as reference:

{""ProviderNumber"": ""10006"", ""HospitalName"": ""eliza coffee memorial hospital"", ""Address1"": ""205 marengo street"", ""Address2"": ""empty"", ""Address3"": ""empty"", ""City"": ""florence"", ""State"": ""al"", ""ZipCode"": ""35631"", ""CountyName"": ""laudexdale"", ""PhoneNumber"": ""2567688400"", ""HospitalType"": ""acute care hospitals"", ""HospitalOwner"": ""voluntary non-profit - other"", ""EmergencyService"": ""yes"", ""Condition"": ""heart failure"", ""MeasureCode"": ""hf-2"", ""MeasureName"": ""heart failure patients given an evaluation of left ventricular systolic (lvs) function"", ""Score"": ""97%"", ""Sample"": ""259 patients"", ""Stateavg"": ""al_hf-2""}

{""ProviderNumber"": ""10006"", ""HospitalName"": ""eliza coffee memorial hospital"", ""Address1"": ""205 marengo street"", ""Address2"": ""empty"", ""Address3"": ""empty"", ""City"": ""florxncx"", ""State"": ""al"", ""ZipCode"": ""35631"", ""CountyName"": ""lauderdale"", ""PhoneNumber"": ""2567688400"", ""HospitalType"": ""acute care hospitals"", ""HospitalOwner"": ""voluntary non-profit - other"", ""EmergencyService"": ""yes"", ""Condition"": ""surgical infection prevention"", ""MeasureCode"": ""scip-inf-2"", ""MeasureName"": ""surgery patients who were given the  right kind  of antibiotic to help prevent infection"", ""Score"": ""99%"", ""Sample"": ""462 patients"", ""Stateavg"": ""al_scip-inf-2""}

",,"{""City"": ""florence""}","  {""City"": ""florence""}"
38,"You are an expert in Cleaning Hospital Dataset. Given the dirty row Entity 1, you are required to correct the values of ProviderNumber in Entity 1.

Return in json format.

Output Format Example:

{""ProviderNumber"": """"}

Entity 1:

{""ProviderNumber"": ""1000x"", ""HospitalName"": ""eliza coffee memorial hospital"", ""Address1"": ""205 marengo street"", ""Address2"": ""empty"", ""Address3"": ""empty"", ""City"": ""florence"", ""State"": ""al"", ""ZipCode"": ""35631"", ""CountyName"": ""lauderdale"", ""PhoneNumber"": ""2567688400"", ""HospitalType"": ""acute care hospitals"", ""HospitalOwner"": ""voluntary non-profit - other"", ""EmergencyService"": ""yes"", ""Condition"": ""pneumonia"", ""MeasureCode"": ""pn-3b"", ""MeasureName"": ""pneumonia patients whose initial emergency room blood culture was performed prior to the administration of the first hospital dose of antibiotics"", ""Score"": ""95%"", ""Sample"": ""137 patients"", ""Stateavg"": ""al_pn-3b"", ""count"": 1}

Take these rows as reference:

{""ProviderNumber"": ""10006"", ""HospitalName"": ""eliza coffee memorial hospital"", ""Address1"": ""205 marengo street"", ""Address2"": ""empty"", ""Address3"": ""empty"", ""City"": ""florence"", ""State"": ""al"", ""ZipCode"": ""35631"", ""CountyName"": ""lauderdale"", ""PhoneNumber"": ""2567688400"", ""HospitalType"": ""acute care hospitals"", ""HospitalOwner"": ""voluntary non-profit - other"", ""EmergencyService"": ""yes"", ""Condition"": ""heart attack"", ""MeasureCode"": ""ami-7a"", ""MeasureName"": ""heart attack patients given fibrinolytic medication within 30 minutes of arrival"", ""Score"": ""empty"", ""Sample"": ""0 patients"", ""Stateavg"": ""al_ami-7a""}

{""ProviderNumber"": ""10006"", ""HospitalName"": ""eliza coffee memorial hospital"", ""Address1"": ""205 marengo street"", ""Address2"": ""empty"", ""Address3"": ""empty"", ""City"": ""florence"", ""State"": ""xl"", ""ZipCode"": ""35631"", ""CountyName"": ""lauderdale"", ""PhoneNumber"": ""2567688400"", ""HospitalType"": ""acute care hospitals"", ""HospitalOwner"": ""voluntary non-profit - other"", ""EmergencyService"": ""yes"", ""Condition"": ""pneumonia"", ""MeasureCode"": ""pn-5c"", ""MeasureName"": ""pneumonia patients given initial antibiotic(s) within 6 hours after arrival"", ""Score"": ""96%"", ""Sample"": ""200 patients"", ""Stateavg"": ""al_pn-5c""}

",,"{""ProviderNumber"": ""10006""}","  {""ProviderNumber"": ""10006""}"
39,"You are an expert in Cleaning Hospital Dataset. Given the dirty row Entity 1, you are required to correct the values of State in Entity 1.

Return in json format.

Output Format Example:

{""State"": """"}

Entity 1:

{""ProviderNumber"": ""10006"", ""HospitalName"": ""eliza coffee memorial hospital"", ""Address1"": ""205 marengo street"", ""Address2"": ""empty"", ""Address3"": ""empty"", ""City"": ""florence"", ""State"": ""xl"", ""ZipCode"": ""35631"", ""CountyName"": ""lauderdale"", ""PhoneNumber"": ""2567688400"", ""HospitalType"": ""acute care hospitals"", ""HospitalOwner"": ""voluntary non-profit - other"", ""EmergencyService"": ""yes"", ""Condition"": ""pneumonia"", ""MeasureCode"": ""pn-5c"", ""MeasureName"": ""pneumonia patients given initial antibiotic(s) within 6 hours after arrival"", ""Score"": ""96%"", ""Sample"": ""200 patients"", ""Stateavg"": ""al_pn-5c"", ""count"": 1}

Take these rows as reference:

{""ProviderNumber"": ""10006"", ""HospitalName"": ""eliza coffee memorial hospital"", ""Address1"": ""205 marengo street"", ""Address2"": ""empty"", ""Address3"": ""empty"", ""City"": ""florence"", ""State"": ""al"", ""ZipCode"": ""35631"", ""CountyName"": ""lauderdale"", ""PhoneNumber"": ""2567688400"", ""HospitalType"": ""acute care hospitals"", ""HospitalOwner"": ""voluntary non-profit - other"", ""EmergencyService"": ""yes"", ""Condition"": ""pneumonia"", ""MeasureCode"": ""pn-7"", ""MeasureName"": ""pneumonia patients assessed and given influenza vaccination"", ""Score"": ""88%"", ""Sample"": ""85 patients"", ""Stateavg"": ""al_pn-7""}

{""ProviderNumber"": ""10006"", ""HospitalName"": ""eliza coffee memorial hospital"", ""Address1"": ""205 marengo street"", ""Address2"": ""empty"", ""Address3"": ""empty"", ""City"": ""florence"", ""State"": ""al"", ""ZipCode"": ""35631"", ""CountyName"": ""lauderdale"", ""PhoneNumber"": ""2567688400"", ""HospitalType"": ""acute care hospitals"", ""HospitalOwner"": ""voluntary non-profit - other"", ""EmergencyService"": ""yes"", ""Condition"": ""heart attack"", ""MeasureCode"": ""ami-7a"", ""MeasureName"": ""heart attack patients given fibrinolytic medication within 30 minutes of arrival"", ""Score"": ""empty"", ""Sample"": ""0 patients"", ""Stateavg"": ""al_ami-7a""}

",,"{""State"": ""al""}","  {""State"": ""al""}"
40,"You are an expert in Cleaning Hospital Dataset. Given the dirty row Entity 1, you are required to correct the values of City in Entity 1.

Return in json format.

Output Format Example:

{""City"": """"}

Entity 1:

{""ProviderNumber"": ""10006"", ""HospitalName"": ""eliza coffee memorial hospital"", ""Address1"": ""205 marengo street"", ""Address2"": ""empty"", ""Address3"": ""empty"", ""City"": ""florxncx"", ""State"": ""al"", ""ZipCode"": ""35631"", ""CountyName"": ""lauderdale"", ""PhoneNumber"": ""2567688400"", ""HospitalType"": ""acute care hospitals"", ""HospitalOwner"": ""voluntary non-profit - other"", ""EmergencyService"": ""yes"", ""Condition"": ""surgical infection prevention"", ""MeasureCode"": ""scip-inf-2"", ""MeasureName"": ""surgery patients who were given the  right kind  of antibiotic to help prevent infection"", ""Score"": ""99%"", ""Sample"": ""462 patients"", ""Stateavg"": ""al_scip-inf-2"", ""count"": 1}

Take these rows as reference:

{""ProviderNumber"": ""10006"", ""HospitalName"": ""eliza coffee memorial hospital"", ""Address1"": ""205 marengo street"", ""Address2"": ""empty"", ""Address3"": ""empty"", ""City"": ""fxorence"", ""State"": ""al"", ""ZipCode"": ""35631"", ""CountyName"": ""lauderdale"", ""PhoneNumber"": ""2567688400"", ""HospitalType"": ""acute care hospitals"", ""HospitalOwner"": ""voluntary non-profit - other"", ""EmergencyService"": ""yes"", ""Condition"": ""heart failure"", ""MeasureCode"": ""hf-4"", ""MeasureName"": ""heart failure patients given smoking cessation advice/counseling"", ""Score"": ""100%"", ""Sample"": ""53 patients"", ""Stateavg"": ""al_hf-4""}

{""ProviderNumber"": ""10006"", ""HospitalName"": ""eliza coffee memorial hospital"", ""Address1"": ""205 marengo street"", ""Address2"": ""empty"", ""Address3"": ""empty"", ""City"": ""florence"", ""State"": ""al"", ""ZipCode"": ""35631"", ""CountyName"": ""lauderdale"", ""PhoneNumber"": ""2567688400"", ""HospitalType"": ""acute care hospitals"", ""HospitalOwner"": ""voluntary non-profit - other"", ""EmergencyService"": ""yes"", ""Condition"": ""hearx axxack"", ""MeasureCode"": ""ami-5"", ""MeasureName"": ""heart attack patients given beta blocker at discharge"", ""Score"": ""96%"", ""Sample"": ""227 patients"", ""Stateavg"": ""al_ami-5""}

",,"{""City"": ""florence""}","  {""City"": ""florence""}"
41,"You are an expert in Cleaning Hospital Dataset. Given the dirty row Entity 1, you are required to correct the values of Sample in Entity 1.

Return in json format.

Output Format Example:

{""Sample"": """"}

Entity 1:

{""ProviderNumber"": ""10006"", ""HospitalName"": ""eliza coffee memorial hospital"", ""Address1"": ""205 marengo street"", ""Address2"": ""empty"", ""Address3"": ""empty"", ""City"": ""florence"", ""State"": ""al"", ""ZipCode"": ""35631"", ""CountyName"": ""lauderdale"", ""PhoneNumber"": ""2567688400"", ""HospitalType"": ""acute care hospitals"", ""HospitalOwner"": ""voluntary non-profit - other"", ""EmergencyService"": ""yes"", ""Condition"": ""surgical infection prevention"", ""MeasureCode"": ""scip-inf-6"", ""MeasureName"": ""surgery patients needing hair removed from the surgical area before surgery who had hair removed using a safer method (electric clippers or hair removal cream c not a razor)"", ""Score"": ""100%"", ""Sample"": ""619 paxienxs"", ""Stateavg"": ""al_scip-inf-6"", ""count"": 1}

Take these rows as reference:

{""ProviderNumber"": ""1000x"", ""HospitalName"": ""eliza coffee memorial hospital"", ""Address1"": ""205 marengo street"", ""Address2"": ""empty"", ""Address3"": ""empty"", ""City"": ""florence"", ""State"": ""al"", ""ZipCode"": ""35631"", ""CountyName"": ""lauderdale"", ""PhoneNumber"": ""2567688400"", ""HospitalType"": ""acute care hospitals"", ""HospitalOwner"": ""voluntary non-profit - other"", ""EmergencyService"": ""yes"", ""Condition"": ""pneumonia"", ""MeasureCode"": ""pn-3b"", ""MeasureName"": ""pneumonia patients whose initial emergency room blood culture was performed prior to the administration of the first hospital dose of antibiotics"", ""Score"": ""95%"", ""Sample"": ""137 patients"", ""Stateavg"": ""al_pn-3b""}

{""ProviderNumber"": ""10006"", ""HospitalName"": ""eliza coffee memorial hospital"", ""Address1"": ""205 marengo street"", ""Address2"": ""empty"", ""Address3"": ""empty"", ""City"": ""florence"", ""State"": ""al"", ""ZipCode"": ""35631"", ""CountyName"": ""lauderdale"", ""PhoneNumber"": ""2567688400"", ""HospitalType"": ""acute care hospitals"", ""HospitalOwner"": ""voluntary non-profit - other"", ""EmergencyService"": ""yes"", ""Condition"": ""surgical infection prevention"", ""MeasureCode"": ""scip-card-2"", ""MeasureName"": ""surgery patients who were taking heart drugs called beta blockers before coming to the hospital who were kept on the beta blockers during the period just before and after their surgery"", ""Score"": ""96%"", ""Sample"": ""107 patients"", ""Stateavg"": ""al_scip-card-2""}

",,"{""Sample"": ""619 patients""}","  {""Sample"": ""619 patients""}"
42,"You are an expert in Cleaning Hospital Dataset. Given the dirty row Entity 1, you are required to correct the values of City in Entity 1.

Return in json format.

Output Format Example:

{""City"": """"}

Entity 1:

{""ProviderNumber"": ""10006"", ""HospitalName"": ""eliza coffee memorial hospital"", ""Address1"": ""205 marengo street"", ""Address2"": ""empty"", ""Address3"": ""empty"", ""City"": ""flxrence"", ""State"": ""al"", ""ZipCode"": ""3563x"", ""CountyName"": ""lauderdale"", ""PhoneNumber"": ""2567688400"", ""HospitalType"": ""acute care hospitals"", ""HospitalOwner"": ""voluntary non-profit - other"", ""EmergencyService"": ""yes"", ""Condition"": ""surgical infection prevention"", ""MeasureCode"": ""scip-vte-2"", ""MeasureName"": ""patients who got treatment  at the right time (within 24 hours before or after their surgery) to help prevent blood clots after certain types of surgery"", ""Score"": ""92%"", ""Sample"": ""242 patients"", ""Stateavg"": ""al_scip-vte-2"", ""count"": 2}

Take these rows as reference:

{""ProviderNumber"": ""10006"", ""HospitalName"": ""eliza coffee memorial hospital"", ""Address1"": ""205 marengo street"", ""Address2"": ""empty"", ""Address3"": ""empty"", ""City"": ""florence"", ""State"": ""xl"", ""ZipCode"": ""35631"", ""CountyName"": ""lauderdale"", ""PhoneNumber"": ""2567688400"", ""HospitalType"": ""acute care hospitals"", ""HospitalOwner"": ""voluntary non-profit - other"", ""EmergencyService"": ""yes"", ""Condition"": ""pneumonia"", ""MeasureCode"": ""pn-5c"", ""MeasureName"": ""pneumonia patients given initial antibiotic(s) within 6 hours after arrival"", ""Score"": ""96%"", ""Sample"": ""200 patients"", ""Stateavg"": ""al_pn-5c""}

{""ProviderNumber"": ""10006"", ""HospitalName"": ""eliza coffee memorial hospital"", ""Address1"": ""205 marengo street"", ""Address2"": ""empty"", ""Address3"": ""empty"", ""City"": ""florence"", ""State"": ""al"", ""ZipCode"": ""35631"", ""CountyName"": ""lauderdale"", ""PhoneNumber"": ""2567688400"", ""HospitalType"": ""acute care hospitals"", ""HospitalOwner"": ""voluntary non-profit - other"", ""EmergencyService"": ""yes"", ""Condition"": ""pneumonia"", ""MeasureCode"": ""pn-7"", ""MeasureName"": ""pneumonia patients assessed and given influenza vaccination"", ""Score"": ""88%"", ""Sample"": ""85 patients"", ""Stateavg"": ""al_pn-7""}

",,"{""City"": ""florence""}","  {""City"": ""florence""}"
43,"You are an expert in Cleaning Hospital Dataset. Given the dirty row Entity 1, you are required to correct the values of ZipCode in Entity 1.

Return in json format.

Output Format Example:

{""ZipCode"": """"}

Entity 1:

{""ProviderNumber"": ""10006"", ""HospitalName"": ""eliza coffee memorial hospital"", ""Address1"": ""205 marengo street"", ""Address2"": ""empty"", ""Address3"": ""empty"", ""City"": ""flxrence"", ""State"": ""al"", ""ZipCode"": ""3563x"", ""CountyName"": ""lauderdale"", ""PhoneNumber"": ""2567688400"", ""HospitalType"": ""acute care hospitals"", ""HospitalOwner"": ""voluntary non-profit - other"", ""EmergencyService"": ""yes"", ""Condition"": ""surgical infection prevention"", ""MeasureCode"": ""scip-vte-2"", ""MeasureName"": ""patients who got treatment  at the right time (within 24 hours before or after their surgery) to help prevent blood clots after certain types of surgery"", ""Score"": ""92%"", ""Sample"": ""242 patients"", ""Stateavg"": ""al_scip-vte-2"", ""count"": 2}

Take these rows as reference:

{""ProviderNumber"": ""10006"", ""HospitalName"": ""eliza coffee memorial hospital"", ""Address1"": ""205 marengo street"", ""Address2"": ""empty"", ""Address3"": ""empty"", ""City"": ""florence"", ""State"": ""al"", ""ZipCode"": ""35631"", ""CountyName"": ""lauderdale"", ""PhoneNumber"": ""2567688400"", ""HospitalType"": ""acute care hospitals"", ""HospitalOwner"": ""voluntary non-profit - other"", ""EmergencyService"": ""yes"", ""Condition"": ""surgical infection prevention"", ""MeasureCode"": ""scip-inf-6"", ""MeasureName"": ""surgery patients needing hair removed from the surgical area before surgery who had hair removed using a safer method (electric clippers or hair removal cream c not a razor)"", ""Score"": ""100%"", ""Sample"": ""619 paxienxs"", ""Stateavg"": ""al_scip-inf-6""}

{""ProviderNumber"": ""10006"", ""HospitalName"": ""eliza coffee memorial hospital"", ""Address1"": ""205 marengo street"", ""Address2"": ""empty"", ""Address3"": ""empty"", ""City"": ""fxorence"", ""State"": ""al"", ""ZipCode"": ""35631"", ""CountyName"": ""lauderdale"", ""PhoneNumber"": ""2567688400"", ""HospitalType"": ""acute care hospitals"", ""HospitalOwner"": ""voluntary non-profit - other"", ""EmergencyService"": ""yes"", ""Condition"": ""heart failure"", ""MeasureCode"": ""hf-4"", ""MeasureName"": ""heart failure patients given smoking cessation advice/counseling"", ""Score"": ""100%"", ""Sample"": ""53 patients"", ""Stateavg"": ""al_hf-4""}

",,"{""ZipCode"": ""35631""}","  {""ZipCode"": ""35631""}"
44,"You are an expert in Cleaning Hospital Dataset. Given the dirty row Entity 1, you are required to correct the values of Address1 in Entity 1.

Return in json format.

Output Format Example:

{""Address1"": """"}

Entity 1:

{""ProviderNumber"": ""10007"", ""HospitalName"": ""mizell memorial hospital"", ""Address1"": ""702xnxmainxst"", ""Address2"": ""empty"", ""Address3"": ""empty"", ""City"": ""opp"", ""State"": ""al"", ""ZipCode"": ""36467"", ""CountyName"": ""covington"", ""PhoneNumber"": ""3344933541"", ""HospitalType"": ""acute care hospitals"", ""HospitalOwner"": ""voluntary non-profit - private"", ""EmergencyService"": ""no"", ""Condition"": ""heart attack"", ""MeasureCode"": ""ami-1"", ""MeasureName"": ""xeart attack patients given aspirin at arrival"", ""Score"": ""60%"", ""Sample"": ""5 patients"", ""Stateavg"": ""al_ami-1"", ""count"": 2}

Take these rows as reference:

{""ProviderNumber"": ""10007"", ""HospitalName"": ""mizell memorial hospital"", ""Address1"": ""702 n main st"", ""Address2"": ""empty"", ""Address3"": ""empty"", ""City"": ""opp"", ""State"": ""al"", ""ZipCode"": ""36467"", ""CountyName"": ""covington"", ""PhoneNumber"": ""3344933541"", ""HospitalType"": ""acute care hospitals"", ""HospitalOwner"": ""voluntary non-profit - private"", ""EmergencyService"": ""no"", ""Condition"": ""surgical infection prevention"", ""MeasureCode"": ""scip-inf-4"", ""MeasureName"": ""all heart surgery patients whose blood sugar (blood glucose) is kept under good control in the days right after surgery"", ""Score"": ""empty"", ""Sample"": ""0 patixnts"", ""Stateavg"": ""al_scip-inf-4""}

{""ProviderNumber"": ""10007"", ""HospitalName"": ""mizell memorial hospital"", ""Address1"": ""702 n main st"", ""Address2"": ""empty"", ""Address3"": ""empty"", ""City"": ""opp"", ""State"": ""al"", ""ZipCode"": ""36467"", ""CountyName"": ""covington"", ""PhoneNumber"": ""3344933541"", ""HospitalType"": ""acute care hospitals"", ""HospitalOwner"": ""voluntary non-profit - private"", ""EmergencyService"": ""no"", ""Condition"": ""pneumonia"", ""MeasureCode"": ""pnx5c"", ""MeasureName"": ""pneumonia patients given initial antibiotic(s) within 6 hours after arrival"", ""Score"": ""95%"", ""Sample"": ""87 patients"", ""Stateavg"": ""al_pn-5c""}

",,"{""Address1"": ""702 n main st""}","  {""Address1"": ""702 n main st""}"
45,"You are an expert in Cleaning Hospital Dataset. Given the dirty row Entity 1, you are required to correct the values of MeasureName in Entity 1.

Return in json format.

Output Format Example:

{""MeasureName"": """"}

Entity 1:

{""ProviderNumber"": ""10007"", ""HospitalName"": ""mizell memorial hospital"", ""Address1"": ""702xnxmainxst"", ""Address2"": ""empty"", ""Address3"": ""empty"", ""City"": ""opp"", ""State"": ""al"", ""ZipCode"": ""36467"", ""CountyName"": ""covington"", ""PhoneNumber"": ""3344933541"", ""HospitalType"": ""acute care hospitals"", ""HospitalOwner"": ""voluntary non-profit - private"", ""EmergencyService"": ""no"", ""Condition"": ""heart attack"", ""MeasureCode"": ""ami-1"", ""MeasureName"": ""xeart attack patients given aspirin at arrival"", ""Score"": ""60%"", ""Sample"": ""5 patients"", ""Stateavg"": ""al_ami-1"", ""count"": 2}

Take these rows as reference:

{""ProviderNumber"": ""10007"", ""HospitalName"": ""mizell memorial hospital"", ""Address1"": ""702 n main st"", ""Address2"": ""empty"", ""Address3"": ""empty"", ""City"": ""opp"", ""State"": ""al"", ""ZipCode"": ""36467"", ""CountyName"": ""covington"", ""PhoneNumber"": ""3344933541"", ""HospitalType"": ""acute care hospitals"", ""HospitalOwner"": ""voluntary non-profit - private"", ""EmergencyService"": ""no"", ""Condition"": ""pneumonia"", ""MeasureCode"": ""pn-6"", ""MeasureName"": ""pneumonia patients given the most appropriate initial antibiotic(s)"", ""Score"": ""88%"", ""Sample"": ""57 patients"", ""Stateavg"": ""al_pn-6""}

{""ProviderNumber"": ""10007"", ""HospitalName"": ""mizell memorial hospital"", ""Address1"": ""702 n main st"", ""Address2"": ""empty"", ""Address3"": ""empty"", ""City"": ""opp"", ""State"": ""al"", ""ZipCode"": ""36467"", ""CountyName"": ""covington"", ""PhoneNumber"": ""3344933541"", ""HospitalType"": ""acute care hospitals"", ""HospitalOwner"": ""voluntary non-profit - private"", ""EmergencyService"": ""no"", ""Condition"": ""heart failure"", ""MeasureCode"": ""hf-3"", ""MeasureName"": ""heart failure patients given ace inhibitor or arb for left ventricular systolic dysfunction (lvsd)"", ""Score"": ""64%"", ""Sample"": ""14 patients"", ""Stateavg"": ""al_hf-3""}

",,"{""MeasureName"": ""heart attack patients given aspirin at arrival""}","  {""MeasureName"": ""heart attack patients given aspirin at arrival""}"
46,"You are an expert in Cleaning Hospital Dataset. Given the dirty row Entity 1, you are required to correct the values of MeasureCode in Entity 1.

Return in json format.

Output Format Example:

{""MeasureCode"": """"}

Entity 1:

{""ProviderNumber"": ""10007"", ""HospitalName"": ""mizell memorial hospital"", ""Address1"": ""702 n main st"", ""Address2"": ""empty"", ""Address3"": ""empty"", ""City"": ""opp"", ""State"": ""al"", ""ZipCode"": ""36467"", ""CountyName"": ""covington"", ""PhoneNumber"": ""3344933541"", ""HospitalType"": ""acute care hospitals"", ""HospitalOwner"": ""voluntary non-profit - private"", ""EmergencyService"": ""no"", ""Condition"": ""heart attack"", ""MeasureCode"": ""axi-4"", ""MeasureName"": ""heart attack patients given smoking cessation advice/counseling"", ""Score"": ""empty"", ""Sample"": ""0 patients"", ""Stateavg"": ""al_ami-4"", ""count"": 1}

Take these rows as reference:

{""ProviderNumber"": ""10007"", ""HospitalName"": ""mizell memorial hospital"", ""Address1"": ""702 n main st"", ""Address2"": ""empty"", ""Address3"": ""empty"", ""City"": ""opp"", ""State"": ""al"", ""ZipCode"": ""36467"", ""CountyName"": ""covington"", ""PhoneNumber"": ""3344x33541"", ""HospitalType"": ""acute care hospitals"", ""HospitalOwner"": ""voluntary non-profit - private"", ""EmergencyService"": ""no"", ""Condition"": ""heart failure"", ""MeasureCode"": ""hfx1"", ""MeasureName"": ""heart failure patients given discharge instructions"", ""Score"": ""98%"", ""Sample"": ""59 patients"", ""Stateavg"": ""al_hf-1""}

{""ProviderNumber"": ""10007"", ""HospitalName"": ""mizell memorial hospital"", ""Address1"": ""702 n main st"", ""Address2"": ""empty"", ""Address3"": ""empty"", ""City"": ""opp"", ""State"": ""al"", ""ZipCode"": ""36467"", ""CountyName"": ""covington"", ""PhoneNumber"": ""3344933541"", ""HospitalType"": ""acute care hospitals"", ""HospitalOwner"": ""volunxary non-profix - privaxe"", ""EmergencyService"": ""no"", ""Condition"": ""surgical infection prevention"", ""MeasureCode"": ""scip-inf-2"", ""MeasureName"": ""surgery patients who were given the  right kind  of antibiotic to help prevent infection"", ""Score"": ""91%"", ""Sample"": ""101 patients"", ""Stateavg"": ""al_scip-inf-2""}

",,"{""MeasureCode"": ""ami-4""}","  {""MeasureCode"": ""ami-4""}"
47,"You are an expert in Cleaning Hospital Dataset. Given the dirty row Entity 1, you are required to correct the values of State in Entity 1.

Return in json format.

Output Format Example:

{""State"": """"}

Entity 1:

{""ProviderNumber"": ""10007"", ""HospitalName"": ""mizell memorial hospital"", ""Address1"": ""702 n main st"", ""Address2"": ""empty"", ""Address3"": ""empty"", ""City"": ""opp"", ""State"": ""xl"", ""ZipCode"": ""36467"", ""CountyName"": ""covington"", ""PhoneNumber"": ""3344933541"", ""HospitalType"": ""acute care hosxitals"", ""HospitalOwner"": ""voluntary non-profit - private"", ""EmergencyService"": ""no"", ""Condition"": ""heart attack"", ""MeasureCode"": ""ami-5"", ""MeasureName"": ""heart attack patients given beta blocker at discharge"", ""Score"": ""100%"", ""Sample"": ""2 patients"", ""Stateavg"": ""al_ami-5"", ""count"": 2}

Take these rows as reference:

{""ProviderNumber"": ""10007"", ""HospitalName"": ""mizell memorial hospital"", ""Address1"": ""702 n main st"", ""Address2"": ""empty"", ""Address3"": ""empty"", ""City"": ""opp"", ""State"": ""al"", ""ZipCode"": ""36467"", ""CountyName"": ""covington"", ""PhoneNumber"": ""3344933541"", ""HospitalType"": ""acute care hospitals"", ""HospitalOwner"": ""voluntary non-profit - private"", ""EmergencyService"": ""no"", ""Condition"": ""pneumonia"", ""MeasureCode"": ""pnx5c"", ""MeasureName"": ""pneumonia patients given initial antibiotic(s) within 6 hours after arrival"", ""Score"": ""95%"", ""Sample"": ""87 patients"", ""Stateavg"": ""al_pn-5c""}

{""ProviderNumber"": ""10007"", ""HospitalName"": ""mizell memorial hospital"", ""Address1"": ""702 n main st"", ""Address2"": ""empty"", ""Address3"": ""empty"", ""City"": ""opp"", ""State"": ""al"", ""ZipCode"": ""36467"", ""CountyName"": ""covington"", ""PhoneNumber"": ""3344933541"", ""HospitalType"": ""acute care hospitals"", ""HospitalOwner"": ""voluntary non-profit - private"", ""EmergencyService"": ""no"", ""Condition"": ""heart failure"", ""MeasureCode"": ""hf-2"", ""MeasureName"": ""heart failure patients given an evaluation of left ventricular systolic (lvs) function"", ""Score"": ""87%"", ""Sample"": ""76 patients"", ""Stateavg"": ""al_hf-2""}

",,"{""State"": ""al""}","  {""State"": ""al""}"
48,"You are an expert in Cleaning Hospital Dataset. Given the dirty row Entity 1, you are required to correct the values of HospitalType in Entity 1.

Return in json format.

Output Format Example:

{""HospitalType"": """"}

Entity 1:

{""ProviderNumber"": ""10007"", ""HospitalName"": ""mizell memorial hospital"", ""Address1"": ""702 n main st"", ""Address2"": ""empty"", ""Address3"": ""empty"", ""City"": ""opp"", ""State"": ""xl"", ""ZipCode"": ""36467"", ""CountyName"": ""covington"", ""PhoneNumber"": ""3344933541"", ""HospitalType"": ""acute care hosxitals"", ""HospitalOwner"": ""voluntary non-profit - private"", ""EmergencyService"": ""no"", ""Condition"": ""heart attack"", ""MeasureCode"": ""ami-5"", ""MeasureName"": ""heart attack patients given beta blocker at discharge"", ""Score"": ""100%"", ""Sample"": ""2 patients"", ""Stateavg"": ""al_ami-5"", ""count"": 2}

Take these rows as reference:

{""ProviderNumber"": ""10007"", ""HospitalName"": ""mizell memorial hospital"", ""Address1"": ""702 n main st"", ""Address2"": ""empty"", ""Address3"": ""empty"", ""City"": ""opp"", ""State"": ""al"", ""ZipCode"": ""36467"", ""CountyName"": ""covington"", ""PhoneNumber"": ""3344933541"", ""HospitalType"": ""acute care hospitals"", ""HospitalOwner"": ""voluntary non-profit - private"", ""EmergencyService"": ""no"", ""Condition"": ""heart attack"", ""MeasureCode"": ""ami-2"", ""MeasureName"": ""heart attack patients given aspirin at discharge"", ""Score"": ""50%"", ""Sample"": ""2 patients"", ""Stateavg"": ""al_ami-2""}

{""ProviderNumber"": ""10007"", ""HospitalName"": ""mizell memorial hospital"", ""Address1"": ""702 n main st"", ""Address2"": ""empty"", ""Address3"": ""empty"", ""City"": ""opp"", ""State"": ""xl"", ""ZipCode"": ""36467"", ""CountyName"": ""covington"", ""PhoneNumber"": ""3344933541"", ""HospitalType"": ""acute care hosxitals"", ""HospitalOwner"": ""voluntary non-profit - private"", ""EmergencyService"": ""no"", ""Condition"": ""heart attack"", ""MeasureCode"": ""ami-5"", ""MeasureName"": ""heart attack patients given beta blocker at discharge"", ""Score"": ""100%"", ""Sample"": ""2 patients"", ""Stateavg"": ""al_ami-5""}

",,"{""HospitalType"": ""acute care hospitals""}","  {""HospitalType"": ""acute care hospitals""}"
49,"You are an expert in Cleaning Hospital Dataset. Given the dirty row Entity 1, you are required to correct the values of PhoneNumber in Entity 1.

Return in json format.

Output Format Example:

{""PhoneNumber"": """"}

Entity 1:

{""ProviderNumber"": ""10007"", ""HospitalName"": ""mizell memorial hospital"", ""Address1"": ""702 n main st"", ""Address2"": ""empty"", ""Address3"": ""empty"", ""City"": ""opp"", ""State"": ""al"", ""ZipCode"": ""36467"", ""CountyName"": ""covington"", ""PhoneNumber"": ""3344x33541"", ""HospitalType"": ""acute care hospitals"", ""HospitalOwner"": ""voluntary non-profit - private"", ""EmergencyService"": ""no"", ""Condition"": ""heart failure"", ""MeasureCode"": ""hfx1"", ""MeasureName"": ""heart failure patients given discharge instructions"", ""Score"": ""98%"", ""Sample"": ""59 patients"", ""Stateavg"": ""al_hf-1"", ""count"": 2}

Take these rows as reference:

{""ProviderNumber"": ""10007"", ""HospitalName"": ""mizell memorial hospital"", ""Address1"": ""702 n main st"", ""Address2"": ""empty"", ""Address3"": ""empty"", ""City"": ""opp"", ""State"": ""al"", ""ZipCode"": ""36467"", ""CountyName"": ""covington"", ""PhoneNumber"": ""3344933541"", ""HospitalType"": ""acute care hospitals"", ""HospitalOwner"": ""voluntary non-profit - private"", ""EmergencyService"": ""no"", ""Condition"": ""pneumonia"", ""MeasureCode"": ""pnx5c"", ""MeasureName"": ""pneumonia patients given initial antibiotic(s) within 6 hours after arrival"", ""Score"": ""95%"", ""Sample"": ""87 patients"", ""Stateavg"": ""al_pn-5c""}

{""ProviderNumber"": ""10007"", ""HospitalName"": ""mizell memorial hospital"", ""Address1"": ""702 n main st"", ""Address2"": ""empty"", ""Address3"": ""empty"", ""City"": ""opp"", ""State"": ""al"", ""ZipCode"": ""36467"", ""CountyName"": ""covington"", ""PhoneNumber"": ""3344933541"", ""HospitalType"": ""acute care hospitals"", ""HospitalOwner"": ""voluntary non-profit - private"", ""EmergencyService"": ""no"", ""Condition"": ""surgical infection prevention"", ""MeasureCode"": ""scip-vte-1"", ""MeasureName"": ""surgery patients whose doctors ordered treatments to prevent blood clots after certain types of surgeries"", ""Score"": ""87%"", ""Sample"": ""77 patients"", ""Stateavg"": ""al_scip-vte-1""}

",,"{""PhoneNumber"": ""3344933541""}","  {""PhoneNumber"": ""3344933541""}"
50,"You are an expert in Cleaning Hospital Dataset. Given the dirty row Entity 1, you are required to correct the values of MeasureCode in Entity 1.

Return in json format.

Output Format Example:

{""MeasureCode"": """"}

Entity 1:

{""ProviderNumber"": ""10007"", ""HospitalName"": ""mizell memorial hospital"", ""Address1"": ""702 n main st"", ""Address2"": ""empty"", ""Address3"": ""empty"", ""City"": ""opp"", ""State"": ""al"", ""ZipCode"": ""36467"", ""CountyName"": ""covington"", ""PhoneNumber"": ""3344x33541"", ""HospitalType"": ""acute care hospitals"", ""HospitalOwner"": ""voluntary non-profit - private"", ""EmergencyService"": ""no"", ""Condition"": ""heart failure"", ""MeasureCode"": ""hfx1"", ""MeasureName"": ""heart failure patients given discharge instructions"", ""Score"": ""98%"", ""Sample"": ""59 patients"", ""Stateavg"": ""al_hf-1"", ""count"": 2}

Take these rows as reference:

{""ProviderNumber"": ""10007"", ""HospitalName"": ""mizell memorial hospital"", ""Address1"": ""702 n main st"", ""Address2"": ""empty"", ""Address3"": ""empty"", ""City"": ""opp"", ""State"": ""al"", ""ZipCode"": ""36467"", ""CountyName"": ""covington"", ""PhoneNumber"": ""3344933541"", ""HospitalType"": ""acute care hospitals"", ""HospitalOwner"": ""voluntary non-profit - private"", ""EmergencyService"": ""no"", ""Condition"": ""heart failure"", ""MeasureCode"": ""hf-3"", ""MeasureName"": ""heart failure patients given ace inhibitor or arb for left ventricular systolic dysfunction (lvsd)"", ""Score"": ""64%"", ""Sample"": ""14 patients"", ""Stateavg"": ""al_hf-3""}

{""ProviderNumber"": ""10007"", ""HospitalName"": ""mizell memorial hospital"", ""Address1"": ""702 n main st"", ""Address2"": ""empty"", ""Address3"": ""empty"", ""City"": ""opp"", ""State"": ""al"", ""ZipCode"": ""36467"", ""CountyName"": ""covington"", ""PhoneNumber"": ""3344933541"", ""HospitalType"": ""acute care hospitals"", ""HospitalOwner"": ""voluntary non-profit - private"", ""EmergencyService"": ""no"", ""Condition"": ""surgical infection prevention"", ""MeasureCode"": ""scip-inf-4"", ""MeasureName"": ""all heart surgery patients whose blood sugar (blood glucose) is kept under good control in the days right after surgery"", ""Score"": ""empty"", ""Sample"": ""0 patixnts"", ""Stateavg"": ""al_scip-inf-4""}

",,"{""MeasureCode"": ""hf-1""}","  {""MeasureCode"": ""hf-1""}"
51,"You are an expert in Cleaning Hospital Dataset. Given the dirty row Entity 1, you are required to correct the values of Address1 in Entity 1.

Return in json format.

Output Format Example:

{""Address1"": """"}

Entity 1:

{""ProviderNumber"": ""10007"", ""HospitalName"": ""mizell memorial hospital"", ""Address1"": ""702 x maix st"", ""Address2"": ""empty"", ""Address3"": ""empty"", ""City"": ""opp"", ""State"": ""al"", ""ZipCode"": ""36467"", ""CountyName"": ""covington"", ""PhoneNumber"": ""3344933541"", ""HospitalType"": ""acute care hospitals"", ""HospitalOwner"": ""voluntary non-profit - private"", ""EmergencyService"": ""no"", ""Condition"": ""pneumonia"", ""MeasureCode"": ""pn-3b"", ""MeasureName"": ""pneumonia patients whose initial emergency room blood culture was performed prior to the administration of the first hospital dose of antibiotics"", ""Score"": ""78%"", ""Sample"": ""64 patients"", ""Stateavg"": ""al_pn-3b"", ""count"": 1}

Take these rows as reference:

{""ProviderNumber"": ""10007"", ""HospitalName"": ""mizell memorial hospital"", ""Address1"": ""702xnxmainxst"", ""Address2"": ""empty"", ""Address3"": ""empty"", ""City"": ""opp"", ""State"": ""al"", ""ZipCode"": ""36467"", ""CountyName"": ""covington"", ""PhoneNumber"": ""3344933541"", ""HospitalType"": ""acute care hospitals"", ""HospitalOwner"": ""voluntary non-profit - private"", ""EmergencyService"": ""no"", ""Condition"": ""heart attack"", ""MeasureCode"": ""ami-1"", ""MeasureName"": ""xeart attack patients given aspirin at arrival"", ""Score"": ""60%"", ""Sample"": ""5 patients"", ""Stateavg"": ""al_ami-1""}

{""ProviderNumber"": ""10007"", ""HospitalName"": ""mizell memorial hospital"", ""Address1"": ""702 n main st"", ""Address2"": ""empty"", ""Address3"": ""empty"", ""City"": ""opp"", ""State"": ""al"", ""ZipCode"": ""36467"", ""CountyName"": ""covington"", ""PhoneNumber"": ""3344933541"", ""HospitalType"": ""acute care hospitals"", ""HospitalOwner"": ""voluntary non-profit - private"", ""EmergencyService"": ""no"", ""Condition"": ""pneumonia"", ""MeasureCode"": ""pn-6"", ""MeasureName"": ""pneumonia patients given the most appropriate initial antibiotic(s)"", ""Score"": ""88%"", ""Sample"": ""57 patients"", ""Stateavg"": ""al_pn-6""}

",,"{""Address1"": ""702 n main st""}","  {""Address1"": ""702 n main st""}"
52,"You are an expert in Cleaning Hospital Dataset. Given the dirty row Entity 1, you are required to correct the values of MeasureCode in Entity 1.

Return in json format.

Output Format Example:

{""MeasureCode"": """"}

Entity 1:

{""ProviderNumber"": ""10007"", ""HospitalName"": ""mizell memorial hospital"", ""Address1"": ""702 n main st"", ""Address2"": ""empty"", ""Address3"": ""empty"", ""City"": ""opp"", ""State"": ""al"", ""ZipCode"": ""36467"", ""CountyName"": ""covington"", ""PhoneNumber"": ""3344933541"", ""HospitalType"": ""acute care hospitals"", ""HospitalOwner"": ""voluntary non-profit - private"", ""EmergencyService"": ""no"", ""Condition"": ""pneumonia"", ""MeasureCode"": ""pnx5c"", ""MeasureName"": ""pneumonia patients given initial antibiotic(s) within 6 hours after arrival"", ""Score"": ""95%"", ""Sample"": ""87 patients"", ""Stateavg"": ""al_pn-5c"", ""count"": 1}

Take these rows as reference:

{""ProviderNumber"": ""10007"", ""HospitalName"": ""mizell memorial hospital"", ""Address1"": ""702 n main st"", ""Address2"": ""empty"", ""Address3"": ""empty"", ""City"": ""opp"", ""State"": ""al"", ""ZipCode"": ""36467"", ""CountyName"": ""covington"", ""PhoneNumber"": ""3344933541"", ""HospitalType"": ""acute care hospitals"", ""HospitalOwner"": ""voluntary non-profit - private"", ""EmergencyService"": ""no"", ""Condition"": ""heart attack"", ""MeasureCode"": ""ami-2"", ""MeasureName"": ""heart attack patients given aspirin at discharge"", ""Score"": ""50%"", ""Sample"": ""2 patients"", ""Stateavg"": ""al_ami-2""}

{""ProviderNumber"": ""10007"", ""HospitalName"": ""mizell memorial hospital"", ""Address1"": ""702 n main st"", ""Address2"": ""empty"", ""Address3"": ""empty"", ""City"": ""opp"", ""State"": ""al"", ""ZipCode"": ""36467"", ""CountyName"": ""covington"", ""PhoneNumber"": ""3344933541"", ""HospitalType"": ""acute care hospitals"", ""HospitalOwner"": ""voluntary non-profit - private"", ""EmergencyService"": ""no"", ""Condition"": ""surgical infection prevention"", ""MeasureCode"": ""scip-card-2"", ""MeasureName"": ""surgery patiexts who were takixg heart drugs called beta blockers before comixg to the hospital who were kept ox the beta blockers durixg the period just before axd after their surgery"", ""Score"": ""91%"", ""Sample"": ""11 patients"", ""Stateavg"": ""al_scip-card-2""}

",,"{""MeasureCode"": ""pn-5c""}","  {""MeasureCode"": ""pn-5c""}"
53,"You are an expert in Cleaning Hospital Dataset. Given the dirty row Entity 1, you are required to correct the values of MeasureName in Entity 1.

Return in json format.

Output Format Example:

{""MeasureName"": """"}

Entity 1:

{""ProviderNumber"": ""10007"", ""HospitalName"": ""mizell memorial hospital"", ""Address1"": ""702 n main st"", ""Address2"": ""empty"", ""Address3"": ""empty"", ""City"": ""opp"", ""State"": ""al"", ""ZipCode"": ""36467"", ""CountyName"": ""covington"", ""PhoneNumber"": ""3344933541"", ""HospitalType"": ""acute care hospitals"", ""HospitalOwner"": ""voluntary non-profit - private"", ""EmergencyService"": ""no"", ""Condition"": ""surgical infection prevention"", ""MeasureCode"": ""scip-card-2"", ""MeasureName"": ""surgery patiexts who were takixg heart drugs called beta blockers before comixg to the hospital who were kept ox the beta blockers durixg the period just before axd after their surgery"", ""Score"": ""91%"", ""Sample"": ""11 patients"", ""Stateavg"": ""al_scip-card-2"", ""count"": 1}

Take these rows as reference:

{""ProviderNumber"": ""10007"", ""HospitalName"": ""mizell memorial hospital"", ""Address1"": ""702 n main st"", ""Address2"": ""empty"", ""Address3"": ""empty"", ""City"": ""opp"", ""State"": ""al"", ""ZipCode"": ""36467"", ""CountyName"": ""covington"", ""PhoneNumber"": ""3344933541"", ""HospitalType"": ""acute care hospitals"", ""HospitalOwner"": ""voluntary non-profit - private"", ""EmergencyService"": ""no"", ""Condition"": ""pneumonia"", ""MeasureCode"": ""pn-6"", ""MeasureName"": ""pneumonia patients given the most appropriate initial antibiotic(s)"", ""Score"": ""88%"", ""Sample"": ""57 patients"", ""Stateavg"": ""al_pn-6""}

{""ProviderNumber"": ""10007"", ""HospitalName"": ""mizell memorial hospital"", ""Address1"": ""702 n main st"", ""Address2"": ""empty"", ""Address3"": ""empty"", ""City"": ""opp"", ""State"": ""al"", ""ZipCode"": ""36467"", ""CountyName"": ""covington"", ""PhoneNumber"": ""3344933541"", ""HospitalType"": ""acute care hospitals"", ""HospitalOwner"": ""voluntary non-profit - private"", ""EmergencyService"": ""no"", ""Condition"": ""surgical infection prevention"", ""MeasureCode"": ""scip-inf-4"", ""MeasureName"": ""all heart surgery patients whose blood sugar (blood glucose) is kept under good control in the days right after surgery"", ""Score"": ""empty"", ""Sample"": ""0 patixnts"", ""Stateavg"": ""al_scip-inf-4""}

",,"{""MeasureName"": ""surgery patients who were taking heart drugs called beta blockers before coming to the hospital who were kept on the beta blockers during the period just before and after their surgery""}","  {""MeasureName"": ""surgery patients who were taking heart drugs called beta blockers before coming to the hospital who were kept on the beta blockers during the period just before and after their surgery""}"
54,"You are an expert in Cleaning Hospital Dataset. Given the dirty row Entity 1, you are required to correct the values of HospitalOwner in Entity 1.

Return in json format.

Output Format Example:

{""HospitalOwner"": """"}

Entity 1:

{""ProviderNumber"": ""10007"", ""HospitalName"": ""mizell memorial hospital"", ""Address1"": ""702 n main st"", ""Address2"": ""empty"", ""Address3"": ""empty"", ""City"": ""opp"", ""State"": ""al"", ""ZipCode"": ""36467"", ""CountyName"": ""covington"", ""PhoneNumber"": ""3344933541"", ""HospitalType"": ""acute care hospitals"", ""HospitalOwner"": ""volunxary non-profix - privaxe"", ""EmergencyService"": ""no"", ""Condition"": ""surgical infection prevention"", ""MeasureCode"": ""scip-inf-2"", ""MeasureName"": ""surgery patients who were given the  right kind  of antibiotic to help prevent infection"", ""Score"": ""91%"", ""Sample"": ""101 patients"", ""Stateavg"": ""al_scip-inf-2"", ""count"": 1}

Take these rows as reference:

{""ProviderNumber"": ""10007"", ""HospitalName"": ""mizell memorial hospital"", ""Address1"": ""702 n main st"", ""Address2"": ""empty"", ""Address3"": ""empty"", ""City"": ""opp"", ""State"": ""al"", ""ZipCode"": ""36467"", ""CountyName"": ""covington"", ""PhoneNumber"": ""3344933541"", ""HospitalType"": ""acute care hospitals"", ""HospitalOwner"": ""voluntary non-profit - private"", ""EmergencyService"": ""no"", ""Condition"": ""heart failure"", ""MeasureCode"": ""hf-2"", ""MeasureName"": ""heart failure patients given an evaluation of left ventricular systolic (lvs) function"", ""Score"": ""87%"", ""Sample"": ""76 patients"", ""Stateavg"": ""al_hf-2""}

{""ProviderNumber"": ""10007"", ""HospitalName"": ""mizell memorial hospital"", ""Address1"": ""702 n main st"", ""Address2"": ""empty"", ""Address3"": ""empty"", ""City"": ""opp"", ""State"": ""al"", ""ZipCode"": ""36467"", ""CountyName"": ""covington"", ""PhoneNumber"": ""3344933541"", ""HospitalType"": ""acute care hospitals"", ""HospitalOwner"": ""voluntary non-profit - private"", ""EmergencyService"": ""no"", ""Condition"": ""heart failure"", ""MeasureCode"": ""hf-3"", ""MeasureName"": ""heart failure patients given ace inhibitor or arb for left ventricular systolic dysfunction (lvsd)"", ""Score"": ""64%"", ""Sample"": ""14 patients"", ""Stateavg"": ""al_hf-3""}

",,"{""HospitalOwner"": ""voluntary non-profit - private""}","  {""HospitalOwner"": ""voluntary non-profit - private""}"
55,"You are an expert in Cleaning Hospital Dataset. Given the dirty row Entity 1, you are required to correct the values of Sample in Entity 1.

Return in json format.

Output Format Example:

{""Sample"": """"}

Entity 1:

{""ProviderNumber"": ""10007"", ""HospitalName"": ""mizell memorial hospital"", ""Address1"": ""702 n main st"", ""Address2"": ""empty"", ""Address3"": ""empty"", ""City"": ""opp"", ""State"": ""al"", ""ZipCode"": ""36467"", ""CountyName"": ""covington"", ""PhoneNumber"": ""3344933541"", ""HospitalType"": ""acute care hospitals"", ""HospitalOwner"": ""voluntary non-profit - private"", ""EmergencyService"": ""no"", ""Condition"": ""surgical infection prevention"", ""MeasureCode"": ""scip-inf-4"", ""MeasureName"": ""all heart surgery patients whose blood sugar (blood glucose) is kept under good control in the days right after surgery"", ""Score"": ""empty"", ""Sample"": ""0 patixnts"", ""Stateavg"": ""al_scip-inf-4"", ""count"": 1}

Take these rows as reference:

{""ProviderNumber"": ""10007"", ""HospitalName"": ""mizell memorial hospital"", ""Address1"": ""702 n main st"", ""Address2"": ""empty"", ""Address3"": ""empty"", ""City"": ""opp"", ""State"": ""al"", ""ZipCode"": ""36467"", ""CountyName"": ""covington"", ""PhoneNumber"": ""3344933541"", ""HospitalType"": ""acute care hospitals"", ""HospitalOwner"": ""voluntary non-profit - private"", ""EmergencyService"": ""no"", ""Condition"": ""surgical infection prevention"", ""MeasureCode"": ""scip-vte-1"", ""MeasureName"": ""surgery patients whose doctors ordered treatments to prevent blood clots after certain types of surgeries"", ""Score"": ""87%"", ""Sample"": ""77 patients"", ""Stateavg"": ""al_scip-vte-1""}

{""ProviderNumber"": ""10007"", ""HospitalName"": ""mizell memorial hospital"", ""Address1"": ""702 n main st"", ""Address2"": ""empty"", ""Address3"": ""empty"", ""City"": ""opp"", ""State"": ""xl"", ""ZipCode"": ""36467"", ""CountyName"": ""covington"", ""PhoneNumber"": ""3344933541"", ""HospitalType"": ""acute care hosxitals"", ""HospitalOwner"": ""voluntary non-profit - private"", ""EmergencyService"": ""no"", ""Condition"": ""heart attack"", ""MeasureCode"": ""ami-5"", ""MeasureName"": ""heart attack patients given beta blocker at discharge"", ""Score"": ""100%"", ""Sample"": ""2 patients"", ""Stateavg"": ""al_ami-5""}

",,"{""Sample"": ""0 patients""}","  {""Sample"": ""0 patients""}"
56,"You are an expert in Cleaning Hospital Dataset. Given the dirty row Entity 1, you are required to correct the values of State in Entity 1.

Return in json format.

Output Format Example:

{""State"": """"}

Entity 1:

{""ProviderNumber"": ""10008"", ""HospitalName"": ""crenshaw community hospital"", ""Address1"": ""101 hospital circle"", ""Address2"": ""empty"", ""Address3"": ""empty"", ""City"": ""luverne"", ""State"": ""ax"", ""ZipCode"": ""36049"", ""CountyName"": ""crenshaw"", ""PhoneNumber"": ""3343353374"", ""HospitalType"": ""acute care hospitals"", ""HospitalOwner"": ""government - federal"", ""EmergencyService"": ""yes"", ""Condition"": ""heart attack"", ""MeasureCode"": ""ami-1"", ""MeasureName"": ""heart attack patients given aspirin at arrivax"", ""Score"": ""0%"", ""Sample"": ""1 patients"", ""Stateavg"": ""al_ami-1"", ""count"": 2}

Take these rows as reference:

{""ProviderNumber"": ""10008"", ""HospitalName"": ""crenshaw cxmmunity hxspital"", ""Address1"": ""101 hospital circle"", ""Address2"": ""empty"", ""Address3"": ""empty"", ""City"": ""luverne"", ""State"": ""al"", ""ZipCode"": ""36049"", ""CountyName"": ""crenshaw"", ""PhoneNumber"": ""3343353374"", ""HospitalType"": ""acute care hospitals"", ""HospitalOwner"": ""government - federal"", ""EmergencyService"": ""yes"", ""Condition"": ""pneumonia"", ""MeasureCode"": ""pn-3b"", ""MeasureName"": ""pneumonia patients whose initial emergency room blood culture was performed prior to the administration of the first hospital dose of antibiotics"", ""Score"": ""93%"", ""Sample"": ""15 patients"", ""Stateavg"": ""al_pn-3b""}

{""ProviderNumber"": ""10008"", ""HospitalName"": ""crenshaw cxmmunity hxspital"", ""Address1"": ""101 hospital circle"", ""Address2"": ""empty"", ""Address3"": ""empty"", ""City"": ""luverne"", ""State"": ""al"", ""ZipCode"": ""36049"", ""CountyName"": ""crenshaw"", ""PhoneNumber"": ""3343353374"", ""HospitalType"": ""acute care hospitals"", ""HospitalOwner"": ""government - federal"", ""EmergencyService"": ""yes"", ""Condition"": ""pneumonia"", ""MeasureCode"": ""pn-3b"", ""MeasureName"": ""pneumonia patients whose initial emergency room blood culture was performed prior to the administration of the first hospital dose of antibiotics"", ""Score"": ""93%"", ""Sample"": ""15 patients"", ""Stateavg"": ""al_pn-3b""}

",,"{""State"": ""al""}","  {""State"": ""al""}"
57,"You are an expert in Cleaning Hospital Dataset. Given the dirty row Entity 1, you are required to correct the values of MeasureName in Entity 1.

Return in json format.

Output Format Example:

{""MeasureName"": """"}

Entity 1:

{""ProviderNumber"": ""10008"", ""HospitalName"": ""crenshaw community hospital"", ""Address1"": ""101 hospital circle"", ""Address2"": ""empty"", ""Address3"": ""empty"", ""City"": ""luverne"", ""State"": ""ax"", ""ZipCode"": ""36049"", ""CountyName"": ""crenshaw"", ""PhoneNumber"": ""3343353374"", ""HospitalType"": ""acute care hospitals"", ""HospitalOwner"": ""government - federal"", ""EmergencyService"": ""yes"", ""Condition"": ""heart attack"", ""MeasureCode"": ""ami-1"", ""MeasureName"": ""heart attack patients given aspirin at arrivax"", ""Score"": ""0%"", ""Sample"": ""1 patients"", ""Stateavg"": ""al_ami-1"", ""count"": 2}

Take these rows as reference:

{""ProviderNumber"": ""10008"", ""HospitalName"": ""crenshaw community hospital"", ""Address1"": ""101 hospital circle"", ""Address2"": ""empty"", ""Address3"": ""empty"", ""City"": ""luverne"", ""State"": ""al"", ""ZipCode"": ""36049"", ""CountyName"": ""crenshaw"", ""PhoneNumber"": ""3343353374"", ""HospitalType"": ""acute care hospitals"", ""HospitalOwner"": ""government - federal"", ""EmergencyService"": ""yes"", ""Condition"": ""heart failure"", ""MeasureCode"": ""hf-3"", ""MeasureName"": ""heart failure patients given ace inhibitor or arb for left ventricular systolic dysfunction (lvsd)"", ""Score"": ""75%"", ""Sample"": ""8 patients"", ""Stateavg"": ""al_hf-3""}

{""ProviderNumber"": ""10008"", ""HospitalName"": ""crenshaw community hospital"", ""Address1"": ""101 hospital circle"", ""Address2"": ""empty"", ""Address3"": ""empty"", ""City"": ""luverne"", ""State"": ""al"", ""ZipCode"": ""36049"", ""CountyName"": ""crenshaw"", ""PhoneNumber"": ""3343353374"", ""HospitalType"": ""acute care hospitals"", ""HospitalOwner"": ""government - federal"", ""EmergencyService"": ""yes"", ""Condition"": ""pneumonia"", ""MeasureCode"": ""pn-5c"", ""MeasureName"": ""pneumonia patients given initial antibiotic(s) within 6 hours after arrival"", ""Score"": ""95%"", ""Sample"": ""21 pxtients"", ""Stateavg"": ""al_pn-5c""}

",,"{""MeasureName"": ""heart attack patients given aspirin at arrival""}","  {""MeasureName"": ""heart attack patients given aspirin at arrival""}"
58,"You are an expert in Cleaning Hospital Dataset. Given the dirty row Entity 1, you are required to correct the values of MeasureCode in Entity 1.

Return in json format.

Output Format Example:

{""MeasureCode"": """"}

Entity 1:

{""ProviderNumber"": ""10008"", ""HospitalName"": ""crenshaw community hospital"", ""Address1"": ""101 hospital circle"", ""Address2"": ""empty"", ""Address3"": ""empty"", ""City"": ""luverne"", ""State"": ""al"", ""ZipCode"": ""36049"", ""CountyName"": ""crenshaw"", ""PhoneNumber"": ""3343353374"", ""HospitalType"": ""acute care hospitals"", ""HospitalOwner"": ""government - federal"", ""EmergencyService"": ""yes"", ""Condition"": ""heart attack"", ""MeasureCode"": ""axi-2"", ""MeasureName"": ""heart attack patients given aspirin at discharge"", ""Score"": ""x00%"", ""Sample"": ""1 patients"", ""Stateavg"": ""al_ami-2"", ""count"": 2}

Take these rows as reference:

{""ProviderNumber"": ""10008"", ""HospitalName"": ""crenshaw community hospital"", ""Address1"": ""101 hospital circle"", ""Address2"": ""empty"", ""Address3"": ""empty"", ""City"": ""luverne"", ""State"": ""al"", ""ZipCode"": ""36049"", ""CountyName"": ""crenshaw"", ""PhoneNumber"": ""3343353374"", ""HospitalType"": ""acute care hospitals"", ""HospitalOwner"": ""government - federal"", ""EmergencyService"": ""yes"", ""Condition"": ""heart attack"", ""MeasureCode"": ""ami-8a"", ""MeasureName"": ""heart attack patients given pci within 90 minutes of arrival"", ""Score"": ""empty"", ""Sample"": ""0 patients"", ""Stateavg"": ""al_ami-8a""}

{""ProviderNumber"": ""10008"", ""HospitalName"": ""crenshaw community hospital"", ""Address1"": ""101 hospital circle"", ""Address2"": ""empty"", ""Address3"": ""empty"", ""City"": ""luverne"", ""State"": ""al"", ""ZipCode"": ""36049"", ""CountyName"": ""crenshaw"", ""PhoneNumber"": ""3343353374"", ""HospitalType"": ""acute care hospitals"", ""HospitalOwner"": ""government - federal"", ""EmergencyService"": ""yes"", ""Condition"": ""surgical infection prevention"", ""MeasureCode"": ""scip-vte-1"", ""MeasureName"": ""surgery patients whose doctors ordered treatments to prevent blood clots after certain types of surgeries"", ""Score"": ""100%"", ""Sample"": ""4 patients"", ""Stateavg"": ""al_scip-vte-1""}

",,"{""MeasureCode"": ""ami-2""}","  {""MeasureCode"": ""ami-2""}"
59,"You are an expert in Cleaning Hospital Dataset. Given the dirty row Entity 1, you are required to correct the values of Score in Entity 1.

Return in json format.

Output Format Example:

{""Score"": """"}

Entity 1:

{""ProviderNumber"": ""10008"", ""HospitalName"": ""crenshaw community hospital"", ""Address1"": ""101 hospital circle"", ""Address2"": ""empty"", ""Address3"": ""empty"", ""City"": ""luverne"", ""State"": ""al"", ""ZipCode"": ""36049"", ""CountyName"": ""crenshaw"", ""PhoneNumber"": ""3343353374"", ""HospitalType"": ""acute care hospitals"", ""HospitalOwner"": ""government - federal"", ""EmergencyService"": ""yes"", ""Condition"": ""heart attack"", ""MeasureCode"": ""axi-2"", ""MeasureName"": ""heart attack patients given aspirin at discharge"", ""Score"": ""x00%"", ""Sample"": ""1 patients"", ""Stateavg"": ""al_ami-2"", ""count"": 2}

Take these rows as reference:

{""ProviderNumber"": ""10008"", ""HospitalName"": ""crenshaw community hospital"", ""Address1"": ""101 hospital circle"", ""Address2"": ""empty"", ""Address3"": ""empty"", ""City"": ""luverne"", ""State"": ""al"", ""ZipCode"": ""36049"", ""CountyName"": ""crenshaw"", ""PhoneNumber"": ""3343353374"", ""HospitalType"": ""acute care hospitals"", ""HospitalOwner"": ""government - federal"", ""EmergencyService"": ""yes"", ""Condition"": ""heart failure"", ""MeasureCode"": ""hf-3"", ""MeasureName"": ""heart failure patients given ace inhibitor or arb for left ventricular systolic dysfunction (lvsd)"", ""Score"": ""75%"", ""Sample"": ""8 patients"", ""Stateavg"": ""al_hf-3""}

{""ProviderNumber"": ""10008"", ""HospitalName"": ""crenshaw community hospital"", ""Address1"": ""101 hospital circle"", ""Address2"": ""empty"", ""Address3"": ""empty"", ""City"": ""luverne"", ""State"": ""al"", ""ZipCode"": ""36049"", ""CountyName"": ""crenshaw"", ""PhoneNumber"": ""3343353374"", ""HospitalType"": ""acute care hospitals"", ""HospitalOwner"": ""government - federal"", ""EmergencyService"": ""yes"", ""Condition"": ""heart attack"", ""MeasureCode"": ""ami-8a"", ""MeasureName"": ""heart attack patients given pci within 90 minutes of arrival"", ""Score"": ""empty"", ""Sample"": ""0 patients"", ""Stateavg"": ""al_ami-8a""}

",,"{""Score"": ""100%""}","  {""Score"": ""90%""}"
60,"You are an expert in Cleaning Hospital Dataset. Given the dirty row Entity 1, you are required to correct the values of Condition in Entity 1.

Return in json format.

Output Format Example:

{""Condition"": """"}

Entity 1:

{""ProviderNumber"": ""10008"", ""HospitalName"": ""crenshaw community hospital"", ""Address1"": ""101 hospital circle"", ""Address2"": ""empty"", ""Address3"": ""empty"", ""City"": ""luverne"", ""State"": ""al"", ""ZipCode"": ""36049"", ""CountyName"": ""crenshaw"", ""PhoneNumber"": ""3343353374"", ""HospitalType"": ""acute care hospitals"", ""HospitalOwner"": ""government - federal"", ""EmergencyService"": ""yes"", ""Condition"": ""heaxt failuxe"", ""MeasureCode"": ""hf-2"", ""MeasureName"": ""heart failure patients given an evaluation of left ventricular systolic (lvs) function"", ""Score"": ""72%"", ""Sample"": ""39 patients"", ""Stateavg"": ""al_hf-2"", ""count"": 1}

Take these rows as reference:

{""ProviderNumber"": ""10008"", ""HospitalName"": ""crenshaw community hospital"", ""Address1"": ""101 hospital circle"", ""Address2"": ""empty"", ""Address3"": ""empty"", ""City"": ""luverne"", ""State"": ""ax"", ""ZipCode"": ""36049"", ""CountyName"": ""crenshaw"", ""PhoneNumber"": ""3343353374"", ""HospitalType"": ""acute care hospitals"", ""HospitalOwner"": ""government - federal"", ""EmergencyService"": ""yes"", ""Condition"": ""surgical infection prevention"", ""MeasureCode"": ""scip-inf-4"", ""MeasureName"": ""all heart surgery patients whose blood sugar (blood glucose) is kept under good control in the days right after surgery"", ""Score"": ""empty"", ""Sample"": ""0 patients"", ""Stateavg"": ""al_scip-inf-4""}

{""ProviderNumber"": ""10008"", ""HospitalName"": ""crenshaw community hospital"", ""Address1"": ""101 hospital circle"", ""Address2"": ""empty"", ""Address3"": ""empty"", ""City"": ""luverne"", ""State"": ""al"", ""ZipCode"": ""36049"", ""CountyName"": ""crenshaw"", ""PhoneNumber"": ""3343353374"", ""HospitalType"": ""acute care hospitals"", ""HospitalOwner"": ""government - federal"", ""EmergencyService"": ""yes"", ""Condition"": ""heart attack"", ""MeasureCode"": ""ami-7a"", ""MeasureName"": ""heart attack patients given fibrinolytic medication within 30 minutes of arrival"", ""Score"": ""empty"", ""Sample"": ""0 patients"", ""Stateavg"": ""al_ami-7a""}

",,"{""Condition"": ""heart failure""}","  {""Condition"": ""heart failure""}"
61,"You are an expert in Cleaning Hospital Dataset. Given the dirty row Entity 1, you are required to correct the values of HospitalName in Entity 1.

Return in json format.

Output Format Example:

{""HospitalName"": """"}

Entity 1:

{""ProviderNumber"": ""10008"", ""HospitalName"": ""crenshaw cxmmunity hxspital"", ""Address1"": ""101 hospital circle"", ""Address2"": ""empty"", ""Address3"": ""empty"", ""City"": ""luverne"", ""State"": ""al"", ""ZipCode"": ""36049"", ""CountyName"": ""crenshaw"", ""PhoneNumber"": ""3343353374"", ""HospitalType"": ""acute care hospitals"", ""HospitalOwner"": ""government - federal"", ""EmergencyService"": ""yes"", ""Condition"": ""pneumonia"", ""MeasureCode"": ""pn-3b"", ""MeasureName"": ""pneumonia patients whose initial emergency room blood culture was performed prior to the administration of the first hospital dose of antibiotics"", ""Score"": ""93%"", ""Sample"": ""15 patients"", ""Stateavg"": ""al_pn-3b"", ""count"": 1}

Take these rows as reference:

{""ProviderNumber"": ""10008"", ""HospitalName"": ""crenshaw community hospital"", ""Address1"": ""101 hospital circle"", ""Address2"": ""empty"", ""Address3"": ""empty"", ""City"": ""luverne"", ""State"": ""ax"", ""ZipCode"": ""36049"", ""CountyName"": ""crenshaw"", ""PhoneNumber"": ""3343353374"", ""HospitalType"": ""acute care hospitals"", ""HospitalOwner"": ""government - federal"", ""EmergencyService"": ""yes"", ""Condition"": ""surgical infection prevention"", ""MeasureCode"": ""scip-inf-4"", ""MeasureName"": ""all heart surgery patients whose blood sugar (blood glucose) is kept under good control in the days right after surgery"", ""Score"": ""empty"", ""Sample"": ""0 patients"", ""Stateavg"": ""al_scip-inf-4""}

{""ProviderNumber"": ""10008"", ""HospitalName"": ""crenshaw community hospital"", ""Address1"": ""101 hospital circle"", ""Address2"": ""empty"", ""Address3"": ""empty"", ""City"": ""luverne"", ""State"": ""al"", ""ZipCode"": ""36049"", ""CountyName"": ""crenshaw"", ""PhoneNumber"": ""3343353374"", ""HospitalType"": ""acute care hospitals"", ""HospitalOwner"": ""government - federal"", ""EmergencyService"": ""yes"", ""Condition"": ""pneumonia"", ""MeasureCode"": ""pn-5c"", ""MeasureName"": ""pneumonia patients given initial antibiotic(s) within 6 hours after arrival"", ""Score"": ""95%"", ""Sample"": ""21 pxtients"", ""Stateavg"": ""al_pn-5c""}

",,"{""HospitalName"": ""crenshaw community hospital""}","  {""HospitalName"": ""crenshaw community hospital""}"
62,"You are an expert in Cleaning Hospital Dataset. Given the dirty row Entity 1, you are required to correct the values of Sample in Entity 1.

Return in json format.

Output Format Example:

{""Sample"": """"}

Entity 1:

{""ProviderNumber"": ""10008"", ""HospitalName"": ""crenshaw community hospital"", ""Address1"": ""101 hospital circle"", ""Address2"": ""empty"", ""Address3"": ""empty"", ""City"": ""luverne"", ""State"": ""al"", ""ZipCode"": ""36049"", ""CountyName"": ""crenshaw"", ""PhoneNumber"": ""3343353374"", ""HospitalType"": ""acute care hospitals"", ""HospitalOwner"": ""government - federal"", ""EmergencyService"": ""yes"", ""Condition"": ""pneumonia"", ""MeasureCode"": ""pn-5c"", ""MeasureName"": ""pneumonia patients given initial antibiotic(s) within 6 hours after arrival"", ""Score"": ""95%"", ""Sample"": ""21 pxtients"", ""Stateavg"": ""al_pn-5c"", ""count"": 1}

Take these rows as reference:

{""ProviderNumber"": ""10008"", ""HospitalName"": ""crenshaw cxmmunity hxspital"", ""Address1"": ""101 hospital circle"", ""Address2"": ""empty"", ""Address3"": ""empty"", ""City"": ""luverne"", ""State"": ""al"", ""ZipCode"": ""36049"", ""CountyName"": ""crenshaw"", ""PhoneNumber"": ""3343353374"", ""HospitalType"": ""acute care hospitals"", ""HospitalOwner"": ""government - federal"", ""EmergencyService"": ""yes"", ""Condition"": ""pneumonia"", ""MeasureCode"": ""pn-3b"", ""MeasureName"": ""pneumonia patients whose initial emergency room blood culture was performed prior to the administration of the first hospital dose of antibiotics"", ""Score"": ""93%"", ""Sample"": ""15 patients"", ""Stateavg"": ""al_pn-3b""}

{""ProviderNumber"": ""10008"", ""HospitalName"": ""crenshaw cxmmunity hxspital"", ""Address1"": ""101 hospital circle"", ""Address2"": ""empty"", ""Address3"": ""empty"", ""City"": ""luverne"", ""State"": ""al"", ""ZipCode"": ""36049"", ""CountyName"": ""crenshaw"", ""PhoneNumber"": ""3343353374"", ""HospitalType"": ""acute care hospitals"", ""HospitalOwner"": ""government - federal"", ""EmergencyService"": ""yes"", ""Condition"": ""pneumonia"", ""MeasureCode"": ""pn-3b"", ""MeasureName"": ""pneumonia patients whose initial emergency room blood culture was performed prior to the administration of the first hospital dose of antibiotics"", ""Score"": ""93%"", ""Sample"": ""15 patients"", ""Stateavg"": ""al_pn-3b""}

",,"{""Sample"": ""21 patients""}","  {""Sample"": ""21 patients""}"
63,"You are an expert in Cleaning Hospital Dataset. Given the dirty row Entity 1, you are required to correct the values of CountyName in Entity 1.

Return in json format.

Output Format Example:

{""CountyName"": """"}

Entity 1:

{""ProviderNumber"": ""10008"", ""HospitalName"": ""crenshaw community hospital"", ""Address1"": ""101 hospital circle"", ""Address2"": ""empty"", ""Address3"": ""empty"", ""City"": ""luverne"", ""State"": ""al"", ""ZipCode"": ""36049"", ""CountyName"": ""crxnshaw"", ""PhoneNumber"": ""3343353374"", ""HospitalType"": ""acute care hospitals"", ""HospitalOwner"": ""government - federal"", ""EmergencyService"": ""yes"", ""Condition"": ""surgical infection prevention"", ""MeasureCode"": ""scip-card-2"", ""MeasureName"": ""surgery patients who were taking heart drugs called beta blockers before coming to the hospital who were kept on the beta blockers during the period just before and after their surgery"", ""Score"": ""100%"", ""Sample"": ""1 patients"", ""Stateavg"": ""al_scip-card-2"", ""count"": 1}

Take these rows as reference:

{""ProviderNumber"": ""10008"", ""HospitalName"": ""crenshaw cxmmunity hxspital"", ""Address1"": ""101 hospital circle"", ""Address2"": ""empty"", ""Address3"": ""empty"", ""City"": ""luverne"", ""State"": ""al"", ""ZipCode"": ""36049"", ""CountyName"": ""crenshaw"", ""PhoneNumber"": ""3343353374"", ""HospitalType"": ""acute care hospitals"", ""HospitalOwner"": ""government - federal"", ""EmergencyService"": ""yes"", ""Condition"": ""pneumonia"", ""MeasureCode"": ""pn-3b"", ""MeasureName"": ""pneumonia patients whose initial emergency room blood culture was performed prior to the administration of the first hospital dose of antibiotics"", ""Score"": ""93%"", ""Sample"": ""15 patients"", ""Stateavg"": ""al_pn-3b""}

{""ProviderNumber"": ""10008"", ""HospitalName"": ""crenshaw community hospital"", ""Address1"": ""101 hospital circle"", ""Address2"": ""empty"", ""Address3"": ""empty"", ""City"": ""luverne"", ""State"": ""al"", ""ZipCode"": ""36049"", ""CountyName"": ""crenshaw"", ""PhoneNumber"": ""3343353374"", ""HospitalType"": ""acute care hospitals"", ""HospitalOwner"": ""government - federal"", ""EmergencyService"": ""yes"", ""Condition"": ""heart failure"", ""MeasureCode"": ""hf-4"", ""MeasureName"": ""heart failure patients given smoking cessation advice/counseling"", ""Score"": ""0%"", ""Sample"": ""5 patients"", ""Stateavg"": ""al_hf-4""}

",,"{""CountyName"": ""crenshaw""}","  {""CountyName"": ""crenshaw""}"
64,"You are an expert in Cleaning Hospital Dataset. Given the dirty row Entity 1, you are required to correct the values of ZipCode in Entity 1.

Return in json format.

Output Format Example:

{""ZipCode"": """"}

Entity 1:

{""ProviderNumber"": ""10008"", ""HospitalName"": ""crenshaw community hospital"", ""Address1"": ""101 hospital circle"", ""Address2"": ""empty"", ""Address3"": ""empty"", ""City"": ""luverne"", ""State"": ""al"", ""ZipCode"": ""36x49"", ""CountyName"": ""crenshaw"", ""PhoneNumber"": ""3343353374"", ""HospitalType"": ""acute care hospitals"", ""HospitalOwner"": ""government - federal"", ""EmergencyService"": ""yes"", ""Condition"": ""surgical infection prevention"", ""MeasureCode"": ""scip-inf-1"", ""MeasureName"": ""surgery patients who were given an antibiotic at the right time (within one hour before surgery) to help prevent infection"", ""Score"": ""100%"", ""Sample"": ""2 patients"", ""Stateavg"": ""al_scip-inf-1"", ""count"": 1}

Take these rows as reference:

{""ProviderNumber"": ""10008"", ""HospitalName"": ""crenshaw community hospital"", ""Address1"": ""101 hospital circle"", ""Address2"": ""empty"", ""Address3"": ""empty"", ""City"": ""luverne"", ""State"": ""al"", ""ZipCode"": ""36049"", ""CountyName"": ""crenshaw"", ""PhoneNumber"": ""3343353374"", ""HospitalType"": ""acute care hospitals"", ""HospitalOwner"": ""government - federal"", ""EmergencyService"": ""yes"", ""Condition"": ""pneumonia"", ""MeasureCode"": ""pn-5c"", ""MeasureName"": ""pneumonia patients given initial antibiotic(s) within 6 hours after arrival"", ""Score"": ""95%"", ""Sample"": ""21 pxtients"", ""Stateavg"": ""al_pn-5c""}

{""ProviderNumber"": ""10008"", ""HospitalName"": ""crenshaw community hospital"", ""Address1"": ""101 hospital circle"", ""Address2"": ""empty"", ""Address3"": ""empty"", ""City"": ""luverne"", ""State"": ""al"", ""ZipCode"": ""36049"", ""CountyName"": ""crenshaw"", ""PhoneNumber"": ""3343353374"", ""HospitalType"": ""acute care hospitals"", ""HospitalOwner"": ""government - federal"", ""EmergencyService"": ""yes"", ""Condition"": ""heart attack"", ""MeasureCode"": ""ami-3"", ""MeasureName"": ""heart attack patients given ace inhibitor or arb for left ventricular systolic dysfunction (lvsd)"", ""Score"": ""empty"", ""Sample"": ""0 patients"", ""Stateavg"": ""al_ami-3""}

",,"{""ZipCode"": ""36049""}","  {""ZipCode"": ""36049""}"
65,"You are an expert in Cleaning Hospital Dataset. Given the dirty row Entity 1, you are required to correct the values of ZipCode in Entity 1.

Return in json format.

Output Format Example:

{""ZipCode"": """"}

Entity 1:

{""ProviderNumber"": ""10008"", ""HospitalName"": ""crenshaw community hospital"", ""Address1"": ""101 hospital circle"", ""Address2"": ""empty"", ""Address3"": ""empty"", ""City"": ""luverne"", ""State"": ""al"", ""ZipCode"": ""360x9"", ""CountyName"": ""crenshaw"", ""PhoneNumber"": ""3343353374"", ""HospitalType"": ""acute care hospitals"", ""HospitalOwner"": ""government - federal"", ""EmergencyService"": ""yes"", ""Condition"": ""surgical infection prevention"", ""MeasureCode"": ""scip-inf-3"", ""MeasureName"": ""surgery patients whose preventive antibiotics were stopped at the right time (within 24 hours after surgery)"", ""Score"": ""100%"", ""Sample"": ""2 patients"", ""Stateavg"": ""al_scip-inf-3"", ""count"": 1}

Take these rows as reference:

{""ProviderNumber"": ""10008"", ""HospitalName"": ""crenshaw community hospital"", ""Address1"": ""101 hospital circle"", ""Address2"": ""empty"", ""Address3"": ""empty"", ""City"": ""luverne"", ""State"": ""al"", ""ZipCode"": ""36049"", ""CountyName"": ""crenshaw"", ""PhoneNumber"": ""3343353374"", ""HospitalType"": ""acute care hospitals"", ""HospitalOwner"": ""government - federal"", ""EmergencyService"": ""yes"", ""Condition"": ""surgical infection prevention"", ""MeasureCode"": ""scip-inf-6"", ""MeasureName"": ""surgery patients needing hair removed from the surgical area before surgery who had hair removed using a safer method (electric clippers or hair removal cream c not a razor)"", ""Score"": ""100%"", ""Sample"": ""4 patients"", ""Stateavg"": ""al_scip-inf-6""}

{""ProviderNumber"": ""10008"", ""HospitalName"": ""crenshaw community hospital"", ""Address1"": ""101 hospital circle"", ""Address2"": ""empty"", ""Address3"": ""empty"", ""City"": ""luverne"", ""State"": ""ax"", ""ZipCode"": ""36049"", ""CountyName"": ""crenshaw"", ""PhoneNumber"": ""3343353374"", ""HospitalType"": ""acute care hospitals"", ""HospitalOwner"": ""government - federal"", ""EmergencyService"": ""yes"", ""Condition"": ""surgical infection prevention"", ""MeasureCode"": ""scip-inf-4"", ""MeasureName"": ""all heart surgery patients whose blood sugar (blood glucose) is kept under good control in the days right after surgery"", ""Score"": ""empty"", ""Sample"": ""0 patients"", ""Stateavg"": ""al_scip-inf-4""}

",,"{""ZipCode"": ""36049""}","  {""ZipCode"": ""36049""}"
66,"You are an expert in Cleaning Hospital Dataset. Given the dirty row Entity 1, you are required to correct the values of State in Entity 1.

Return in json format.

Output Format Example:

{""State"": """"}

Entity 1:

{""ProviderNumber"": ""10008"", ""HospitalName"": ""crenshaw community hospital"", ""Address1"": ""101 hospital circle"", ""Address2"": ""empty"", ""Address3"": ""empty"", ""City"": ""luverne"", ""State"": ""ax"", ""ZipCode"": ""36049"", ""CountyName"": ""crenshaw"", ""PhoneNumber"": ""3343353374"", ""HospitalType"": ""acute care hospitals"", ""HospitalOwner"": ""government - federal"", ""EmergencyService"": ""yes"", ""Condition"": ""surgical infection prevention"", ""MeasureCode"": ""scip-inf-4"", ""MeasureName"": ""all heart surgery patients whose blood sugar (blood glucose) is kept under good control in the days right after surgery"", ""Score"": ""empty"", ""Sample"": ""0 patients"", ""Stateavg"": ""al_scip-inf-4"", ""count"": 1}

Take these rows as reference:

{""ProviderNumber"": ""10008"", ""HospitalName"": ""crenshaw community hospital"", ""Address1"": ""101 hospital circle"", ""Address2"": ""empty"", ""Address3"": ""empty"", ""City"": ""luverne"", ""State"": ""al"", ""ZipCode"": ""36049"", ""CountyName"": ""crenshaw"", ""PhoneNumber"": ""3343353374"", ""HospitalType"": ""acute care hospitals"", ""HospitalOwner"": ""government - federal"", ""EmergencyService"": ""yes"", ""Condition"": ""surgical infection prevention"", ""MeasureCode"": ""scip-vte-1"", ""MeasureName"": ""surgery patients whose doctors ordered treatments to prevent blood clots after certain types of surgeries"", ""Score"": ""100%"", ""Sample"": ""4 patients"", ""Stateavg"": ""al_scip-vte-1""}

{""ProviderNumber"": ""10008"", ""HospitalName"": ""crenshaw cxmmunity hxspital"", ""Address1"": ""101 hospital circle"", ""Address2"": ""empty"", ""Address3"": ""empty"", ""City"": ""luverne"", ""State"": ""al"", ""ZipCode"": ""36049"", ""CountyName"": ""crenshaw"", ""PhoneNumber"": ""3343353374"", ""HospitalType"": ""acute care hospitals"", ""HospitalOwner"": ""government - federal"", ""EmergencyService"": ""yes"", ""Condition"": ""pneumonia"", ""MeasureCode"": ""pn-3b"", ""MeasureName"": ""pneumonia patients whose initial emergency room blood culture was performed prior to the administration of the first hospital dose of antibiotics"", ""Score"": ""93%"", ""Sample"": ""15 patients"", ""Stateavg"": ""al_pn-3b""}

",,"{""State"": ""al""}","  {""State"": ""al""}"
67,"You are an expert in Cleaning Hospital Dataset. Given the dirty row Entity 1, you are required to correct the values of MeasureName in Entity 1.

Return in json format.

Output Format Example:

{""MeasureName"": """"}

Entity 1:

{""ProviderNumber"": ""10009"", ""HospitalName"": ""hartselle medical center"", ""Address1"": ""201 pine street northwest"", ""Address2"": ""empty"", ""Address3"": ""empty"", ""City"": ""hartselle"", ""State"": ""al"", ""ZipCode"": ""35640"", ""CountyName"": ""morgan"", ""PhoneNumber"": ""2567736511"", ""HospitalType"": ""acute care hospitals"", ""HospitalOwner"": ""proprietary"", ""EmergencyService"": ""yes"", ""Condition"": ""heart attack"", ""MeasureCode"": ""ami-2"", ""MeasureName"": ""heart attaxk patients given aspirin at disxharge"", ""Score"": ""100%"", ""Sample"": ""1 patients"", ""Stateavg"": ""al_ami-2"", ""count"": 1}

Take these rows as reference:

{""ProviderNumber"": ""10009"", ""HospitalName"": ""hartselle medical center"", ""Address1"": ""201 pine street northwest"", ""Address2"": ""empty"", ""Address3"": ""empty"", ""City"": ""hartselle"", ""State"": ""al"", ""ZipCode"": ""35640"", ""CountyName"": ""morgan"", ""PhoneNumber"": ""2567736511"", ""HospitalType"": ""acute care hospitals"", ""HospitalOwner"": ""proprietary"", ""EmergencyService"": ""yes"", ""Condition"": ""heart attack"", ""MeasureCode"": ""ami-4"", ""MeasureName"": ""heart attack patients given smoking cessation advice/counseling"", ""Score"": ""100%"", ""Sample"": ""2 patients"", ""Stateavg"": ""al_ami-4""}

{""ProviderNumber"": ""10009"", ""HospitalName"": ""hartselle medical center"", ""Address1"": ""201 pine street northwest"", ""Address2"": ""empty"", ""Address3"": ""empty"", ""City"": ""hartselle"", ""State"": ""al"", ""ZipCode"": ""35640"", ""CountyName"": ""morgan"", ""PhoneNumber"": ""2567736511"", ""HospitalType"": ""acute care hospitals"", ""HospitalOwner"": ""proprietary"", ""EmergencyService"": ""yes"", ""Condition"": ""surgical infection prevention"", ""MeasureCode"": ""scip-inf-6"", ""MeasureName"": ""surgery patients needing hair removed from the surgical area before surgery who had hair removed using a safer method (electric clippers or hair removal cream c not a razor)"", ""Score"": ""100%"", ""Sample"": ""xx patients"", ""Stateavg"": ""al_scip-inf-6""}

",,"{""MeasureName"": ""heart attack patients given aspirin at discharge""}","  {""MeasureName"": ""heart attack patients given aspirin at discharge""}"
68,"You are an expert in Cleaning Hospital Dataset. Given the dirty row Entity 1, you are required to correct the values of ZipCode in Entity 1.

Return in json format.

Output Format Example:

{""ZipCode"": """"}

Entity 1:

{""ProviderNumber"": ""10009"", ""HospitalName"": ""hartselle medical center"", ""Address1"": ""201 pine street northwest"", ""Address2"": ""empty"", ""Address3"": ""empty"", ""City"": ""hartselle"", ""State"": ""al"", ""ZipCode"": ""3x640"", ""CountyName"": ""morgan"", ""PhoneNumber"": ""2567736511"", ""HospitalType"": ""acute care hospitals"", ""HospitalOwner"": ""proprietary"", ""EmergencyService"": ""yes"", ""Condition"": ""heart attack"", ""MeasureCode"": ""ami-7a"", ""MeasureName"": ""heart attack patients given fibrinolytic medication within 30 minutes of arrival"", ""Score"": ""empty"", ""Sample"": ""0 patients"", ""Stateavg"": ""al_ami-7a"", ""count"": 1}

Take these rows as reference:

{""ProviderNumber"": ""10009"", ""HospitalName"": ""hartselle medical center"", ""Address1"": ""201 pine street northwest"", ""Address2"": ""empty"", ""Address3"": ""empty"", ""City"": ""hartselle"", ""State"": ""al"", ""ZipCode"": ""35640"", ""CountyName"": ""morgan"", ""PhoneNumber"": ""2567736511"", ""HospitalType"": ""acute care hospitals"", ""HospitalOwner"": ""proprietary"", ""EmergencyService"": ""yes"", ""Condition"": ""surgical infection prevention"", ""MeasureCode"": ""scip-inf-6"", ""MeasureName"": ""surgery patients needing hair removed from the surgical area before surgery who had hair removed using a safer method (electric clippers or hair removal cream c not a razor)"", ""Score"": ""100%"", ""Sample"": ""xx patients"", ""Stateavg"": ""al_scip-inf-6""}

{""ProviderNumber"": ""10009"", ""HospitalName"": ""hartselle medical center"", ""Address1"": ""201 pine street northwest"", ""Address2"": ""empty"", ""Address3"": ""empty"", ""City"": ""hartselle"", ""State"": ""al"", ""ZipCode"": ""35640"", ""CountyName"": ""morgan"", ""PhoneNumber"": ""2567736511"", ""HospitalType"": ""acute care hospitals"", ""HospitalOwner"": ""proprietary"", ""EmergencyService"": ""yes"", ""Condition"": ""heart attack"", ""MeasureCode"": ""ami-8a"", ""MeasureName"": ""heart attack patients given pci within 90 minutes of arrival"", ""Score"": ""empty"", ""Sample"": ""0 patients"", ""Stateavg"": ""al_ami-8a""}

",,"{""ZipCode"": ""35640""}","  {""ZipCode"": ""35640""}"
69,"You are an expert in Cleaning Hospital Dataset. Given the dirty row Entity 1, you are required to correct the values of ZipCode in Entity 1.

Return in json format.

Output Format Example:

{""ZipCode"": """"}

Entity 1:

{""ProviderNumber"": ""10009"", ""HospitalName"": ""hartselle medical center"", ""Address1"": ""201 pine street northwest"", ""Address2"": ""empty"", ""Address3"": ""empty"", ""City"": ""hartselle"", ""State"": ""al"", ""ZipCode"": ""3x640"", ""CountyName"": ""morgan"", ""PhoneNumber"": ""2567736511"", ""HospitalType"": ""acute care hospitals"", ""HospitalOwner"": ""pxopxietaxy"", ""EmergencyService"": ""yxs"", ""Condition"": ""pneumonia"", ""MeasureCode"": ""pn-4"", ""MeasureName"": ""pneumonia patients given smoking cessation advice/counseling"", ""Score"": ""100%"", ""Sample"": ""25 patients"", ""Stateavg"": ""al_pn-4"", ""count"": 3}

Take these rows as reference:

{""ProviderNumber"": ""10009"", ""HospitalName"": ""hartselle medical center"", ""Address1"": ""201 pine street northwest"", ""Address2"": ""empty"", ""Address3"": ""empty"", ""City"": ""hartselle"", ""State"": ""al"", ""ZipCode"": ""35640"", ""CountyName"": ""morgan"", ""PhoneNumber"": ""2567736511"", ""HospitalType"": ""acute care hospitals"", ""HospitalOwner"": ""proprietary"", ""EmergencyService"": ""yes"", ""Condition"": ""surgical infection prevention"", ""MeasureCode"": ""scip-inf-6"", ""MeasureName"": ""surgery patients needing hair removed from the surgical area before surgery who had hair removed using a safer method (electric clippers or hair removal cream c not a razor)"", ""Score"": ""100%"", ""Sample"": ""xx patients"", ""Stateavg"": ""al_scip-inf-6""}

{""ProviderNumber"": ""10009"", ""HospitalName"": ""hartselle medical center"", ""Address1"": ""201 pine street northwest"", ""Address2"": ""empty"", ""Address3"": ""empty"", ""City"": ""hartselle"", ""State"": ""al"", ""ZipCode"": ""35640"", ""CountyName"": ""morgan"", ""PhoneNumber"": ""2567736511"", ""HospitalType"": ""acute care hospitals"", ""HospitalOwner"": ""proprietary"", ""EmergencyService"": ""yes"", ""Condition"": ""heart attack"", ""MeasureCode"": ""ami-3"", ""MeasureName"": ""heart attack patients given ace inhibitor or arb for left ventricular systolic dysfunction (lvsd)"", ""Score"": ""100%"", ""Sample"": ""1 patients"", ""Stateavg"": ""al_ami-3""}

",,"{""ZipCode"": ""35640""}","  {""ZipCode"": ""35640""}"
70,"You are an expert in Cleaning Hospital Dataset. Given the dirty row Entity 1, you are required to correct the values of HospitalOwner in Entity 1.

Return in json format.

Output Format Example:

{""HospitalOwner"": """"}

Entity 1:

{""ProviderNumber"": ""10009"", ""HospitalName"": ""hartselle medical center"", ""Address1"": ""201 pine street northwest"", ""Address2"": ""empty"", ""Address3"": ""empty"", ""City"": ""hartselle"", ""State"": ""al"", ""ZipCode"": ""3x640"", ""CountyName"": ""morgan"", ""PhoneNumber"": ""2567736511"", ""HospitalType"": ""acute care hospitals"", ""HospitalOwner"": ""pxopxietaxy"", ""EmergencyService"": ""yxs"", ""Condition"": ""pneumonia"", ""MeasureCode"": ""pn-4"", ""MeasureName"": ""pneumonia patients given smoking cessation advice/counseling"", ""Score"": ""100%"", ""Sample"": ""25 patients"", ""Stateavg"": ""al_pn-4"", ""count"": 3}

Take these rows as reference:

{""ProviderNumber"": ""10009"", ""HospitalName"": ""hartselle medical center"", ""Address1"": ""201 pine street northwest"", ""Address2"": ""empty"", ""Address3"": ""empty"", ""City"": ""hartselle"", ""State"": ""al"", ""ZipCode"": ""35640"", ""CountyName"": ""morgan"", ""PhoneNumber"": ""2567736511"", ""HospitalType"": ""acute care hospitals"", ""HospitalOwner"": ""proxrietary"", ""EmergencyService"": ""yes"", ""Condition"": ""pneumonia"", ""MeasureCode"": ""pn-6"", ""MeasureName"": ""pneumonia patients given the most appropriate initial antibiotic(s)"", ""Score"": ""100%"", ""Sample"": ""45 patients"", ""Stateavg"": ""al_pn-6""}

{""ProviderNumber"": ""10009"", ""HospitalName"": ""hartselle medical center"", ""Address1"": ""201 pine street northwest"", ""Address2"": ""empty"", ""Address3"": ""empty"", ""City"": ""hartselle"", ""State"": ""al"", ""ZipCode"": ""35640"", ""CountyName"": ""morgan"", ""PhoneNumber"": ""2567736511"", ""HospitalType"": ""acute care hospitals"", ""HospitalOwner"": ""proprietary"", ""EmergencyService"": ""yes"", ""Condition"": ""surgical infection prevention"", ""MeasureCode"": ""scip-vte-1"", ""MeasureName"": ""surgery patients whose doctors ordered treatments to prevent blood clots after certain types of surgeries"", ""Score"": ""78%"", ""Sample"": ""9 patients"", ""Stateavg"": ""al_scip-vte-1""}

",,"{""HospitalOwner"": ""proprietary""}","  {""HospitalOwner"": ""proprietary""}"
71,"You are an expert in Cleaning Hospital Dataset. Given the dirty row Entity 1, you are required to correct the values of EmergencyService in Entity 1.

Return in json format.

Output Format Example:

{""EmergencyService"": """"}

Entity 1:

{""ProviderNumber"": ""10009"", ""HospitalName"": ""hartselle medical center"", ""Address1"": ""201 pine street northwest"", ""Address2"": ""empty"", ""Address3"": ""empty"", ""City"": ""hartselle"", ""State"": ""al"", ""ZipCode"": ""3x640"", ""CountyName"": ""morgan"", ""PhoneNumber"": ""2567736511"", ""HospitalType"": ""acute care hospitals"", ""HospitalOwner"": ""pxopxietaxy"", ""EmergencyService"": ""yxs"", ""Condition"": ""pneumonia"", ""MeasureCode"": ""pn-4"", ""MeasureName"": ""pneumonia patients given smoking cessation advice/counseling"", ""Score"": ""100%"", ""Sample"": ""25 patients"", ""Stateavg"": ""al_pn-4"", ""count"": 3}

Take these rows as reference:

{""ProviderNumber"": ""10009"", ""HospitalName"": ""hartselle medical center"", ""Address1"": ""201 pine street northwest"", ""Address2"": ""empty"", ""Address3"": ""empty"", ""City"": ""hartselle"", ""State"": ""al"", ""ZipCode"": ""35640"", ""CountyName"": ""morgan"", ""PhoneNumber"": ""2567736511"", ""HospitalType"": ""acute care hospitals"", ""HospitalOwner"": ""proprietary"", ""EmergencyService"": ""yes"", ""Condition"": ""heart attack"", ""MeasureCode"": ""ami-3"", ""MeasureName"": ""heart attack patients given ace inhibitor or arb for left ventricular systolic dysfunction (lvsd)"", ""Score"": ""100%"", ""Sample"": ""1 patients"", ""Stateavg"": ""al_ami-3""}

{""ProviderNumber"": ""10009"", ""HospitalName"": ""hartselle medical center"", ""Address1"": ""201 pine street northwest"", ""Address2"": ""empty"", ""Address3"": ""empty"", ""City"": ""hartselle"", ""State"": ""al"", ""ZipCode"": ""35640"", ""CountyName"": ""morgan"", ""PhoneNumber"": ""2567736511"", ""HospitalType"": ""acute care hospitals"", ""HospitalOwner"": ""proprietary"", ""EmergencyService"": ""yes"", ""Condition"": ""heart attack"", ""MeasureCode"": ""ami-4"", ""MeasureName"": ""heart attack patients given smoking cessation advice/counseling"", ""Score"": ""100%"", ""Sample"": ""2 patients"", ""Stateavg"": ""al_ami-4""}

",,"{""EmergencyService"": ""yes""}","  {""EmergencyService"": ""yes""}"
72,"You are an expert in Cleaning Hospital Dataset. Given the dirty row Entity 1, you are required to correct the values of Score in Entity 1.

Return in json format.

Output Format Example:

{""Score"": """"}

Entity 1:

{""ProviderNumber"": ""10009"", ""HospitalName"": ""hartselle medical center"", ""Address1"": ""201 pine street northwest"", ""Address2"": ""empty"", ""Address3"": ""empty"", ""City"": ""hartselle"", ""State"": ""al"", ""ZipCode"": ""35640"", ""CountyName"": ""morgan"", ""PhoneNumber"": ""2567736511"", ""HospitalType"": ""acute care hospitals"", ""HospitalOwner"": ""proprietary"", ""EmergencyService"": ""yes"", ""Condition"": ""pneumonia"", ""MeasureCode"": ""pn-5c"", ""MeasureName"": ""pneumonia patients given initial antibiotic(s) within 6 hours after arrival"", ""Score"": ""9x%"", ""Sample"": ""51 patients"", ""Stateavg"": ""al_pn-5c"", ""count"": 1}

Take these rows as reference:

{""ProviderNumber"": ""10009"", ""HospitalName"": ""hartselle medical center"", ""Address1"": ""201 pine street northwest"", ""Address2"": ""empty"", ""Address3"": ""empty"", ""City"": ""hartselle"", ""State"": ""al"", ""ZipCode"": ""35640"", ""CountyName"": ""morgan"", ""PhoneNumber"": ""2567736511"", ""HospitalType"": ""acute care hospitals"", ""HospitalOwner"": ""proprietary"", ""EmergencyService"": ""yes"", ""Condition"": ""heart failure"", ""MeasureCode"": ""hf-2"", ""MeasureName"": ""heart failure patients given an evaluation of left ventricular systolic (lvs) function"", ""Score"": ""98%"", ""Sample"": ""42 patients"", ""Stateavg"": ""al_hf-2""}

{""ProviderNumber"": ""10009"", ""HospitalName"": ""hartselle medical center"", ""Address1"": ""201 pine street northwest"", ""Address2"": ""empty"", ""Address3"": ""empty"", ""City"": ""hartselle"", ""State"": ""al"", ""ZipCode"": ""35640"", ""CountyName"": ""morgan"", ""PhoneNumber"": ""2567736511"", ""HospitalType"": ""acute care hospitals"", ""HospitalOwner"": ""proprietary"", ""EmergencyService"": ""yes"", ""Condition"": ""heart failure"", ""MeasureCode"": ""hf-3"", ""MeasureName"": ""heart failure patients given ace inhibitor or arb for left ventricular systolic dysfunction (lvsd)"", ""Score"": ""100%"", ""Sample"": ""10 patients"", ""Stateavg"": ""al_hf-3""}

",,"{""Score"": ""98%""}","  {""Score"": ""98%""}"
73,"You are an expert in Cleaning Hospital Dataset. Given the dirty row Entity 1, you are required to correct the values of HospitalOwner in Entity 1.

Return in json format.

Output Format Example:

{""HospitalOwner"": """"}

Entity 1:

{""ProviderNumber"": ""10009"", ""HospitalName"": ""hartselle medical center"", ""Address1"": ""201 pine street northwest"", ""Address2"": ""empty"", ""Address3"": ""empty"", ""City"": ""hartselle"", ""State"": ""al"", ""ZipCode"": ""35640"", ""CountyName"": ""morgan"", ""PhoneNumber"": ""2567736511"", ""HospitalType"": ""acute care hospitals"", ""HospitalOwner"": ""proxrietary"", ""EmergencyService"": ""yes"", ""Condition"": ""pneumonia"", ""MeasureCode"": ""pn-6"", ""MeasureName"": ""pneumonia patients given the most appropriate initial antibiotic(s)"", ""Score"": ""100%"", ""Sample"": ""45 patients"", ""Stateavg"": ""al_pn-6"", ""count"": 1}

Take these rows as reference:

{""ProviderNumber"": ""10009"", ""HospitalName"": ""hartselle medical center"", ""Address1"": ""201 pine street northwest"", ""Address2"": ""empty"", ""Address3"": ""empty"", ""City"": ""hartselle"", ""State"": ""al"", ""ZipCode"": ""35640"", ""CountyName"": ""morgan"", ""PhoneNumber"": ""2567736511"", ""HospitalType"": ""acute care hospitals"", ""HospitalOwner"": ""proprietary"", ""EmergencyService"": ""yes"", ""Condition"": ""heart attack"", ""MeasureCode"": ""ami-8a"", ""MeasureName"": ""heart attack patients given pci within 90 minutes of arrival"", ""Score"": ""empty"", ""Sample"": ""0 patients"", ""Stateavg"": ""al_ami-8a""}

{""ProviderNumber"": ""10009"", ""HospitalName"": ""hartselle medical center"", ""Address1"": ""201 pine street northwest"", ""Address2"": ""empty"", ""Address3"": ""empty"", ""City"": ""hartselle"", ""State"": ""al"", ""ZipCode"": ""35640"", ""CountyName"": ""morgan"", ""PhoneNumber"": ""2567736511"", ""HospitalType"": ""acute care hospitals"", ""HospitalOwner"": ""proxrietary"", ""EmergencyService"": ""yes"", ""Condition"": ""pneumonia"", ""MeasureCode"": ""pn-6"", ""MeasureName"": ""pneumonia patients given the most appropriate initial antibiotic(s)"", ""Score"": ""100%"", ""Sample"": ""45 patients"", ""Stateavg"": ""al_pn-6""}

",,"{""HospitalOwner"": ""proprietary""}","  {""HospitalOwner"": ""proprietary""}"
74,"You are an expert in Cleaning Hospital Dataset. Given the dirty row Entity 1, you are required to correct the values of Address1 in Entity 1.

Return in json format.

Output Format Example:

{""Address1"": """"}

Entity 1:

{""ProviderNumber"": ""10009"", ""HospitalName"": ""hartselle medical center"", ""Address1"": ""201 pine sxreex norxhwesx"", ""Address2"": ""empty"", ""Address3"": ""empty"", ""City"": ""hartselle"", ""State"": ""al"", ""ZipCode"": ""35640"", ""CountyName"": ""morgan"", ""PhoneNumber"": ""2567736511"", ""HospitalType"": ""acute care hospitals"", ""HospitalOwner"": ""proprietary"", ""EmergencyService"": ""yes"", ""Condition"": ""surgical infection prevention"", ""MeasureCode"": ""scip-card-2"", ""MeasureName"": ""surgery patients who were taking heart drugs called beta blockers before coming to the hospital who were kept on the beta blockers during the period just before and after their surgery"", ""Score"": ""67%"", ""Sample"": ""3 patients"", ""Stateavg"": ""al_scip-card-2"", ""count"": 1}

Take these rows as reference:

{""ProviderNumber"": ""10009"", ""HospitalName"": ""hartselle medical center"", ""Address1"": ""201 pine street northwest"", ""Address2"": ""empty"", ""Address3"": ""empty"", ""City"": ""hartselle"", ""State"": ""al"", ""ZipCode"": ""35640"", ""CountyName"": ""morgan"", ""PhoneNumber"": ""2567736511"", ""HospitalType"": ""acute care hospitals"", ""HospitalOwner"": ""proprietary"", ""EmergencyService"": ""yes"", ""Condition"": ""heart failure"", ""MeasureCode"": ""hf-2"", ""MeasureName"": ""heart failure patients given an evaluation of left ventricular systolic (lvs) function"", ""Score"": ""98%"", ""Sample"": ""42 patients"", ""Stateavg"": ""al_hf-2""}

{""ProviderNumber"": ""10008"", ""HospitalName"": ""crenshaw community hospital"", ""Address1"": ""101 hospital circle"", ""Address2"": ""empty"", ""Address3"": ""empty"", ""City"": ""luverne"", ""State"": ""al"", ""ZipCode"": ""36049"", ""CountyName"": ""crenshaw"", ""PhoneNumber"": ""3343353374"", ""HospitalType"": ""acute care hospitals"", ""HospitalOwner"": ""government - federal"", ""EmergencyService"": ""yes"", ""Condition"": ""surgical infection prevention"", ""MeasureCode"": ""scip-vte-2"", ""MeasureName"": ""patients who got treatment  at the right time (within 24 hours before or after their surgery) to help prevent blood clots after certain types of surgery"", ""Score"": ""100%"", ""Sample"": ""4 patients"", ""Stateavg"": ""al_scip-vte-2""}

",,"{""Address1"": ""201 pine street northwest""}","  {""Address1"": ""201 pine street northwest""}"
75,"You are an expert in Cleaning Hospital Dataset. Given the dirty row Entity 1, you are required to correct the values of HospitalOwner in Entity 1.

Return in json format.

Output Format Example:

{""HospitalOwner"": """"}

Entity 1:

{""ProviderNumber"": ""10009"", ""HospitalName"": ""hartselle medical center"", ""Address1"": ""201 pine street northwest"", ""Address2"": ""empty"", ""Address3"": ""empty"", ""City"": ""hartselle"", ""State"": ""al"", ""ZipCode"": ""35640"", ""CountyName"": ""morgan"", ""PhoneNumber"": ""2567736511"", ""HospitalType"": ""acute care hospitals"", ""HospitalOwner"": ""xroprietary"", ""EmergencyService"": ""yes"", ""Condition"": ""surgical infection prevention"", ""MeasureCode"": ""scip-inf-1"", ""MeasureName"": ""surgery patients who were given an antibiotic at the right time (within one hour before surgery) to help prevent infection"", ""Score"": ""100%"", ""Sample"": ""6 patients"", ""Stateavg"": ""al_scip-inf-1"", ""count"": 1}

Take these rows as reference:

{""ProviderNumber"": ""10009"", ""HospitalName"": ""hartselle medical center"", ""Address1"": ""201 pine street northwest"", ""Address2"": ""empty"", ""Address3"": ""empty"", ""City"": ""hartselle"", ""State"": ""al"", ""ZipCode"": ""35640"", ""CountyName"": ""morgan"", ""PhoneNumber"": ""2567736511"", ""HospitalType"": ""acute care hospitals"", ""HospitalOwner"": ""proprietary"", ""EmergencyService"": ""yes"", ""Condition"": ""heart attack"", ""MeasureCode"": ""ami-2"", ""MeasureName"": ""heart attaxk patients given aspirin at disxharge"", ""Score"": ""100%"", ""Sample"": ""1 patients"", ""Stateavg"": ""al_ami-2""}

{""ProviderNumber"": ""10009"", ""HospitalName"": ""hartselle medical center"", ""Address1"": ""201 pine street northwest"", ""Address2"": ""empty"", ""Address3"": ""empty"", ""City"": ""hartselle"", ""State"": ""al"", ""ZipCode"": ""35640"", ""CountyName"": ""morgan"", ""PhoneNumber"": ""2567736511"", ""HospitalType"": ""acute care hospitals"", ""HospitalOwner"": ""proprietary"", ""EmergencyService"": ""yes"", ""Condition"": ""heart attack"", ""MeasureCode"": ""ami-8a"", ""MeasureName"": ""heart attack patients given pci within 90 minutes of arrival"", ""Score"": ""empty"", ""Sample"": ""0 patients"", ""Stateavg"": ""al_ami-8a""}

",,"{""HospitalOwner"": ""proprietary""}","  {""HospitalOwner"": ""proprietary""}"
76,"You are an expert in Cleaning Hospital Dataset. Given the dirty row Entity 1, you are required to correct the values of Score in Entity 1.

Return in json format.

Output Format Example:

{""Score"": """"}

Entity 1:

{""ProviderNumber"": ""10009"", ""HospitalName"": ""hartselle medical center"", ""Address1"": ""201 pine street northwest"", ""Address2"": ""empty"", ""Address3"": ""empty"", ""City"": ""hartselle"", ""State"": ""al"", ""ZipCode"": ""35640"", ""CountyName"": ""morgan"", ""PhoneNumber"": ""2567736511"", ""HospitalType"": ""acute care hospitals"", ""HospitalOwner"": ""proprietary"", ""EmergencyService"": ""yes"", ""Condition"": ""surgical infection prevention"", ""MeasureCode"": ""scip-inf-2"", ""MeasureName"": ""surgery patients who were given the  right kind  of antibiotic to help prevent infection"", ""Score"": ""x7%"", ""Sample"": ""7 patients"", ""Stateavg"": ""al_scip-inf-2"", ""count"": 1}

Take these rows as reference:

{""ProviderNumber"": ""10009"", ""HospitalName"": ""hartselle medical center"", ""Address1"": ""201 pine street northwest"", ""Address2"": ""empty"", ""Address3"": ""empty"", ""City"": ""hartselle"", ""State"": ""al"", ""ZipCode"": ""35640"", ""CountyName"": ""morgan"", ""PhoneNumber"": ""2567736511"", ""HospitalType"": ""acute care hospitals"", ""HospitalOwner"": ""proprietary"", ""EmergencyService"": ""yes"", ""Condition"": ""surgical infection prevention"", ""MeasureCode"": ""scip-vte-1"", ""MeasureName"": ""surgery patients whose doctors ordered treatments to prevent blood clots after certain types of surgeries"", ""Score"": ""78%"", ""Sample"": ""9 patients"", ""Stateavg"": ""al_scip-vte-1""}

{""ProviderNumber"": ""10009"", ""HospitalName"": ""hartselle medical center"", ""Address1"": ""201 pine street northwest"", ""Address2"": ""empty"", ""Address3"": ""empty"", ""City"": ""hartselle"", ""State"": ""al"", ""ZipCode"": ""35640"", ""CountyName"": ""morgan"", ""PhoneNumber"": ""2567736511"", ""HospitalType"": ""acute care hospitals"", ""HospitalOwner"": ""proprietary"", ""EmergencyService"": ""yes"", ""Condition"": ""heart failure"", ""MeasureCode"": ""hf-4"", ""MeasureName"": ""heart failure patients given smoking cessation advice/counseling"", ""Score"": ""100%"", ""Sample"": ""12 patients"", ""Stateavg"": ""al_hf-4""}

",,"{""Score"": ""57%""}","  {""Score"": ""77%""}"
77,"You are an expert in Cleaning Hospital Dataset. Given the dirty row Entity 1, you are required to correct the values of HospitalOwner in Entity 1.

Return in json format.

Output Format Example:

{""HospitalOwner"": """"}

Entity 1:

{""ProviderNumber"": ""10009"", ""HospitalName"": ""hartselle medical center"", ""Address1"": ""201 pine street northwest"", ""Address2"": ""empty"", ""Address3"": ""empty"", ""City"": ""hartselle"", ""State"": ""al"", ""ZipCode"": ""35640"", ""CountyName"": ""morgan"", ""PhoneNumber"": ""2567736511"", ""HospitalType"": ""acute care hospitals"", ""HospitalOwner"": ""pxopxietaxy"", ""EmergencyService"": ""yes"", ""Condition"": ""surgical infection prevention"", ""MeasureCode"": ""scip-inf-3"", ""MeasureName"": ""surgery patients whose preventive antibiotics were stopped at the right time (within 24 hours after surgery)"", ""Score"": ""80%"", ""Sample"": ""5 patients"", ""Stateavg"": ""al_scip-inf-3"", ""count"": 1}

Take these rows as reference:

{""ProviderNumber"": ""10009"", ""HospitalName"": ""hartselle medical center"", ""Address1"": ""201 pine street northwest"", ""Address2"": ""empty"", ""Address3"": ""empty"", ""City"": ""hartselle"", ""State"": ""al"", ""ZipCode"": ""35640"", ""CountyName"": ""morgan"", ""PhoneNumber"": ""2567736511"", ""HospitalType"": ""acute care hospitals"", ""HospitalOwner"": ""proprietary"", ""EmergencyService"": ""yes"", ""Condition"": ""heart failure"", ""MeasureCode"": ""hf-3"", ""MeasureName"": ""heart failure patients given ace inhibitor or arb for left ventricular systolic dysfunction (lvsd)"", ""Score"": ""100%"", ""Sample"": ""10 patients"", ""Stateavg"": ""al_hf-3""}

{""ProviderNumber"": ""10009"", ""HospitalName"": ""hartselle medical center"", ""Address1"": ""201 pine street northwest"", ""Address2"": ""empty"", ""Address3"": ""empty"", ""City"": ""hartselle"", ""State"": ""al"", ""ZipCode"": ""35640"", ""CountyName"": ""morgan"", ""PhoneNumber"": ""2567736511"", ""HospitalType"": ""acute care hospitals"", ""HospitalOwner"": ""proprietary"", ""EmergencyService"": ""yes"", ""Condition"": ""heart failure"", ""MeasureCode"": ""hf-3"", ""MeasureName"": ""heart failure patients given ace inhibitor or arb for left ventricular systolic dysfunction (lvsd)"", ""Score"": ""100%"", ""Sample"": ""10 patients"", ""Stateavg"": ""al_hf-3""}

",,"{""HospitalOwner"": ""proprietary""}","  {""HospitalOwner"": ""proprietary""}"
78,"You are an expert in Cleaning Hospital Dataset. Given the dirty row Entity 1, you are required to correct the values of State in Entity 1.

Return in json format.

Output Format Example:

{""State"": """"}

Entity 1:

{""ProviderNumber"": ""10009"", ""HospitalName"": ""hartselle medical center"", ""Address1"": ""201 pine street northwest"", ""Address2"": ""empty"", ""Address3"": ""empty"", ""City"": ""hartselle"", ""State"": ""ax"", ""ZipCode"": ""35640"", ""CountyName"": ""morgan"", ""PhoneNumber"": ""2567736511"", ""HospitalType"": ""acute care hospitals"", ""HospitalOwner"": ""proprietary"", ""EmergencyService"": ""yes"", ""Condition"": ""surgical infection prevention"", ""MeasureCode"": ""scip-inf-4"", ""MeasureName"": ""all heart surgery patients whose blood sugar (blood glucose) is kept under good control in the days right after surgery"", ""Score"": ""empty"", ""Sample"": ""0 patients"", ""Stateavg"": ""al_scip-inf-4"", ""count"": 1}

Take these rows as reference:

{""ProviderNumber"": ""10009"", ""HospitalName"": ""hartselle medical center"", ""Address1"": ""201 pine street northwest"", ""Address2"": ""empty"", ""Address3"": ""empty"", ""City"": ""hartselle"", ""State"": ""al"", ""ZipCode"": ""3x640"", ""CountyName"": ""morgan"", ""PhoneNumber"": ""2567736511"", ""HospitalType"": ""acute care hospitals"", ""HospitalOwner"": ""proprietary"", ""EmergencyService"": ""yes"", ""Condition"": ""heart attack"", ""MeasureCode"": ""ami-7a"", ""MeasureName"": ""heart attack patients given fibrinolytic medication within 30 minutes of arrival"", ""Score"": ""empty"", ""Sample"": ""0 patients"", ""Stateavg"": ""al_ami-7a""}

{""ProviderNumber"": ""10009"", ""HospitalName"": ""hartselle medical center"", ""Address1"": ""201 pine street northwest"", ""Address2"": ""empty"", ""Address3"": ""empty"", ""City"": ""hartselle"", ""State"": ""al"", ""ZipCode"": ""35640"", ""CountyName"": ""morgan"", ""PhoneNumber"": ""2567736511"", ""HospitalType"": ""acute care hospitals"", ""HospitalOwner"": ""proprietary"", ""EmergencyService"": ""yes"", ""Condition"": ""heart attack"", ""MeasureCode"": ""ami-4"", ""MeasureName"": ""heart attack patients given smoking cessation advice/counseling"", ""Score"": ""100%"", ""Sample"": ""2 patients"", ""Stateavg"": ""al_ami-4""}

",,"{""State"": ""al""}","  {""State"": ""al""}"
79,"You are an expert in Cleaning Hospital Dataset. Given the dirty row Entity 1, you are required to correct the values of Sample in Entity 1.

Return in json format.

Output Format Example:

{""Sample"": """"}

Entity 1:

{""ProviderNumber"": ""10009"", ""HospitalName"": ""hartselle medical center"", ""Address1"": ""201 pine street northwest"", ""Address2"": ""empty"", ""Address3"": ""empty"", ""City"": ""hartselle"", ""State"": ""al"", ""ZipCode"": ""35640"", ""CountyName"": ""morgan"", ""PhoneNumber"": ""2567736511"", ""HospitalType"": ""acute care hospitals"", ""HospitalOwner"": ""proprietary"", ""EmergencyService"": ""yes"", ""Condition"": ""surgical infection prevention"", ""MeasureCode"": ""scip-inf-6"", ""MeasureName"": ""surgery patients needing hair removed from the surgical area before surgery who had hair removed using a safer method (electric clippers or hair removal cream c not a razor)"", ""Score"": ""100%"", ""Sample"": ""xx patients"", ""Stateavg"": ""al_scip-inf-6"", ""count"": 1}

Take these rows as reference:

{""ProviderNumber"": ""10009"", ""HospitalName"": ""hartselle medical center"", ""Address1"": ""201 pine street northwest"", ""Address2"": ""empty"", ""Address3"": ""empty"", ""City"": ""hartselle"", ""State"": ""al"", ""ZipCode"": ""35640"", ""CountyName"": ""morgan"", ""PhoneNumber"": ""2567736511"", ""HospitalType"": ""acute care hospitals"", ""HospitalOwner"": ""proprietary"", ""EmergencyService"": ""yes"", ""Condition"": ""heart attack"", ""MeasureCode"": ""ami-3"", ""MeasureName"": ""heart attack patients given ace inhibitor or arb for left ventricular systolic dysfunction (lvsd)"", ""Score"": ""100%"", ""Sample"": ""1 patients"", ""Stateavg"": ""al_ami-3""}

{""ProviderNumber"": ""10009"", ""HospitalName"": ""hartselle medical center"", ""Address1"": ""201 pine street northwest"", ""Address2"": ""empty"", ""Address3"": ""empty"", ""City"": ""hartselle"", ""State"": ""al"", ""ZipCode"": ""35640"", ""CountyName"": ""morgan"", ""PhoneNumber"": ""2567736511"", ""HospitalType"": ""acute care hospitals"", ""HospitalOwner"": ""proprietary"", ""EmergencyService"": ""yes"", ""Condition"": ""heart attack"", ""MeasureCode"": ""ami-8a"", ""MeasureName"": ""heart attack patients given pci within 90 minutes of arrival"", ""Score"": ""empty"", ""Sample"": ""0 patients"", ""Stateavg"": ""al_ami-8a""}

",,"{""Sample"": ""11 patients""}","  {""Sample"": ""11 patients""}"
80,"You are an expert in Cleaning Hospital Dataset. Given the dirty row Entity 1, you are required to correct the values of Sample in Entity 1.

Return in json format.

Output Format Example:

{""Sample"": """"}

Entity 1:

{""ProviderNumber"": ""10010"", ""HospitalName"": ""marshall medical center north"", ""Address1"": ""8000 alabama highway 69"", ""Address2"": ""empty"", ""Address3"": ""empty"", ""City"": ""guntersville"", ""State"": ""al"", ""ZipCode"": ""35976"", ""CountyName"": ""marshall"", ""PhoneNumber"": ""2565718000"", ""HospitalType"": ""acute care hospitals"", ""HospitalOwner"": ""government - hospital district or authority"", ""EmergencyService"": ""yes"", ""Condition"": ""heart attack"", ""MeasureCode"": ""ami-2"", ""MeasureName"": ""heart attack patients given aspirin at discharge"", ""Score"": ""100%"", ""Sample"": ""6xpatients"", ""Stateavg"": ""al_ami-2"", ""count"": 1}

Take these rows as reference:

{""ProviderNumber"": ""10010"", ""HospitalName"": ""marshall medical center north"", ""Address1"": ""8000 alabama highway 69"", ""Address2"": ""empty"", ""Address3"": ""empty"", ""City"": ""guntersville"", ""State"": ""al"", ""ZipCode"": ""35976"", ""CountyName"": ""marshall"", ""PhoneNumber"": ""2565718000"", ""HospitalType"": ""acute care hospitals"", ""HospitalOwner"": ""government - hospital district or authority"", ""EmergencyService"": ""yes"", ""Condition"": ""heart attack"", ""MeasureCode"": ""ami-5"", ""MeasureName"": ""heart attack patients given beta blocker at discharge"", ""Score"": ""83%"", ""Sample"": ""6 patients"", ""Stateavg"": ""al_ami-5""}

{""ProviderNumber"": ""10010"", ""HospitalName"": ""marshall medical center north"", ""Address1"": ""8000 alabama highway 69"", ""Address2"": ""empty"", ""Address3"": ""empty"", ""City"": ""guntxrsvillx"", ""State"": ""al"", ""ZipCode"": ""35976"", ""CountyName"": ""marshall"", ""PhoneNumber"": ""2565718000"", ""HospitalType"": ""acute care hospitals"", ""HospitalOwner"": ""government - hospital district or authority"", ""EmergencyService"": ""yes"", ""Condition"": ""pneumonia"", ""MeasureCode"": ""pn-2"", ""MeasureName"": ""pneumonia patients assessed and given pneumococcal vaccination"", ""Score"": ""87%"", ""Sample"": ""128 patients"", ""Stateavg"": ""al_pn-2""}

",,"{""Sample"": ""6 patients""}","  {""Sample"": ""6 patients""}"
81,"You are an expert in Cleaning Hospital Dataset. Given the dirty row Entity 1, you are required to correct the values of HospitalName in Entity 1.

Return in json format.

Output Format Example:

{""HospitalName"": """"}

Entity 1:

{""ProviderNumber"": ""10010"", ""HospitalName"": ""marshall medical cenxer norxh"", ""Address1"": ""8000 alabama highway 69"", ""Address2"": ""empty"", ""Address3"": ""empty"", ""City"": ""guntersville"", ""State"": ""al"", ""ZipCode"": ""35976"", ""CountyName"": ""marshall"", ""PhoneNumber"": ""2565718000"", ""HospitalType"": ""acute care hospitals"", ""HospitalOwner"": ""government - hospital district or authority"", ""EmergencyService"": ""yes"", ""Condition"": ""heart attack"", ""MeasureCode"": ""ami-3"", ""MeasureName"": ""heart attack patients given ace inhibitor or arb for left ventricular systolic dysfunction (lvsd)"", ""Score"": ""50%"", ""Sample"": ""2 patients"", ""Stateavg"": ""al_ami-3"", ""count"": 1}

Take these rows as reference:

{""ProviderNumber"": ""10010"", ""HospitalName"": ""marshall medical center north"", ""Address1"": ""8000 alabama highway 69"", ""Address2"": ""empty"", ""Address3"": ""empty"", ""City"": ""guntersville"", ""State"": ""al"", ""ZipCode"": ""35976"", ""CountyName"": ""marshall"", ""PhoneNumber"": ""2565718000"", ""HospitalType"": ""acute care hospitals"", ""HospitalOwner"": ""government - hospital district or authority"", ""EmergencyService"": ""yes"", ""Condition"": ""heart failure"", ""MeasureCode"": ""hf-x"", ""MeasureName"": ""heart failure patients given an evaluation of left ventricular systolic (lvs) function"", ""Score"": ""84%"", ""Sample"": ""80 patients"", ""Stateavg"": ""al_hf-2""}

{""ProviderNumber"": ""10010"", ""HospitalName"": ""marshall medical center north"", ""Address1"": ""8000 alabama highway 69"", ""Address2"": ""empty"", ""Address3"": ""empty"", ""City"": ""guntersville"", ""State"": ""al"", ""ZipCode"": ""35976"", ""CountyName"": ""marshall"", ""PhoneNumber"": ""2565718000"", ""HospitalType"": ""acute care hospitals"", ""HospitalOwner"": ""government - hospital district or authority"", ""EmergencyService"": ""yes"", ""Condition"": ""heart failure"", ""MeasureCode"": ""hf-x"", ""MeasureName"": ""heart failure patients given an evaluation of left ventricular systolic (lvs) function"", ""Score"": ""84%"", ""Sample"": ""80 patients"", ""Stateavg"": ""al_hf-2""}

",,"{""HospitalName"": ""marshall medical center north""}","  {""HospitalName"": ""marshall medical center north""}"
82,"You are an expert in Cleaning Hospital Dataset. Given the dirty row Entity 1, you are required to correct the values of Address1 in Entity 1.

Return in json format.

Output Format Example:

{""Address1"": """"}

Entity 1:

{""ProviderNumber"": ""10010"", ""HospitalName"": ""marshall medical center north"", ""Address1"": ""8000 alabama xigxway 69"", ""Address2"": ""empty"", ""Address3"": ""empty"", ""City"": ""guntersville"", ""State"": ""al"", ""ZipCode"": ""35976"", ""CountyName"": ""marshall"", ""PhoneNumber"": ""2565718000"", ""HospitalType"": ""acute care hospitals"", ""HospitalOwner"": ""government - hospital district or authority"", ""EmergencyService"": ""yes"", ""Condition"": ""heart attack"", ""MeasureCode"": ""ami-8a"", ""MeasureName"": ""heart attack patients given pci within 90 minutes of arrival"", ""Score"": ""empty"", ""Sample"": ""0 patients"", ""Stateavg"": ""al_ami-8a"", ""count"": 1}

Take these rows as reference:

{""ProviderNumber"": ""10010"", ""HospitalName"": ""marshall medical center north"", ""Address1"": ""8000 alabama highway 69"", ""Address2"": ""empty"", ""Address3"": ""empty"", ""City"": ""guntersville"", ""State"": ""al"", ""ZipCode"": ""35976"", ""CountyName"": ""marshall"", ""PhoneNumber"": ""2565718000"", ""HospitalType"": ""acute care hospitals"", ""HospitalOwner"": ""government - hospital district or authority"", ""EmergencyService"": ""yes"", ""Condition"": ""pneumonia"", ""MeasureCode"": ""pn-6"", ""MeasureName"": ""pneumonia patients given the most appropriate initial antibiotic(s)"", ""Score"": ""93%"", ""Sample"": ""133 patients"", ""Stateavg"": ""al_pn-6""}

{""ProviderNumber"": ""10010"", ""HospitalName"": ""marshall medical center north"", ""Address1"": ""8000 alabama highway 69"", ""Address2"": ""empty"", ""Address3"": ""empty"", ""City"": ""guntersville"", ""State"": ""al"", ""ZipCode"": ""35976"", ""CountyName"": ""marshall"", ""PhoneNumber"": ""2565718000"", ""HospitalType"": ""acute care hospitals"", ""HospitalOwner"": ""government - hospital district or authority"", ""EmergencyService"": ""yes"", ""Condition"": ""pneumonia"", ""MeasureCode"": ""pn-5c"", ""MeasureName"": ""pneumonia patients given initial antibiotic(s) within 6 hours after arrival"", ""Score"": ""97%"", ""Sample"": ""158 patients"", ""Stateavg"": ""al_pn-5c""}

",,"{""Address1"": ""8000 alabama highway 69""}","  {""Address1"": ""8000 alabama highway 69""}"
83,"You are an expert in Cleaning Hospital Dataset. Given the dirty row Entity 1, you are required to correct the values of MeasureCode in Entity 1.

Return in json format.

Output Format Example:

{""MeasureCode"": """"}

Entity 1:

{""ProviderNumber"": ""10010"", ""HospitalName"": ""marshall medical center north"", ""Address1"": ""8000 alabama highway 69"", ""Address2"": ""empty"", ""Address3"": ""empty"", ""City"": ""guntersville"", ""State"": ""al"", ""ZipCode"": ""35976"", ""CountyName"": ""marshall"", ""PhoneNumber"": ""2565718000"", ""HospitalType"": ""acute care hospitals"", ""HospitalOwner"": ""government - hospital district or authority"", ""EmergencyService"": ""yes"", ""Condition"": ""heart failure"", ""MeasureCode"": ""hf-x"", ""MeasureName"": ""heart failure patients given an evaluation of left ventricular systolic (lvs) function"", ""Score"": ""84%"", ""Sample"": ""80 patients"", ""Stateavg"": ""al_hf-2"", ""count"": 1}

Take these rows as reference:

{""ProviderNumber"": ""10010"", ""HospitalName"": ""marshall medical center north"", ""Address1"": ""8000 alabama xigxway 69"", ""Address2"": ""empty"", ""Address3"": ""empty"", ""City"": ""guntersville"", ""State"": ""al"", ""ZipCode"": ""35976"", ""CountyName"": ""marshall"", ""PhoneNumber"": ""2565718000"", ""HospitalType"": ""acute care hospitals"", ""HospitalOwner"": ""government - hospital district or authority"", ""EmergencyService"": ""yes"", ""Condition"": ""heart attack"", ""MeasureCode"": ""ami-8a"", ""MeasureName"": ""heart attack patients given pci within 90 minutes of arrival"", ""Score"": ""empty"", ""Sample"": ""0 patients"", ""Stateavg"": ""al_ami-8a""}

{""ProviderNumber"": ""10010"", ""HospitalName"": ""marshall medical center north"", ""Address1"": ""8000 alabama highway 69"", ""Address2"": ""empty"", ""Address3"": ""empty"", ""City"": ""guntersville"", ""State"": ""al"", ""ZipCode"": ""35976"", ""CountyName"": ""marshall"", ""PhoneNumber"": ""2565718000"", ""HospitalType"": ""acute care hospitals"", ""HospitalOwner"": ""government - hospital district or authority"", ""EmergencyService"": ""yes"", ""Condition"": ""heart failure"", ""MeasureCode"": ""hf-3"", ""MeasureName"": ""heart failure patients given ace inhibitor or arb for left ventricular systolic dysfunction (lvsd)"", ""Score"": ""78%"", ""Sample"": ""27 patients"", ""Stateavg"": ""al_hf-3""}

",,"{""MeasureCode"": ""hf-2""}","  {""MeasureCode"": ""hf-2""}"
84,"You are an expert in Cleaning Hospital Dataset. Given the dirty row Entity 1, you are required to correct the values of City in Entity 1.

Return in json format.

Output Format Example:

{""City"": """"}

Entity 1:

{""ProviderNumber"": ""10010"", ""HospitalName"": ""marshall medical center north"", ""Address1"": ""8000 alabama highway 69"", ""Address2"": ""empty"", ""Address3"": ""empty"", ""City"": ""guntxrsvillx"", ""State"": ""al"", ""ZipCode"": ""35976"", ""CountyName"": ""marshall"", ""PhoneNumber"": ""2565718000"", ""HospitalType"": ""acute care hospitals"", ""HospitalOwner"": ""government - hospital district or authority"", ""EmergencyService"": ""yes"", ""Condition"": ""pneumonia"", ""MeasureCode"": ""pn-2"", ""MeasureName"": ""pneumonia patients assessed and given pneumococcal vaccination"", ""Score"": ""87%"", ""Sample"": ""128 patients"", ""Stateavg"": ""al_pn-2"", ""count"": 1}

Take these rows as reference:

{""ProviderNumber"": ""10010"", ""HospitalName"": ""marshall medical center north"", ""Address1"": ""8000 alabama highway 69"", ""Address2"": ""empty"", ""Address3"": ""empty"", ""City"": ""guntersville"", ""State"": ""al"", ""ZipCode"": ""35976"", ""CountyName"": ""marshall"", ""PhoneNumber"": ""2565718000"", ""HospitalType"": ""acute care hospitals"", ""HospitalOwner"": ""government - hospital district or authority"", ""EmergencyService"": ""yes"", ""Condition"": ""pneumonia"", ""MeasureCode"": ""pn-5c"", ""MeasureName"": ""pneumonia patients given initial antibiotic(s) within 6 hours after arrival"", ""Score"": ""97%"", ""Sample"": ""158 patients"", ""Stateavg"": ""al_pn-5c""}

{""ProviderNumber"": ""10010"", ""HospitalName"": ""marshall medical center north"", ""Address1"": ""8000 alabama highway 69"", ""Address2"": ""empty"", ""Address3"": ""empty"", ""City"": ""guntersville"", ""State"": ""al"", ""ZipCode"": ""35976"", ""CountyName"": ""marshall"", ""PhoneNumber"": ""2565718000"", ""HospitalType"": ""acute care hospitals"", ""HospitalOwner"": ""government - hospital district or authority"", ""EmergencyService"": ""yes"", ""Condition"": ""surgical infection prevention"", ""MeasureCode"": ""scip-inx-4"", ""MeasureName"": ""all heart surgery patients whose blood sugar (blood glucose) is kept under good control in the days right after surgery"", ""Score"": ""empty"", ""Sample"": ""0 patients"", ""Stateavg"": ""al_scip-inf-4""}

",,"{""City"": ""guntersville""}","  {""City"": ""guntersville""}"
85,"You are an expert in Cleaning Hospital Dataset. Given the dirty row Entity 1, you are required to correct the values of State in Entity 1.

Return in json format.

Output Format Example:

{""State"": """"}

Entity 1:

{""ProviderNumber"": ""10010"", ""HospitalName"": ""marshall medical center north"", ""Address1"": ""8000 alabama highway 69"", ""Address2"": ""empty"", ""Address3"": ""empty"", ""City"": ""guntersville"", ""State"": ""xl"", ""ZipCode"": ""35976"", ""CountyName"": ""marshall"", ""PhoneNumber"": ""2565718000"", ""HospitalType"": ""acute care hospitals"", ""HospitalOwner"": ""government - hospital district or authority"", ""EmergencyService"": ""yes"", ""Condition"": ""pneumonia"", ""MeasureCode"": ""pn-4"", ""MeasureName"": ""pneumonia patients given smoking cessation advice/counseling"", ""Score"": ""94%"", ""Sample"": ""65 patients"", ""Stateavg"": ""al_pn-4"", ""count"": 1}

Take these rows as reference:

{""ProviderNumber"": ""10010"", ""HospitalName"": ""marshall medical center north"", ""Address1"": ""8000 alabama highway 69"", ""Address2"": ""empty"", ""Address3"": ""empty"", ""City"": ""guntersville"", ""State"": ""al"", ""ZipCode"": ""35976"", ""CountyName"": ""marshall"", ""PhoneNumber"": ""2565718000"", ""HospitalType"": ""acute care hospitals"", ""HospitalOwner"": ""government - hospital district or authority"", ""EmergencyService"": ""yes"", ""Condition"": ""pneumonia"", ""MeasureCode"": ""pn-5c"", ""MeasureName"": ""pneumonia patients given initial antibiotic(s) within 6 hours after arrival"", ""Score"": ""97%"", ""Sample"": ""158 patients"", ""Stateavg"": ""al_pn-5c""}

{""ProviderNumber"": ""10010"", ""HospitalName"": ""marshall medical center north"", ""Address1"": ""8000 alabama highway 69"", ""Address2"": ""empty"", ""Address3"": ""empty"", ""City"": ""guntersville"", ""State"": ""al"", ""ZipCode"": ""35976"", ""CountyName"": ""marshall"", ""PhoneNumber"": ""2565718000"", ""HospitalType"": ""acute care hospitals"", ""HospitalOwner"": ""government - hospital district or authority"", ""EmergencyService"": ""yes"", ""Condition"": ""surgical infection prevention"", ""MeasureCode"": ""scip-inf-1"", ""MeasureName"": ""surgery patients who were given an antibiotic at the right time (within one hour before surgery) to help prevent infection"", ""Score"": ""95x"", ""Sample"": ""66 patients"", ""Stateavg"": ""al_scip-inf-1""}

",,"{""State"": ""al""}","  {""State"": ""al""}"
86,"You are an expert in Cleaning Hospital Dataset. Given the dirty row Entity 1, you are required to correct the values of Score in Entity 1.

Return in json format.

Output Format Example:

{""Score"": """"}

Entity 1:

{""ProviderNumber"": ""10010"", ""HospitalName"": ""marshall medical center north"", ""Address1"": ""8000 alabama highway 69"", ""Address2"": ""empty"", ""Address3"": ""empty"", ""City"": ""guntersville"", ""State"": ""al"", ""ZipCode"": ""35976"", ""CountyName"": ""marshall"", ""PhoneNumber"": ""2565718000"", ""HospitalType"": ""acute care hospitals"", ""HospitalOwner"": ""government - hospital district or authority"", ""EmergencyService"": ""yes"", ""Condition"": ""surgical infection prevention"", ""MeasureCode"": ""scip-inf-1"", ""MeasureName"": ""surgery patients who were given an antibiotic at the right time (within one hour before surgery) to help prevent infection"", ""Score"": ""95x"", ""Sample"": ""66 patients"", ""Stateavg"": ""al_scip-inf-1"", ""count"": 1}

Take these rows as reference:

{""ProviderNumber"": ""10010"", ""HospitalName"": ""marshall medical center north"", ""Address1"": ""8000 alabama highway 69"", ""Address2"": ""empty"", ""Address3"": ""empty"", ""City"": ""guntersville"", ""State"": ""al"", ""ZipCode"": ""35976"", ""CountyName"": ""marshall"", ""PhoneNumber"": ""2565718000"", ""HospitalType"": ""acute care hospitals"", ""HospitalOwner"": ""government - hospital district or authority"", ""EmergencyService"": ""yes"", ""Condition"": ""pneumonia"", ""MeasureCode"": ""pn-5c"", ""MeasureName"": ""pneumonia patients given initial antibiotic(s) within 6 hours after arrival"", ""Score"": ""97%"", ""Sample"": ""158 patients"", ""Stateavg"": ""al_pn-5c""}

{""ProviderNumber"": ""10010"", ""HospitalName"": ""marshall medical center north"", ""Address1"": ""8000 alabama highway 69"", ""Address2"": ""empty"", ""Address3"": ""empty"", ""City"": ""guntersville"", ""State"": ""al"", ""ZipCode"": ""35976"", ""CountyName"": ""marshall"", ""PhoneNumber"": ""2565718000"", ""HospitalType"": ""acute care hospitals"", ""HospitalOwner"": ""government - hospital district or authority"", ""EmergencyService"": ""yes"", ""Condition"": ""heart attack"", ""MeasureCode"": ""ami-4"", ""MeasureName"": ""heart attack patients given smoking cessation advice/counseling"", ""Score"": ""100%"", ""Sample"": ""2 patients"", ""Stateavg"": ""al_ami-4""}

",,"{""Score"": ""95%""}","  {""Score"": ""95%""}"
87,"You are an expert in Cleaning Hospital Dataset. Given the dirty row Entity 1, you are required to correct the values of MeasureCode in Entity 1.

Return in json format.

Output Format Example:

{""MeasureCode"": """"}

Entity 1:

{""ProviderNumber"": ""10010"", ""HospitalName"": ""marshall medical center north"", ""Address1"": ""8000 alabama highway 69"", ""Address2"": ""empty"", ""Address3"": ""empty"", ""City"": ""guntersville"", ""State"": ""al"", ""ZipCode"": ""35976"", ""CountyName"": ""marshall"", ""PhoneNumber"": ""2565718000"", ""HospitalType"": ""acute care hospitals"", ""HospitalOwner"": ""government - hospital district or authority"", ""EmergencyService"": ""yes"", ""Condition"": ""surgical infection prevention"", ""MeasureCode"": ""scip-inx-4"", ""MeasureName"": ""all heart surgery patients whose blood sugar (blood glucose) is kept under good control in the days right after surgery"", ""Score"": ""empty"", ""Sample"": ""0 patients"", ""Stateavg"": ""al_scip-inf-4"", ""count"": 1}

Take these rows as reference:

{""ProviderNumber"": ""10010"", ""HospitalName"": ""marshall medical center north"", ""Address1"": ""8000 alabama highway 69"", ""Address2"": ""empty"", ""Address3"": ""empty"", ""City"": ""guntersville"", ""State"": ""al"", ""ZipCode"": ""35976"", ""CountyName"": ""marshall"", ""PhoneNumber"": ""2565718000"", ""HospitalType"": ""acute care hospitals"", ""HospitalOwner"": ""government - hospital district or authority"", ""EmergencyService"": ""yes"", ""Condition"": ""surgical infection prevention"", ""MeasureCode"": ""scip-inx-4"", ""MeasureName"": ""all heart surgery patients whose blood sugar (blood glucose) is kept under good control in the days right after surgery"", ""Score"": ""empty"", ""Sample"": ""0 patients"", ""Stateavg"": ""al_scip-inf-4""}

{""ProviderNumber"": ""10010"", ""HospitalName"": ""marshall medical center north"", ""Address1"": ""8000 alabama highway 69"", ""Address2"": ""empty"", ""Address3"": ""empty"", ""City"": ""guntersville"", ""State"": ""al"", ""ZipCode"": ""35976"", ""CountyName"": ""marshall"", ""PhoneNumber"": ""2565718000"", ""HospitalType"": ""acute care hospitals"", ""HospitalOwner"": ""government - hospital district or authority"", ""EmergencyService"": ""yes"", ""Condition"": ""heart failure"", ""MeasureCode"": ""hf-x"", ""MeasureName"": ""heart failure patients given an evaluation of left ventricular systolic (lvs) function"", ""Score"": ""84%"", ""Sample"": ""80 patients"", ""Stateavg"": ""al_hf-2""}

",,"{""MeasureCode"": ""scip-inf-4""}","  {""MeasureCode"": ""scip-inf-4""}"
88,"You are an expert in Cleaning Hospital Dataset. Given the dirty row Entity 1, you are required to correct the values of Stateavg in Entity 1.

Return in json format.

Output Format Example:

{""Stateavg"": """"}

Entity 1:

{""ProviderNumber"": ""10010"", ""HospitalName"": ""marshall medical center north"", ""Address1"": ""8000 alabama highway 69"", ""Address2"": ""empty"", ""Address3"": ""empty"", ""City"": ""guntersville"", ""State"": ""al"", ""ZipCode"": ""35976"", ""CountyName"": ""marshall"", ""PhoneNumber"": ""2565718000"", ""HospitalType"": ""acute care hospitals"", ""HospitalOwner"": ""government - hospital district or authority"", ""EmergencyService"": ""yes"", ""Condition"": ""surgical infection prevention"", ""MeasureCode"": ""scip-vte-2"", ""MeasureName"": ""patients who got treatment  at the right time (within 24 hours before or after their surgery) to help prevent blood clots after certain types of surgery"", ""Score"": ""84%"", ""Sample"": ""56 patients"", ""Stateavg"": ""al_scix-vte-2"", ""count"": 1}

Take these rows as reference:

{""ProviderNumber"": ""10010"", ""HospitalName"": ""marshall medical center north"", ""Address1"": ""8000 alabama highway 69"", ""Address2"": ""empty"", ""Address3"": ""empty"", ""City"": ""guntersville"", ""State"": ""al"", ""ZipCode"": ""35976"", ""CountyName"": ""marshall"", ""PhoneNumber"": ""2565718000"", ""HospitalType"": ""acute care hospitals"", ""HospitalOwner"": ""government - hospital district or authority"", ""EmergencyService"": ""yes"", ""Condition"": ""heart attack"", ""MeasureCode"": ""ami-4"", ""MeasureName"": ""heart attack patients given smoking cessation advice/counseling"", ""Score"": ""100%"", ""Sample"": ""2 patients"", ""Stateavg"": ""al_ami-4""}

{""ProviderNumber"": ""10010"", ""HospitalName"": ""marshall medical center north"", ""Address1"": ""8000 alabama highway 69"", ""Address2"": ""empty"", ""Address3"": ""empty"", ""City"": ""guntersville"", ""State"": ""xl"", ""ZipCode"": ""35976"", ""CountyName"": ""marshall"", ""PhoneNumber"": ""2565718000"", ""HospitalType"": ""acute care hospitals"", ""HospitalOwner"": ""government - hospital district or authority"", ""EmergencyService"": ""yes"", ""Condition"": ""pneumonia"", ""MeasureCode"": ""pn-4"", ""MeasureName"": ""pneumonia patients given smoking cessation advice/counseling"", ""Score"": ""94%"", ""Sample"": ""65 patients"", ""Stateavg"": ""al_pn-4""}

",,"{""Stateavg"": ""al_scip-vte-2""}","  {""Stateavg"": ""al_scip-vte-2""}"
89,"You are an expert in Cleaning Hospital Dataset. Given the dirty row Entity 1, you are required to correct the values of ZipCode in Entity 1.

Return in json format.

Output Format Example:

{""ZipCode"": """"}

Entity 1:

{""ProviderNumber"": ""10011"", ""HospitalName"": ""st vincents east"", ""Address1"": ""50 medical park east drive"", ""Address2"": ""empty"", ""Address3"": ""empty"", ""City"": ""birmingham"", ""State"": ""al"", ""ZipCode"": ""3x23x"", ""CountyName"": ""jefferson"", ""PhoneNumber"": ""2058383122"", ""HospitalType"": ""acute care hospitals"", ""HospitalOwner"": ""voluntary non-profit - private"", ""EmergencyService"": ""yes"", ""Condition"": ""heart attack"", ""MeasureCode"": ""ami-3"", ""MeasureName"": ""heart attack patients given ace inhibitor or arb for left ventricular systolic dysfunction (lvsd)"", ""Score"": ""91%"", ""Sample"": ""70 patients"", ""Stateavg"": ""al_ami-3"", ""count"": 1}

Take these rows as reference:

{""ProviderNumber"": ""10011"", ""HospitalName"": ""st vincents east"", ""Address1"": ""50 medical park east drive"", ""Address2"": ""empty"", ""Address3"": ""empty"", ""City"": ""birmingham"", ""State"": ""al"", ""ZipCode"": ""35235"", ""CountyName"": ""jefferson"", ""PhoneNumber"": ""2058383122"", ""HospitalType"": ""acute care hospitals"", ""HospitalOwner"": ""voluntary non-profit - private"", ""EmergencyService"": ""yes"", ""Condition"": ""heart failure"", ""MeasureCode"": ""hf-1"", ""MeasureName"": ""heart failure patients given discharge instructions"", ""Score"": ""94%"", ""Sample"": ""316 patients"", ""Stateavg"": ""al_hf-1""}

{""ProviderNumber"": ""10011"", ""HospitalName"": ""st vincents east"", ""Address1"": ""50 medical park east drive"", ""Address2"": ""empty"", ""Address3"": ""empty"", ""City"": ""birmingham"", ""State"": ""al"", ""ZipCode"": ""35235"", ""CountyName"": ""jefferson"", ""PhoneNumber"": ""2058383122"", ""HospitalType"": ""acute care hospitals"", ""HospitalOwner"": ""voluntary non-profit - private"", ""EmergencyService"": ""yes"", ""Condition"": ""heart failure"", ""MeasureCode"": ""hf-4"", ""MeasureName"": ""heart failure patients given smoking cessation advice/counseling"", ""Score"": ""100%"", ""Sample"": ""69 patients"", ""Stateavg"": ""al_hf-4""}

",,"{""ZipCode"": ""35235""}","  {""ZipCode"": ""35235""}"
90,"You are an expert in Cleaning Hospital Dataset. Given the dirty row Entity 1, you are required to correct the values of HospitalType in Entity 1.

Return in json format.

Output Format Example:

{""HospitalType"": """"}

Entity 1:

{""ProviderNumber"": ""10011"", ""HospitalName"": ""st vincents east"", ""Address1"": ""50 medical park east drive"", ""Address2"": ""empty"", ""Address3"": ""empty"", ""City"": ""birmingham"", ""State"": ""al"", ""ZipCode"": ""35235"", ""CountyName"": ""jefferson"", ""PhoneNumber"": ""2058383122"", ""HospitalType"": ""acute care hosxitals"", ""HospitalOwner"": ""voluntary non-profit - private"", ""EmergencyService"": ""yes"", ""Condition"": ""heaxt attack"", ""MeasureCode"": ""ami-7a"", ""MeasureName"": ""heart attack patients given fibrinolytic medication within 30 minutes of arrival"", ""Score"": ""empty"", ""Sample"": ""0 patients"", ""Stateavg"": ""al_ami-7a"", ""count"": 2}

Take these rows as reference:

{""ProviderNumber"": ""10011"", ""HospitalName"": ""st vincents east"", ""Address1"": ""50 medical park east drive"", ""Address2"": ""empty"", ""Address3"": ""empty"", ""City"": ""birmingham"", ""State"": ""al"", ""ZipCode"": ""35235"", ""CountyName"": ""jefferson"", ""PhoneNumber"": ""2058383122"", ""HospitalType"": ""acute care hospitals"", ""HospitalOwner"": ""voluntary non-profit - private"", ""EmergencyService"": ""yes"", ""Condition"": ""heart failure"", ""MeasureCode"": ""hf-3"", ""MeasureName"": ""heart failure patients given ace inhibitor or arb for left ventricular systolic dysfunction (lvsd)"", ""Score"": ""98%"", ""Sample"": ""130 patients"", ""Stateavg"": ""al_hf-3""}

{""ProviderNumber"": ""10011"", ""HospitalName"": ""st vincents east"", ""Address1"": ""50 medical park east drive"", ""Address2"": ""empty"", ""Address3"": ""empty"", ""City"": ""birmingham"", ""State"": ""al"", ""ZipCode"": ""35235"", ""CountyName"": ""jefferson"", ""PhoneNumber"": ""2058383122"", ""HospitalType"": ""acute care hospitals"", ""HospitalOwner"": ""voluntary non-profit - private"", ""EmergencyService"": ""yes"", ""Condition"": ""heart failure"", ""MeasureCode"": ""hf-2"", ""MeasureName"": ""heart failure patients given an evaluation of left ventricular systolic (lvs) function"", ""Score"": ""98%"", ""Sample"": ""372 patients"", ""Stateavg"": ""al_hf-2""}

",,"{""HospitalType"": ""acute care hospitals""}","  {""HospitalType"": ""acute care hospitals""}"
91,"You are an expert in Cleaning Hospital Dataset. Given the dirty row Entity 1, you are required to correct the values of Condition in Entity 1.

Return in json format.

Output Format Example:

{""Condition"": """"}

Entity 1:

{""ProviderNumber"": ""10011"", ""HospitalName"": ""st vincents east"", ""Address1"": ""50 medical park east drive"", ""Address2"": ""empty"", ""Address3"": ""empty"", ""City"": ""birmingham"", ""State"": ""al"", ""ZipCode"": ""35235"", ""CountyName"": ""jefferson"", ""PhoneNumber"": ""2058383122"", ""HospitalType"": ""acute care hosxitals"", ""HospitalOwner"": ""voluntary non-profit - private"", ""EmergencyService"": ""yes"", ""Condition"": ""heaxt attack"", ""MeasureCode"": ""ami-7a"", ""MeasureName"": ""heart attack patients given fibrinolytic medication within 30 minutes of arrival"", ""Score"": ""empty"", ""Sample"": ""0 patients"", ""Stateavg"": ""al_ami-7a"", ""count"": 2}

Take these rows as reference:

{""ProviderNumber"": ""10011"", ""HospitalName"": ""st vincents east"", ""Address1"": ""50 medical park east drive"", ""Address2"": ""empty"", ""Address3"": ""empty"", ""City"": ""birmingham"", ""State"": ""al"", ""ZipCode"": ""35235"", ""CountyName"": ""jefferson"", ""PhoneNumber"": ""2058383122"", ""HospitalType"": ""acute care hospitals"", ""HospitalOwner"": ""voluntary non-profit - private"", ""EmergencyService"": ""yes"", ""Condition"": ""heart failure"", ""MeasureCode"": ""hf-3"", ""MeasureName"": ""heart failure patients given ace inhibitor or arb for left ventricular systolic dysfunction (lvsd)"", ""Score"": ""98%"", ""Sample"": ""130 patients"", ""Stateavg"": ""al_hf-3""}

{""ProviderNumber"": ""10011"", ""HospitalName"": ""st vincents east"", ""Address1"": ""50 medical park east drive"", ""Address2"": ""empty"", ""Address3"": ""empty"", ""City"": ""birmingham"", ""State"": ""al"", ""ZipCode"": ""35235"", ""CountyName"": ""jefferson"", ""PhoneNumber"": ""2058383122"", ""HospitalType"": ""acute care hospitals"", ""HospitalOwner"": ""voluntary non-profit - private"", ""EmergencyService"": ""yes"", ""Condition"": ""heart failure"", ""MeasureCode"": ""hf-1"", ""MeasureName"": ""heart failure patients given discharge instructions"", ""Score"": ""94%"", ""Sample"": ""316 patients"", ""Stateavg"": ""al_hf-1""}

",,"{""Condition"": ""heart attack""}","  {""Condition"": ""heart attack""}"
92,"You are an expert in Cleaning Hospital Dataset. Given the dirty row Entity 1, you are required to correct the values of City in Entity 1.

Return in json format.

Output Format Example:

{""City"": """"}

Entity 1:

{""ProviderNumber"": ""10011"", ""HospitalName"": ""st vincents east"", ""Address1"": ""50 medical park east drive"", ""Address2"": ""empty"", ""Address3"": ""empty"", ""City"": ""birmixgham"", ""State"": ""al"", ""ZipCode"": ""35235"", ""CountyName"": ""jefferson"", ""PhoneNumber"": ""2058383122"", ""HospitalType"": ""acute care hospitals"", ""HospitalOwner"": ""voluntary non-profit - private"", ""EmergencyService"": ""yes"", ""Condition"": ""pneumonia"", ""MeasureCode"": ""pn-4"", ""MeasureName"": ""pneumonia patients given smoking cessation advice/counseling"", ""Score"": ""100%"", ""Sample"": ""69 patients"", ""Stateavg"": ""al_pn-4"", ""count"": 1}

Take these rows as reference:

{""ProviderNumber"": ""10011"", ""HospitalName"": ""st vincents east"", ""Address1"": ""50 medical park east drive"", ""Address2"": ""empty"", ""Address3"": ""empty"", ""City"": ""birmingham"", ""State"": ""al"", ""ZipCode"": ""35235"", ""CountyName"": ""jefferson"", ""PhoneNumber"": ""2058383122"", ""HospitalType"": ""acute care hospitals"", ""HospitalOwner"": ""voluntary non-profit - private"", ""EmergencyService"": ""yes"", ""Condition"": ""heart failure"", ""MeasureCode"": ""hf-4"", ""MeasureName"": ""heart failure patients given smoking cessation advice/counseling"", ""Score"": ""100%"", ""Sample"": ""69 patients"", ""Stateavg"": ""al_hf-4""}

{""ProviderNumber"": ""10010"", ""HospitalName"": ""marshall medical center north"", ""Address1"": ""8000 alabama highway 69"", ""Address2"": ""empty"", ""Address3"": ""empty"", ""City"": ""guntersville"", ""State"": ""al"", ""ZipCode"": ""35976"", ""CountyName"": ""marshall"", ""PhoneNumber"": ""2565718000"", ""HospitalType"": ""acute care hospitals"", ""HospitalOwner"": ""government - hospital district or authority"", ""EmergencyService"": ""yes"", ""Condition"": ""surgical infection prevention"", ""MeasureCode"": ""scip-vte-2"", ""MeasureName"": ""patients who got treatment  at the right time (within 24 hours before or after their surgery) to help prevent blood clots after certain types of surgery"", ""Score"": ""84%"", ""Sample"": ""56 patients"", ""Stateavg"": ""al_scix-vte-2""}

",,"{""City"": ""birmingham""}","  {""City"": ""birmingham""}"
93,"You are an expert in Cleaning Hospital Dataset. Given the dirty row Entity 1, you are required to correct the values of Score in Entity 1.

Return in json format.

Output Format Example:

{""Score"": """"}

Entity 1:

{""ProviderNumber"": ""10011"", ""HospitalName"": ""st vincents east"", ""Address1"": ""50 medical park east drive"", ""Address2"": ""empty"", ""Address3"": ""empty"", ""City"": ""birmingham"", ""State"": ""al"", ""ZipCode"": ""35235"", ""CountyName"": ""jefferson"", ""PhoneNumber"": ""2058383122"", ""HospitalType"": ""acute care hospitals"", ""HospitalOwner"": ""voluntary non-profit - private"", ""EmergencyService"": ""yes"", ""Condition"": ""pneumonia"", ""MeasureCode"": ""pn-5c"", ""MeasureName"": ""pneumonia patients given initial antibiotic(s) within 6 hours after arrival"", ""Score"": ""x5%"", ""Sample"": ""135 patients"", ""Stateavg"": ""al_pn-5c"", ""count"": 1}

Take these rows as reference:

{""ProviderNumber"": ""10011"", ""HospitalName"": ""st vincents east"", ""Address1"": ""50 medical park east drive"", ""Address2"": ""empty"", ""Address3"": ""empty"", ""City"": ""birmingham"", ""State"": ""al"", ""ZipCode"": ""35235"", ""CountyName"": ""jefferson"", ""PhoneNumber"": ""2058383122"", ""HospitalType"": ""acute care hosxitals"", ""HospitalOwner"": ""voluntary non-profit - private"", ""EmergencyService"": ""yes"", ""Condition"": ""heaxt attack"", ""MeasureCode"": ""ami-7a"", ""MeasureName"": ""heart attack patients given fibrinolytic medication within 30 minutes of arrival"", ""Score"": ""empty"", ""Sample"": ""0 patients"", ""Stateavg"": ""al_ami-7a""}

{""ProviderNumber"": ""10011"", ""HospitalName"": ""st vincents east"", ""Address1"": ""50 medical park east drive"", ""Address2"": ""empty"", ""Address3"": ""empty"", ""City"": ""birmingham"", ""State"": ""al"", ""ZipCode"": ""35235"", ""CountyName"": ""jefferson"", ""PhoneNumber"": ""2058383122"", ""HospitalType"": ""acute care hospitals"", ""HospitalOwner"": ""voluntary non-profit - private"", ""EmergencyService"": ""yes"", ""Condition"": ""heart failure"", ""MeasureCode"": ""hf-2"", ""MeasureName"": ""heart failure patients given an evaluation of left ventricular systolic (lvs) function"", ""Score"": ""98%"", ""Sample"": ""372 patients"", ""Stateavg"": ""al_hf-2""}

",,"{""Score"": ""95%""}","  {""Score"": ""95%""}"
94,"You are an expert in Cleaning Hospital Dataset. Given the dirty row Entity 1, you are required to correct the values of MeasureName in Entity 1.

Return in json format.

Output Format Example:

{""MeasureName"": """"}

Entity 1:

{""ProviderNumber"": ""10011"", ""HospitalName"": ""st vincents east"", ""Address1"": ""50 medical park east drive"", ""Address2"": ""empty"", ""Address3"": ""empty"", ""City"": ""birmingham"", ""State"": ""al"", ""ZipCode"": ""35235"", ""CountyName"": ""jefferson"", ""PhoneNumber"": ""2058383122"", ""HospitalType"": ""acute care hospitals"", ""HospitalOwner"": ""voluntary non-profit - private"", ""EmergencyService"": ""yes"", ""Condition"": ""pneumonia"", ""MeasureCode"": ""pn-7"", ""MeasureName"": ""pneumoniaxpatientsxassessedxandxgivenxinfluenzaxvaccination"", ""Score"": ""85%"", ""Sample"": ""89 patients"", ""Stateavg"": ""al_pn-7"", ""count"": 1}

Take these rows as reference:

{""ProviderNumber"": ""10011"", ""HospitalName"": ""st vincents east"", ""Address1"": ""50 medical park east drive"", ""Address2"": ""empty"", ""Address3"": ""empty"", ""City"": ""birmingham"", ""State"": ""al"", ""ZipCode"": ""35235"", ""CountyName"": ""jefferson"", ""PhoneNumber"": ""2058383122"", ""HospitalType"": ""acute care hospitals"", ""HospitalOwner"": ""voluntary non-profit - private"", ""EmergencyService"": ""yes"", ""Condition"": ""heart failure"", ""MeasureCode"": ""hf-2"", ""MeasureName"": ""heart failure patients given an evaluation of left ventricular systolic (lvs) function"", ""Score"": ""98%"", ""Sample"": ""372 patients"", ""Stateavg"": ""al_hf-2""}

{""ProviderNumber"": ""10011"", ""HospitalName"": ""st vincents east"", ""Address1"": ""50 medical park east drive"", ""Address2"": ""empty"", ""Address3"": ""empty"", ""City"": ""birmingham"", ""State"": ""al"", ""ZipCode"": ""35235"", ""CountyName"": ""jefferson"", ""PhoneNumber"": ""2058383122"", ""HospitalType"": ""acute care hospitals"", ""HospitalOwner"": ""voluntary non-profit - private"", ""EmergencyService"": ""yes"", ""Condition"": ""heart failure"", ""MeasureCode"": ""hf-3"", ""MeasureName"": ""heart failure patients given ace inhibitor or arb for left ventricular systolic dysfunction (lvsd)"", ""Score"": ""98%"", ""Sample"": ""130 patients"", ""Stateavg"": ""al_hf-3""}

",,"{""MeasureName"": ""pneumonia patients assessed and given influenza vaccination""}","  {""MeasureName"": ""pneumonia patients assessed and given influenza vaccination""}"
95,"You are an expert in Cleaning Hospital Dataset. Given the dirty row Entity 1, you are required to correct the values of City in Entity 1.

Return in json format.

Output Format Example:

{""City"": """"}

Entity 1:

{""ProviderNumber"": ""10011"", ""HospitalName"": ""st vincents east"", ""Address1"": ""50 medical park east drive"", ""Address2"": ""empty"", ""Address3"": ""empty"", ""City"": ""bxrmxngham"", ""State"": ""al"", ""ZipCode"": ""35235"", ""CountyName"": ""jefferson"", ""PhoneNumber"": ""2058383122"", ""HospitalType"": ""acute care hospitals"", ""HospitalOwner"": ""voluntary non-profit - private"", ""EmergencyService"": ""yes"", ""Condition"": ""surgical infection prevention"", ""MeasureCode"": ""scip-inf-1"", ""MeasureName"": ""surgery patients who were given an antibiotic at the right time (within one hour before surgery) to help prevent infection"", ""Score"": ""97%"", ""Sample"": ""461 patients"", ""Stateavg"": ""al_scip-inf-1"", ""count"": 1}

Take these rows as reference:

{""ProviderNumber"": ""10011"", ""HospitalName"": ""st vincents east"", ""Address1"": ""50 medical park east drive"", ""Address2"": ""empty"", ""Address3"": ""empty"", ""City"": ""birmingham"", ""State"": ""al"", ""ZipCode"": ""3x23x"", ""CountyName"": ""jefferson"", ""PhoneNumber"": ""2058383122"", ""HospitalType"": ""acute care hospitals"", ""HospitalOwner"": ""voluntary non-profit - private"", ""EmergencyService"": ""yes"", ""Condition"": ""heart attack"", ""MeasureCode"": ""ami-3"", ""MeasureName"": ""heart attack patients given ace inhibitor or arb for left ventricular systolic dysfunction (lvsd)"", ""Score"": ""91%"", ""Sample"": ""70 patients"", ""Stateavg"": ""al_ami-3""}

{""ProviderNumber"": ""10011"", ""HospitalName"": ""st vincents east"", ""Address1"": ""50 medical park east drive"", ""Address2"": ""empty"", ""Address3"": ""empty"", ""City"": ""birmingham"", ""State"": ""al"", ""ZipCode"": ""35235"", ""CountyName"": ""jefferson"", ""PhoneNumber"": ""2058383122"", ""HospitalType"": ""acute care hospitals"", ""HospitalOwner"": ""voluntary non-profit - private"", ""EmergencyService"": ""yes"", ""Condition"": ""heart failure"", ""MeasureCode"": ""hf-3"", ""MeasureName"": ""heart failure patients given ace inhibitor or arb for left ventricular systolic dysfunction (lvsd)"", ""Score"": ""98%"", ""Sample"": ""130 patients"", ""Stateavg"": ""al_hf-3""}

",,"{""City"": ""birmingham""}","  {""City"": ""birmingham""}"
96,"You are an expert in Cleaning Hospital Dataset. Given the dirty row Entity 1, you are required to correct the values of ProviderNumber in Entity 1.

Return in json format.

Output Format Example:

{""ProviderNumber"": """"}

Entity 1:

{""ProviderNumber"": ""x00xx"", ""HospitalName"": ""st vincents east"", ""Address1"": ""50 medical park east drive"", ""Address2"": ""empty"", ""Address3"": ""empty"", ""City"": ""birmingham"", ""State"": ""al"", ""ZipCode"": ""35235"", ""CountyName"": ""jefferson"", ""PhoneNumber"": ""2058383122"", ""HospitalType"": ""acutx carx hospitals"", ""HospitalOwner"": ""voluntary non-profit - private"", ""EmergencyService"": ""yes"", ""Condition"": ""surgical infection prevention"", ""MeasureCode"": ""scip-inf-2"", ""MeasureName"": ""surgery patients who were given the  right kind  of antibiotic to help prevent infection"", ""Score"": ""98%"", ""Sample"": ""473 patients"", ""Stateavg"": ""al_sxip-inf-2"", ""count"": 3}

Take these rows as reference:

{""ProviderNumber"": ""10011"", ""HospitalName"": ""st vincents east"", ""Address1"": ""50 medical park east drive"", ""Address2"": ""empty"", ""Address3"": ""empty"", ""City"": ""birmingham"", ""State"": ""al"", ""ZipCode"": ""35235"", ""CountyName"": ""jefferson"", ""PhoneNumber"": ""2058383122"", ""HospitalType"": ""acute care hospitals"", ""HospitalOwner"": ""voluntary non-profit - private"", ""EmergencyService"": ""yes"", ""Condition"": ""pneumonia"", ""MeasureCode"": ""pn-7"", ""MeasureName"": ""pneumoniaxpatientsxassessedxandxgivenxinfluenzaxvaccination"", ""Score"": ""85%"", ""Sample"": ""89 patients"", ""Stateavg"": ""al_pn-7""}

{""ProviderNumber"": ""10011"", ""HospitalName"": ""st vincents east"", ""Address1"": ""50 medical park east drive"", ""Address2"": ""empty"", ""Address3"": ""empty"", ""City"": ""birmingham"", ""State"": ""al"", ""ZipCode"": ""3x23x"", ""CountyName"": ""jefferson"", ""PhoneNumber"": ""2058383122"", ""HospitalType"": ""acute care hospitals"", ""HospitalOwner"": ""voluntary non-profit - private"", ""EmergencyService"": ""yes"", ""Condition"": ""heart attack"", ""MeasureCode"": ""ami-3"", ""MeasureName"": ""heart attack patients given ace inhibitor or arb for left ventricular systolic dysfunction (lvsd)"", ""Score"": ""91%"", ""Sample"": ""70 patients"", ""Stateavg"": ""al_ami-3""}

",,"{""ProviderNumber"": ""10011""}","  {""ProviderNumber"": ""10011""}"
97,"You are an expert in Cleaning Hospital Dataset. Given the dirty row Entity 1, you are required to correct the values of HospitalType in Entity 1.

Return in json format.

Output Format Example:

{""HospitalType"": """"}

Entity 1:

{""ProviderNumber"": ""x00xx"", ""HospitalName"": ""st vincents east"", ""Address1"": ""50 medical park east drive"", ""Address2"": ""empty"", ""Address3"": ""empty"", ""City"": ""birmingham"", ""State"": ""al"", ""ZipCode"": ""35235"", ""CountyName"": ""jefferson"", ""PhoneNumber"": ""2058383122"", ""HospitalType"": ""acutx carx hospitals"", ""HospitalOwner"": ""voluntary non-profit - private"", ""EmergencyService"": ""yes"", ""Condition"": ""surgical infection prevention"", ""MeasureCode"": ""scip-inf-2"", ""MeasureName"": ""surgery patients who were given the  right kind  of antibiotic to help prevent infection"", ""Score"": ""98%"", ""Sample"": ""473 patients"", ""Stateavg"": ""al_sxip-inf-2"", ""count"": 3}

Take these rows as reference:

{""ProviderNumber"": ""10011"", ""HospitalName"": ""st vincents east"", ""Address1"": ""50 medical park east drive"", ""Address2"": ""empty"", ""Address3"": ""empty"", ""City"": ""birmingham"", ""State"": ""al"", ""ZipCode"": ""35235"", ""CountyName"": ""jefferson"", ""PhoneNumber"": ""2058383122"", ""HospitalType"": ""acute care hospitals"", ""HospitalOwner"": ""voluntary non-profit - private"", ""EmergencyService"": ""yes"", ""Condition"": ""heart failure"", ""MeasureCode"": ""hf-4"", ""MeasureName"": ""heart failure patients given smoking cessation advice/counseling"", ""Score"": ""100%"", ""Sample"": ""69 patients"", ""Stateavg"": ""al_hf-4""}

{""ProviderNumber"": ""10011"", ""HospitalName"": ""st vincents east"", ""Address1"": ""50 medical park east drive"", ""Address2"": ""empty"", ""Address3"": ""empty"", ""City"": ""birmingham"", ""State"": ""al"", ""ZipCode"": ""35235"", ""CountyName"": ""jefferson"", ""PhoneNumber"": ""2058383122"", ""HospitalType"": ""acute care hosxitals"", ""HospitalOwner"": ""voluntary non-profit - private"", ""EmergencyService"": ""yes"", ""Condition"": ""heaxt attack"", ""MeasureCode"": ""ami-7a"", ""MeasureName"": ""heart attack patients given fibrinolytic medication within 30 minutes of arrival"", ""Score"": ""empty"", ""Sample"": ""0 patients"", ""Stateavg"": ""al_ami-7a""}

",,"{""HospitalType"": ""acute care hospitals""}","  {""HospitalType"": ""acute care hospitals""}"
98,"You are an expert in Cleaning Hospital Dataset. Given the dirty row Entity 1, you are required to correct the values of Stateavg in Entity 1.

Return in json format.

Output Format Example:

{""Stateavg"": """"}

Entity 1:

{""ProviderNumber"": ""x00xx"", ""HospitalName"": ""st vincents east"", ""Address1"": ""50 medical park east drive"", ""Address2"": ""empty"", ""Address3"": ""empty"", ""City"": ""birmingham"", ""State"": ""al"", ""ZipCode"": ""35235"", ""CountyName"": ""jefferson"", ""PhoneNumber"": ""2058383122"", ""HospitalType"": ""acutx carx hospitals"", ""HospitalOwner"": ""voluntary non-profit - private"", ""EmergencyService"": ""yes"", ""Condition"": ""surgical infection prevention"", ""MeasureCode"": ""scip-inf-2"", ""MeasureName"": ""surgery patients who were given the  right kind  of antibiotic to help prevent infection"", ""Score"": ""98%"", ""Sample"": ""473 patients"", ""Stateavg"": ""al_sxip-inf-2"", ""count"": 3}

Take these rows as reference:

{""ProviderNumber"": ""10011"", ""HospitalName"": ""st vincents east"", ""Address1"": ""50 medical park east drive"", ""Address2"": ""empty"", ""Address3"": ""empty"", ""City"": ""birmingham"", ""State"": ""al"", ""ZipCode"": ""35235"", ""CountyName"": ""jefferson"", ""PhoneNumber"": ""2058383122"", ""HospitalType"": ""acute care hospitals"", ""HospitalOwner"": ""voluntary non-profit - private"", ""EmergencyService"": ""yes"", ""Condition"": ""heart attack"", ""MeasureCode"": ""ami-4"", ""MeasureName"": ""heart attack patients given smoking cessation advice/counseling"", ""Score"": ""100%"", ""Sample"": ""131 patients"", ""Stateavg"": ""al_ami-4""}

{""ProviderNumber"": ""10011"", ""HospitalName"": ""st vincents east"", ""Address1"": ""50 medical park east drive"", ""Address2"": ""empty"", ""Address3"": ""empty"", ""City"": ""birmingham"", ""State"": ""al"", ""ZipCode"": ""35235"", ""CountyName"": ""jefferson"", ""PhoneNumber"": ""2058383122"", ""HospitalType"": ""acute care hosxitals"", ""HospitalOwner"": ""voluntary non-profit - private"", ""EmergencyService"": ""yes"", ""Condition"": ""heaxt attack"", ""MeasureCode"": ""ami-7a"", ""MeasureName"": ""heart attack patients given fibrinolytic medication within 30 minutes of arrival"", ""Score"": ""empty"", ""Sample"": ""0 patients"", ""Stateavg"": ""al_ami-7a""}

",,"{""Stateavg"": ""al_scip-inf-2""}","  {""Stateavg"": ""al_scip-inf-2""}"
99,"You are an expert in Cleaning Hospital Dataset. Given the dirty row Entity 1, you are required to correct the values of CountyName in Entity 1.

Return in json format.

Output Format Example:

{""CountyName"": """"}

Entity 1:

{""ProviderNumber"": ""10011"", ""HospitalName"": ""st vincents east"", ""Address1"": ""50 medical park east drive"", ""Address2"": ""empty"", ""Address3"": ""empty"", ""City"": ""birmingham"", ""State"": ""al"", ""ZipCode"": ""35235"", ""CountyName"": ""jeffersxn"", ""PhoneNumber"": ""2058383122"", ""HospitalType"": ""acute care hospitals"", ""HospitalOwner"": ""volunxary non-profix - privaxe"", ""EmergencyService"": ""yes"", ""Condition"": ""surgical infection prevention"", ""MeasureCode"": ""scip-inf-6"", ""MeasureName"": ""surgery patients needing hair removed from the surgical area before surgery who had hair removed using a safer method (electric clippers or hair removal cream c not a razor)"", ""Score"": ""100%"", ""Sample"": ""601 patients"", ""Stateavg"": ""al_scip-inf-6"", ""count"": 2}

Take these rows as reference:

{""ProviderNumber"": ""10011"", ""HospitalName"": ""st vincents east"", ""Address1"": ""50 medical park east drive"", ""Address2"": ""empty"", ""Address3"": ""empty"", ""City"": ""birmingham"", ""State"": ""al"", ""ZipCode"": ""35235"", ""CountyName"": ""jefferson"", ""PhoneNumber"": ""2058383122"", ""HospitalType"": ""acute care hospitals"", ""HospitalOwner"": ""voluntary non-profit - private"", ""EmergencyService"": ""yes"", ""Condition"": ""pneumonia"", ""MeasureCode"": ""pn-5c"", ""MeasureName"": ""pneumonia patients given initial antibiotic(s) within 6 hours after arrival"", ""Score"": ""x5%"", ""Sample"": ""135 patients"", ""Stateavg"": ""al_pn-5c""}

{""ProviderNumber"": ""10011"", ""HospitalName"": ""st vincents east"", ""Address1"": ""50 medical park east drive"", ""Address2"": ""empty"", ""Address3"": ""empty"", ""City"": ""birmingham"", ""State"": ""al"", ""ZipCode"": ""35235"", ""CountyName"": ""jefferson"", ""PhoneNumber"": ""2058383122"", ""HospitalType"": ""acute care hospitals"", ""HospitalOwner"": ""voluntary non-profit - private"", ""EmergencyService"": ""yes"", ""Condition"": ""heart attack"", ""MeasureCode"": ""ami-1"", ""MeasureName"": ""heart attack patients given aspirin at arrival"", ""Score"": ""99%"", ""Sample"": ""240 patients"", ""Stateavg"": ""al_ami-1""}

",,"{""CountyName"": ""jefferson""}","  {""CountyName"": ""jefferson""}"
100,"You are an expert in Cleaning Hospital Dataset. Given the dirty row Entity 1, you are required to correct the values of HospitalOwner in Entity 1.

Return in json format.

Output Format Example:

{""HospitalOwner"": """"}

Entity 1:

{""ProviderNumber"": ""10011"", ""HospitalName"": ""st vincents east"", ""Address1"": ""50 medical park east drive"", ""Address2"": ""empty"", ""Address3"": ""empty"", ""City"": ""birmingham"", ""State"": ""al"", ""ZipCode"": ""35235"", ""CountyName"": ""jeffersxn"", ""PhoneNumber"": ""2058383122"", ""HospitalType"": ""acute care hospitals"", ""HospitalOwner"": ""volunxary non-profix - privaxe"", ""EmergencyService"": ""yes"", ""Condition"": ""surgical infection prevention"", ""MeasureCode"": ""scip-inf-6"", ""MeasureName"": ""surgery patients needing hair removed from the surgical area before surgery who had hair removed using a safer method (electric clippers or hair removal cream c not a razor)"", ""Score"": ""100%"", ""Sample"": ""601 patients"", ""Stateavg"": ""al_scip-inf-6"", ""count"": 2}

Take these rows as reference:

{""ProviderNumber"": ""10011"", ""HospitalName"": ""st vincents east"", ""Address1"": ""50 medical park east drive"", ""Address2"": ""empty"", ""Address3"": ""empty"", ""City"": ""birmingham"", ""State"": ""al"", ""ZipCode"": ""35235"", ""CountyName"": ""jefferson"", ""PhoneNumber"": ""2058383122"", ""HospitalType"": ""acute care hospitals"", ""HospitalOwner"": ""voluntary non-profit - private"", ""EmergencyService"": ""yes"", ""Condition"": ""heart attack"", ""MeasureCode"": ""ami-4"", ""MeasureName"": ""heart attack patients given smoking cessation advice/counseling"", ""Score"": ""100%"", ""Sample"": ""131 patients"", ""Stateavg"": ""al_ami-4""}

{""ProviderNumber"": ""10011"", ""HospitalName"": ""st vincents east"", ""Address1"": ""50 medical park east drive"", ""Address2"": ""empty"", ""Address3"": ""empty"", ""City"": ""birmingham"", ""State"": ""al"", ""ZipCode"": ""35235"", ""CountyName"": ""jefferson"", ""PhoneNumber"": ""2058383122"", ""HospitalType"": ""acute care hospitals"", ""HospitalOwner"": ""voluntary non-profit - private"", ""EmergencyService"": ""yes"", ""Condition"": ""heart failure"", ""MeasureCode"": ""hf-3"", ""MeasureName"": ""heart failure patients given ace inhibitor or arb for left ventricular systolic dysfunction (lvsd)"", ""Score"": ""98%"", ""Sample"": ""130 patients"", ""Stateavg"": ""al_hf-3""}

",,"{""HospitalOwner"": ""voluntary non-profit - private""}","  {""HospitalOwner"": ""voluntary non-profit - private""}"
101,"You are an expert in Cleaning Hospital Dataset. Given the dirty row Entity 1, you are required to correct the values of PhoneNumber in Entity 1.

Return in json format.

Output Format Example:

{""PhoneNumber"": """"}

Entity 1:

{""ProviderNumber"": ""10011"", ""HospitalName"": ""st vincents east"", ""Address1"": ""50 medical park east drive"", ""Address2"": ""empty"", ""Address3"": ""empty"", ""City"": ""birmingham"", ""State"": ""al"", ""ZipCode"": ""35235"", ""CountyName"": ""jefferson"", ""PhoneNumber"": ""2058x8x122"", ""HospitalType"": ""acute care hospitals"", ""HospitalOwner"": ""voluntary non-profit - private"", ""EmergencyService"": ""yes"", ""Condition"": ""surgical infection prevention"", ""MeasureCode"": ""scip-vte-1"", ""MeasureName"": ""surgery patients whose doctors ordered treatments to prevent blood clots after certain types of surgeries"", ""Score"": ""89%"", ""Sample"": ""229 patients"", ""Stateavg"": ""al_scip-vte-1"", ""count"": 1}

Take these rows as reference:

{""ProviderNumber"": ""10011"", ""HospitalName"": ""st vincents east"", ""Address1"": ""50 medical park east drive"", ""Address2"": ""empty"", ""Address3"": ""empty"", ""City"": ""birmingham"", ""State"": ""al"", ""ZipCode"": ""35235"", ""CountyName"": ""jefferson"", ""PhoneNumber"": ""2058383122"", ""HospitalType"": ""acute care hospitals"", ""HospitalOwner"": ""voluntary non-profit - private"", ""EmergencyService"": ""yes"", ""Condition"": ""heart attack"", ""MeasureCode"": ""ami-1"", ""MeasureName"": ""heart attack patients given aspirin at arrival"", ""Score"": ""99%"", ""Sample"": ""240 patients"", ""Stateavg"": ""al_ami-1""}

{""ProviderNumber"": ""10010"", ""HospitalName"": ""marshall medical center north"", ""Address1"": ""8000 alabama highway 69"", ""Address2"": ""empty"", ""Address3"": ""empty"", ""City"": ""guntersville"", ""State"": ""al"", ""ZipCode"": ""35976"", ""CountyName"": ""marshall"", ""PhoneNumber"": ""2565718000"", ""HospitalType"": ""acute care hospitals"", ""HospitalOwner"": ""government - hospital district or authority"", ""EmergencyService"": ""yes"", ""Condition"": ""surgical infection prevention"", ""MeasureCode"": ""scip-vte-2"", ""MeasureName"": ""patients who got treatment  at the right time (within 24 hours before or after their surgery) to help prevent blood clots after certain types of surgery"", ""Score"": ""84%"", ""Sample"": ""56 patients"", ""Stateavg"": ""al_scix-vte-2""}

",,"{""PhoneNumber"": ""2058383122""}","  {""PhoneNumber"": ""2058383122""}"
102,"You are an expert in Cleaning Hospital Dataset. Given the dirty row Entity 1, you are required to correct the values of HospitalOwner in Entity 1.

Return in json format.

Output Format Example:

{""HospitalOwner"": """"}

Entity 1:

{""ProviderNumber"": ""10011"", ""HospitalName"": ""st vincents east"", ""Address1"": ""50 medical park east drive"", ""Address2"": ""empty"", ""Address3"": ""empty"", ""City"": ""birmingham"", ""State"": ""al"", ""ZipCode"": ""35235"", ""CountyName"": ""jefferson"", ""PhoneNumber"": ""2058383122"", ""HospitalType"": ""acute care hospitals"", ""HospitalOwner"": ""voluntary nonxprofit x private"", ""EmergencyService"": ""yes"", ""Condition"": ""surgical infection prevention"", ""MeasureCode"": ""scip-vte-2"", ""MeasureName"": ""patients who got treatment  at the right time (within 24 hours before or after their surgery) to help prevent blood clots after certain types of surgery"", ""Score"": ""83%"", ""Sample"": ""224 patients"", ""Stateavg"": ""al_scip-vte-2"", ""count"": 1}

Take these rows as reference:

{""ProviderNumber"": ""10011"", ""HospitalName"": ""st vincents east"", ""Address1"": ""50 medical park east drive"", ""Address2"": ""empty"", ""Address3"": ""empty"", ""City"": ""birmingham"", ""State"": ""al"", ""ZipCode"": ""35235"", ""CountyName"": ""jefferson"", ""PhoneNumber"": ""2058383122"", ""HospitalType"": ""acute care hospitals"", ""HospitalOwner"": ""voluntary non-profit - private"", ""EmergencyService"": ""yes"", ""Condition"": ""pneumonia"", ""MeasureCode"": ""pn-2"", ""MeasureName"": ""pneumonia patients assessed and given pneumococcal vaccination"", ""Score"": ""87%"", ""Sample"": ""125 patients"", ""Stateavg"": ""al_pn-2""}

{""ProviderNumber"": ""10011"", ""HospitalName"": ""st vincents east"", ""Address1"": ""50 medical park east drive"", ""Address2"": ""empty"", ""Address3"": ""empty"", ""City"": ""birmingham"", ""State"": ""al"", ""ZipCode"": ""35235"", ""CountyName"": ""jefferson"", ""PhoneNumber"": ""2058383122"", ""HospitalType"": ""acute care hospitals"", ""HospitalOwner"": ""voluntary non-profit - private"", ""EmergencyService"": ""yes"", ""Condition"": ""pneumonia"", ""MeasureCode"": ""pn-7"", ""MeasureName"": ""pneumoniaxpatientsxassessedxandxgivenxinfluenzaxvaccination"", ""Score"": ""85%"", ""Sample"": ""89 patients"", ""Stateavg"": ""al_pn-7""}

",,"{""HospitalOwner"": ""voluntary non-profit - private""}","  {""HospitalOwner"": ""voluntary non-profit - private""}"
103,"You are an expert in Cleaning Hospital Dataset. Given the dirty row Entity 1, you are required to correct the values of MeasureName in Entity 1.

Return in json format.

Output Format Example:

{""MeasureName"": """"}

Entity 1:

{""ProviderNumber"": ""10012"", ""HospitalName"": ""dekalb regional medical center"", ""Address1"": ""200 med center drive"", ""Address2"": ""empty"", ""Address3"": ""empty"", ""City"": ""fort payne"", ""State"": ""al"", ""ZipCode"": ""35968"", ""CountyName"": ""de kalb"", ""PhoneNumber"": ""2568453150"", ""HospitalType"": ""acute care hospitals"", ""HospitalOwner"": ""voluntary non-profit - church"", ""EmergencyService"": ""yes"", ""Condition"": ""heart attack"", ""MeasureCode"": ""ami-1"", ""MeasureName"": ""heartxattackxpatientsxgivenxaspirinxatxarrival"", ""Score"": ""100%"", ""Sample"": ""46 patients"", ""Stateavg"": ""al_ami-1"", ""count"": 1}

Take these rows as reference:

{""ProviderNumber"": ""10012"", ""HospitalName"": ""dekalb regional medical center"", ""Address1"": ""200 med center drive"", ""Address2"": ""empty"", ""Address3"": ""empty"", ""City"": ""fort payne"", ""State"": ""al"", ""ZipCode"": ""35968"", ""CountyName"": ""de kalb"", ""PhoneNumber"": ""2568453150"", ""HospitalType"": ""acute care hospitals"", ""HospitalOwner"": ""voluntary non-profit - church"", ""EmergencyService"": ""yes"", ""Condition"": ""surgxcal infectxon preventxon"", ""MeasureCode"": ""scip-inf-3"", ""MeasureName"": ""surgery patients whose preventive antibiotics were stopped at the right time (within 24 hours after surgery)"", ""Score"": ""98%"", ""Sample"": ""136 patients"", ""Stateavg"": ""al_scip-inf-3""}

{""ProviderNumber"": ""10012"", ""HospitalName"": ""dekalb regional medical center"", ""Address1"": ""200 med center drive"", ""Address2"": ""empty"", ""Address3"": ""empty"", ""City"": ""fort payne"", ""State"": ""al"", ""ZipCode"": ""35968"", ""CountyName"": ""de kalb"", ""PhoneNumber"": ""2568453150"", ""HospitalType"": ""acute care hospitals"", ""HospitalOwner"": ""voluntary non-profit - church"", ""EmergencyService"": ""yes"", ""Condition"": ""heart faxlure"", ""MeasureCode"": ""hf-4"", ""MeasureName"": ""heart failure patients given smoking cessation advice/counseling"", ""Score"": ""100%"", ""Sample"": ""15 patients"", ""Stateavg"": ""al_hf-4""}

",,"{""MeasureName"": ""heart attack patients given aspirin at arrival""}","  {""MeasureName"": ""heart attack patients given aspirin at arrival""}"
104,"You are an expert in Cleaning Hospital Dataset. Given the dirty row Entity 1, you are required to correct the values of CountyName in Entity 1.

Return in json format.

Output Format Example:

{""CountyName"": """"}

Entity 1:

{""ProviderNumber"": ""10012"", ""HospitalName"": ""dekalb regional medical center"", ""Address1"": ""200 med center drive"", ""Address2"": ""empty"", ""Address3"": ""empty"", ""City"": ""fort payne"", ""State"": ""al"", ""ZipCode"": ""35968"", ""CountyName"": ""dx kalb"", ""PhoneNumber"": ""2568453150"", ""HospitalType"": ""acute care hospitals"", ""HospitalOwner"": ""voluntaryxnon-profitx-xchurch"", ""EmergencyService"": ""yes"", ""Condition"": ""heart attack"", ""MeasureCode"": ""ami-3"", ""MeasureName"": ""heart attack patients given ace inhibitor or arb for left ventricular systolic dysfunction (lvsd)"", ""Score"": ""91%"", ""Sample"": ""11 patients"", ""Stateavg"": ""al_ami-3"", ""count"": 2}

Take these rows as reference:

{""ProviderNumber"": ""10012"", ""HospitalName"": ""dekalb regional medical center"", ""Address1"": ""200 med center drive"", ""Address2"": ""empty"", ""Address3"": ""empty"", ""City"": ""fort payne"", ""State"": ""al"", ""ZipCode"": ""35968"", ""CountyName"": ""de kalb"", ""PhoneNumber"": ""2568453150"", ""HospitalType"": ""acute care hospitals"", ""HospitalOwner"": ""voluntary non-profit - church"", ""EmergencyService"": ""yes"", ""Condition"": ""heart attack"", ""MeasureCode"": ""ami-1"", ""MeasureName"": ""heartxattackxpatientsxgivenxaspirinxatxarrival"", ""Score"": ""100%"", ""Sample"": ""46 patients"", ""Stateavg"": ""al_ami-1""}

{""ProviderNumber"": ""10012"", ""HospitalName"": ""dekalb regional medical center"", ""Address1"": ""200 med center drive"", ""Address2"": ""empty"", ""Address3"": ""empty"", ""City"": ""fort payne"", ""State"": ""al"", ""ZipCode"": ""35968"", ""CountyName"": ""de kalb"", ""PhoneNumber"": ""2568453150"", ""HospitalType"": ""acute care hospitals"", ""HospitalOwner"": ""voluntary non-profit - church"", ""EmergencyService"": ""yes"", ""Condition"": ""surgical infection prevention"", ""MeasureCode"": ""scip-inf-6"", ""MeasureName"": ""surgery patients needing hair removed from the surgical area before surgery who had hair removed using a safer method (electric clippers or hair removal cream c not a razor)"", ""Score"": ""100%"", ""Sample"": ""179 patients"", ""Stateavg"": ""al_scip-inf-6""}

",,"{""CountyName"": ""de kalb""}","  {""CountyName"": ""de kalb""}"
105,"You are an expert in Cleaning Hospital Dataset. Given the dirty row Entity 1, you are required to correct the values of HospitalOwner in Entity 1.

Return in json format.

Output Format Example:

{""HospitalOwner"": """"}

Entity 1:

{""ProviderNumber"": ""10012"", ""HospitalName"": ""dekalb regional medical center"", ""Address1"": ""200 med center drive"", ""Address2"": ""empty"", ""Address3"": ""empty"", ""City"": ""fort payne"", ""State"": ""al"", ""ZipCode"": ""35968"", ""CountyName"": ""dx kalb"", ""PhoneNumber"": ""2568453150"", ""HospitalType"": ""acute care hospitals"", ""HospitalOwner"": ""voluntaryxnon-profitx-xchurch"", ""EmergencyService"": ""yes"", ""Condition"": ""heart attack"", ""MeasureCode"": ""ami-3"", ""MeasureName"": ""heart attack patients given ace inhibitor or arb for left ventricular systolic dysfunction (lvsd)"", ""Score"": ""91%"", ""Sample"": ""11 patients"", ""Stateavg"": ""al_ami-3"", ""count"": 2}

Take these rows as reference:

{""ProviderNumber"": ""10012"", ""HospitalName"": ""dekalb regional medical center"", ""Address1"": ""200 med center drive"", ""Address2"": ""empty"", ""Address3"": ""empty"", ""City"": ""fort payne"", ""State"": ""al"", ""ZipCode"": ""35968"", ""CountyName"": ""de kalb"", ""PhoneNumber"": ""2568453150"", ""HospitalType"": ""acute care hospitals"", ""HospitalOwner"": ""voluntary non-profit - church"", ""EmergencyService"": ""yes"", ""Condition"": ""pneumonia"", ""MeasureCode"": ""pn-2"", ""MeasureName"": ""pneumonia patients assessed and given pneumococcal vaccination"", ""Score"": ""97%"", ""Sample"": ""69 patients"", ""Stateavg"": ""al_pn-2""}

{""ProviderNumber"": ""10012"", ""HospitalName"": ""dekalb regional medical center"", ""Address1"": ""200 med center drive"", ""Address2"": ""empty"", ""Address3"": ""empty"", ""City"": ""fort payne"", ""State"": ""al"", ""ZipCode"": ""35968"", ""CountyName"": ""de kalb"", ""PhoneNumber"": ""2568453150"", ""HospitalType"": ""acute care hospitals"", ""HospitalOwner"": ""voluntary non-profit - church"", ""EmergencyService"": ""yes"", ""Condition"": ""surgical infection prevention"", ""MeasureCode"": ""scip-inf-4"", ""MeasureName"": ""all heart surgery patients whose blood sugar (blood glucose) is kept under good control in the days right after surgery"", ""Score"": ""empty"", ""Sample"": ""0 patients"", ""Stateavg"": ""al_scip-inf-4""}

",,"{""HospitalOwner"": ""voluntary non-profit - church""}","  {""HospitalOwner"": ""voluntary non-profit - church""}"
106,"You are an expert in Cleaning Hospital Dataset. Given the dirty row Entity 1, you are required to correct the values of CountyName in Entity 1.

Return in json format.

Output Format Example:

{""CountyName"": """"}

Entity 1:

{""ProviderNumber"": ""10012"", ""HospitalName"": ""dekalb regional medical center"", ""Address1"": ""200 med center drive"", ""Address2"": ""empty"", ""Address3"": ""empty"", ""City"": ""fort payne"", ""State"": ""al"", ""ZipCode"": ""35968"", ""CountyName"": ""xe kalb"", ""PhoneNumber"": ""2568453150"", ""HospitalType"": ""acute care hospitals"", ""HospitalOwner"": ""voluntary non-profit - church"", ""EmergencyService"": ""yes"", ""Condition"": ""heart attack"", ""MeasureCode"": ""ami-5"", ""MeasureName"": ""heart attack patients given beta blocker at discharge"", ""Score"": ""95%"", ""Sample"": ""41 patients"", ""Stateavg"": ""al_ami-5"", ""count"": 1}

Take these rows as reference:

{""ProviderNumber"": ""10012"", ""HospitalName"": ""dekalb regional medical center"", ""Address1"": ""200 med center drive"", ""Address2"": ""empty"", ""Address3"": ""empty"", ""City"": ""fort payne"", ""State"": ""al"", ""ZipCode"": ""35968"", ""CountyName"": ""dx kalb"", ""PhoneNumber"": ""2568453150"", ""HospitalType"": ""acute care hospitals"", ""HospitalOwner"": ""voluntaryxnon-profitx-xchurch"", ""EmergencyService"": ""yes"", ""Condition"": ""heart attack"", ""MeasureCode"": ""ami-3"", ""MeasureName"": ""heart attack patients given ace inhibitor or arb for left ventricular systolic dysfunction (lvsd)"", ""Score"": ""91%"", ""Sample"": ""11 patients"", ""Stateavg"": ""al_ami-3""}

{""ProviderNumber"": ""10012"", ""HospitalName"": ""dekalb regional medical center"", ""Address1"": ""200 med center drive"", ""Address2"": ""empty"", ""Address3"": ""empty"", ""City"": ""fort payne"", ""State"": ""al"", ""ZipCode"": ""35968"", ""CountyName"": ""de kalb"", ""PhoneNumber"": ""2568453150"", ""HospitalType"": ""acute care hospitals"", ""HospitalOwner"": ""voluntary non-profit - church"", ""EmergencyService"": ""yes"", ""Condition"": ""heart faxlure"", ""MeasureCode"": ""hf-4"", ""MeasureName"": ""heart failure patients given smoking cessation advice/counseling"", ""Score"": ""100%"", ""Sample"": ""15 patients"", ""Stateavg"": ""al_hf-4""}

",,"{""CountyName"": ""de kalb""}","  {""CountyName"": ""de kalb""}"
107,"You are an expert in Cleaning Hospital Dataset. Given the dirty row Entity 1, you are required to correct the values of Sample in Entity 1.

Return in json format.

Output Format Example:

{""Sample"": """"}

Entity 1:

{""ProviderNumber"": ""10012"", ""HospitalName"": ""dekalb regional medical center"", ""Address1"": ""200 med center drive"", ""Address2"": ""empty"", ""Address3"": ""empty"", ""City"": ""fort payne"", ""State"": ""al"", ""ZipCode"": ""35968"", ""CountyName"": ""de kalb"", ""PhoneNumber"": ""2568453150"", ""HospitalType"": ""acute care hospitals"", ""HospitalOwner"": ""voluntary non-profit - church"", ""EmergencyService"": ""yes"", ""Condition"": ""heart attack"", ""MeasureCode"": ""ami-7a"", ""MeasureName"": ""heart attack patients given fibrinolytic medication within 30 minutes of arrival"", ""Score"": ""100%"", ""Sample"": ""1 patiexts"", ""Stateavg"": ""al_ami-7a"", ""count"": 1}

Take these rows as reference:

{""ProviderNumber"": ""10012"", ""HospitalName"": ""dekalb regional medical center"", ""Address1"": ""200 med center drive"", ""Address2"": ""empty"", ""Address3"": ""empty"", ""City"": ""fort payne"", ""State"": ""al"", ""ZipCode"": ""35968"", ""CountyName"": ""dx kalb"", ""PhoneNumber"": ""2568453150"", ""HospitalType"": ""acute care hospitals"", ""HospitalOwner"": ""voluntaryxnon-profitx-xchurch"", ""EmergencyService"": ""yes"", ""Condition"": ""heart attack"", ""MeasureCode"": ""ami-3"", ""MeasureName"": ""heart attack patients given ace inhibitor or arb for left ventricular systolic dysfunction (lvsd)"", ""Score"": ""91%"", ""Sample"": ""11 patients"", ""Stateavg"": ""al_ami-3""}

{""ProviderNumber"": ""10012"", ""HospitalName"": ""dekalb regional medical center"", ""Address1"": ""200 med center drive"", ""Address2"": ""empty"", ""Address3"": ""empty"", ""City"": ""fort payne"", ""State"": ""al"", ""ZipCode"": ""35968"", ""CountyName"": ""de kalb"", ""PhoneNumber"": ""2568453150"", ""HospitalType"": ""acute care hospitals"", ""HospitalOwner"": ""voluntary non-profit - church"", ""EmergencyService"": ""yes"", ""Condition"": ""heart faxlure"", ""MeasureCode"": ""hf-4"", ""MeasureName"": ""heart failure patients given smoking cessation advice/counseling"", ""Score"": ""100%"", ""Sample"": ""15 patients"", ""Stateavg"": ""al_hf-4""}

",,"{""Sample"": ""1 patients""}","  {""Sample"": ""1 patients""}"
108,"You are an expert in Cleaning Hospital Dataset. Given the dirty row Entity 1, you are required to correct the values of Condition in Entity 1.

Return in json format.

Output Format Example:

{""Condition"": """"}

Entity 1:

{""ProviderNumber"": ""10012"", ""HospitalName"": ""dekalb regional medical center"", ""Address1"": ""200 med center drive"", ""Address2"": ""empty"", ""Address3"": ""empty"", ""City"": ""fort payne"", ""State"": ""al"", ""ZipCode"": ""35968"", ""CountyName"": ""de kalb"", ""PhoneNumber"": ""2568453150"", ""HospitalType"": ""acute care hospitals"", ""HospitalOwner"": ""voluntary non-profit - church"", ""EmergencyService"": ""yes"", ""Condition"": ""hexrt attxck"", ""MeasureCode"": ""ami-8a"", ""MeasureName"": ""heart attack patients given pci within 90 minutes of arrival"", ""Score"": ""40%"", ""Sample"": ""5 patients"", ""Stateavg"": ""al_ami-8a"", ""count"": 1}

Take these rows as reference:

{""ProviderNumber"": ""10012"", ""HospitalName"": ""dekalb regional medical center"", ""Address1"": ""200 med center drive"", ""Address2"": ""empty"", ""Address3"": ""empty"", ""City"": ""fort payne"", ""State"": ""al"", ""ZipCode"": ""359x8"", ""CountyName"": ""de kalb"", ""PhoneNumber"": ""2568453150"", ""HospitalType"": ""acute care hospitals"", ""HospitalOwner"": ""voluntary non-profit - church"", ""EmergencyService"": ""yes"", ""Condition"": ""pneumonia"", ""MeasureCode"": ""pn-4"", ""MeasureName"": ""pneumonia patients given smoking cessation advice/counseling"", ""Score"": ""100%"", ""Sample"": ""37 patients"", ""Stateavg"": ""al_pn-4""}

{""ProviderNumber"": ""10012"", ""HospitalName"": ""dekalb regional medical center"", ""Address1"": ""200 med center drive"", ""Address2"": ""empty"", ""Address3"": ""empty"", ""City"": ""fort payne"", ""State"": ""al"", ""ZipCode"": ""35968"", ""CountyName"": ""de kalb"", ""PhoneNumber"": ""2568453150"", ""HospitalType"": ""acute care hospitals"", ""HospitalOwner"": ""voluntary non-profit - church"", ""EmergencyService"": ""yes"", ""Condition"": ""surgical infection prevention"", ""MeasureCode"": ""scip-inf-4"", ""MeasureName"": ""all heart surgery patients whose blood sugar (blood glucose) is kept under good control in the days right after surgery"", ""Score"": ""empty"", ""Sample"": ""0 patients"", ""Stateavg"": ""al_scip-inf-4""}

",,"{""Condition"": ""heart attack""}","  {""Condition"": ""heart attack""}"
109,"You are an expert in Cleaning Hospital Dataset. Given the dirty row Entity 1, you are required to correct the values of CountyName in Entity 1.

Return in json format.

Output Format Example:

{""CountyName"": """"}

Entity 1:

{""ProviderNumber"": ""10012"", ""HospitalName"": ""dekalb regional medical center"", ""Address1"": ""200 med center drive"", ""Address2"": ""empty"", ""Address3"": ""empty"", ""City"": ""fort payne"", ""State"": ""al"", ""ZipCode"": ""35968"", ""CountyName"": ""dx kalb"", ""PhoneNumber"": ""2568453150"", ""HospitalType"": ""acute care hospitals"", ""HospitalOwner"": ""voluntary non-profit - church"", ""EmergencyService"": ""yes"", ""Condition"": ""heart failure"", ""MeasureCode"": ""hf-2"", ""MeasureName"": ""heart failure patients given an evaluation of left ventricular systolic (lvs) function"", ""Score"": ""100%"", ""Sample"": ""94 patients"", ""Stateavg"": ""al_hf-2"", ""count"": 1}

Take these rows as reference:

{""ProviderNumber"": ""10012"", ""HospitalName"": ""dekalb regional medical center"", ""Address1"": ""200 med center drive"", ""Address2"": ""empty"", ""Address3"": ""empty"", ""City"": ""fort payne"", ""State"": ""al"", ""ZipCode"": ""35968"", ""CountyName"": ""de kalb"", ""PhoneNumber"": ""2568453150"", ""HospitalType"": ""acute care hospitals"", ""HospitalOwner"": ""voluntary non-profit - church"", ""EmergencyService"": ""yes"", ""Condition"": ""surgxcal infectxon preventxon"", ""MeasureCode"": ""scip-inf-3"", ""MeasureName"": ""surgery patients whose preventive antibiotics were stopped at the right time (within 24 hours after surgery)"", ""Score"": ""98%"", ""Sample"": ""136 patients"", ""Stateavg"": ""al_scip-inf-3""}

{""ProviderNumber"": ""10012"", ""HospitalName"": ""dekalb regional medical center"", ""Address1"": ""200 med center drive"", ""Address2"": ""empty"", ""Address3"": ""empty"", ""City"": ""fort payne"", ""State"": ""al"", ""ZipCode"": ""35968"", ""CountyName"": ""de kalb"", ""PhoneNumber"": ""2568453150"", ""HospitalType"": ""acute care hospitals"", ""HospitalOwner"": ""voluntary non-profit - church"", ""EmergencyService"": ""yes"", ""Condition"": ""heart faxlure"", ""MeasureCode"": ""hf-4"", ""MeasureName"": ""heart failure patients given smoking cessation advice/counseling"", ""Score"": ""100%"", ""Sample"": ""15 patients"", ""Stateavg"": ""al_hf-4""}

",,"{""CountyName"": ""de kalb""}","  {""CountyName"": ""de kalb""}"
110,"You are an expert in Cleaning Hospital Dataset. Given the dirty row Entity 1, you are required to correct the values of City in Entity 1.

Return in json format.

Output Format Example:

{""City"": """"}

Entity 1:

{""ProviderNumber"": ""10012"", ""HospitalName"": ""dekalb regional medical center"", ""Address1"": ""200 med center drive"", ""Address2"": ""empty"", ""Address3"": ""empty"", ""City"": ""fort payxe"", ""State"": ""ax"", ""ZipCode"": ""35968"", ""CountyName"": ""de kalb"", ""PhoneNumber"": ""2568453x50"", ""HospitalType"": ""acute care hospitals"", ""HospitalOwner"": ""voluntary non-profit - church"", ""EmergencyService"": ""yes"", ""Condition"": ""heart failure"", ""MeasureCode"": ""hf-3"", ""MeasureName"": ""heart failure patients given ace inhibitor or arb for left ventricular systolic dysfunction (lvsd)"", ""Score"": ""94%"", ""Sample"": ""36 patients"", ""Stateavg"": ""al_hf-3"", ""count"": 3}

Take these rows as reference:

{""ProviderNumber"": ""10012"", ""HospitalName"": ""dekalb regional medical center"", ""Address1"": ""200 med center drive"", ""Address2"": ""empty"", ""Address3"": ""empty"", ""City"": ""fort payne"", ""State"": ""al"", ""ZipCode"": ""35968"", ""CountyName"": ""de kalb"", ""PhoneNumber"": ""2568453150"", ""HospitalType"": ""acute care hospitals"", ""HospitalOwner"": ""voluntary non-profit - church"", ""EmergencyService"": ""yes"", ""Condition"": ""heart attack"", ""MeasureCode"": ""ami-1"", ""MeasureName"": ""heartxattackxpatientsxgivenxaspirinxatxarrival"", ""Score"": ""100%"", ""Sample"": ""46 patients"", ""Stateavg"": ""al_ami-1""}

{""ProviderNumber"": ""10012"", ""HospitalName"": ""dekalb regional medical center"", ""Address1"": ""200 med center drive"", ""Address2"": ""empty"", ""Address3"": ""empty"", ""City"": ""fort payne"", ""State"": ""al"", ""ZipCode"": ""35968"", ""CountyName"": ""de kalb"", ""PhoneNumber"": ""2568453150"", ""HospitalType"": ""acute care hospitals"", ""HospitalOwner"": ""voluntary non-profit - church"", ""EmergencyService"": ""yes"", ""Condition"": ""heart faxlure"", ""MeasureCode"": ""hf-4"", ""MeasureName"": ""heart failure patients given smoking cessation advice/counseling"", ""Score"": ""100%"", ""Sample"": ""15 patients"", ""Stateavg"": ""al_hf-4""}

",,"{""City"": ""fort payne""}","  {""City"": ""fort payne""}"
111,"You are an expert in Cleaning Hospital Dataset. Given the dirty row Entity 1, you are required to correct the values of State in Entity 1.

Return in json format.

Output Format Example:

{""State"": """"}

Entity 1:

{""ProviderNumber"": ""10012"", ""HospitalName"": ""dekalb regional medical center"", ""Address1"": ""200 med center drive"", ""Address2"": ""empty"", ""Address3"": ""empty"", ""City"": ""fort payxe"", ""State"": ""ax"", ""ZipCode"": ""35968"", ""CountyName"": ""de kalb"", ""PhoneNumber"": ""2568453x50"", ""HospitalType"": ""acute care hospitals"", ""HospitalOwner"": ""voluntary non-profit - church"", ""EmergencyService"": ""yes"", ""Condition"": ""heart failure"", ""MeasureCode"": ""hf-3"", ""MeasureName"": ""heart failure patients given ace inhibitor or arb for left ventricular systolic dysfunction (lvsd)"", ""Score"": ""94%"", ""Sample"": ""36 patients"", ""Stateavg"": ""al_hf-3"", ""count"": 3}

Take these rows as reference:

{""ProviderNumber"": ""10012"", ""HospitalName"": ""dekalb regional medical center"", ""Address1"": ""200 med center drive"", ""Address2"": ""empty"", ""Address3"": ""empty"", ""City"": ""fort payne"", ""State"": ""al"", ""ZipCode"": ""35968"", ""CountyName"": ""de kalb"", ""PhoneNumber"": ""2568453150"", ""HospitalType"": ""acute care hospitals"", ""HospitalOwner"": ""voluntary non-profit - church"", ""EmergencyService"": ""yes"", ""Condition"": ""pneumonia"", ""MeasureCode"": ""pn-6"", ""MeasureName"": ""pneumonia patients given the most appropriate initial antibiotic(s)"", ""Score"": ""88%"", ""Sample"": ""82 patientx"", ""Stateavg"": ""al_pn-6""}

{""ProviderNumber"": ""10012"", ""HospitalName"": ""dekalb regional medical center"", ""Address1"": ""200 med center drive"", ""Address2"": ""empty"", ""Address3"": ""empty"", ""City"": ""fort payne"", ""State"": ""al"", ""ZipCode"": ""35968"", ""CountyName"": ""de kalb"", ""PhoneNumber"": ""2568453150"", ""HospitalType"": ""acute care hospitals"", ""HospitalOwner"": ""voluntary non-profit - church"", ""EmergencyService"": ""yes"", ""Condition"": ""surgxcal infectxon preventxon"", ""MeasureCode"": ""scip-inf-3"", ""MeasureName"": ""surgery patients whose preventive antibiotics were stopped at the right time (within 24 hours after surgery)"", ""Score"": ""98%"", ""Sample"": ""136 patients"", ""Stateavg"": ""al_scip-inf-3""}

",,"{""State"": ""al""}","  {""State"": ""al""}"
112,"You are an expert in Cleaning Hospital Dataset. Given the dirty row Entity 1, you are required to correct the values of PhoneNumber in Entity 1.

Return in json format.

Output Format Example:

{""PhoneNumber"": """"}

Entity 1:

{""ProviderNumber"": ""10012"", ""HospitalName"": ""dekalb regional medical center"", ""Address1"": ""200 med center drive"", ""Address2"": ""empty"", ""Address3"": ""empty"", ""City"": ""fort payxe"", ""State"": ""ax"", ""ZipCode"": ""35968"", ""CountyName"": ""de kalb"", ""PhoneNumber"": ""2568453x50"", ""HospitalType"": ""acute care hospitals"", ""HospitalOwner"": ""voluntary non-profit - church"", ""EmergencyService"": ""yes"", ""Condition"": ""heart failure"", ""MeasureCode"": ""hf-3"", ""MeasureName"": ""heart failure patients given ace inhibitor or arb for left ventricular systolic dysfunction (lvsd)"", ""Score"": ""94%"", ""Sample"": ""36 patients"", ""Stateavg"": ""al_hf-3"", ""count"": 3}

Take these rows as reference:

{""ProviderNumber"": ""10012"", ""HospitalName"": ""dekalb regional medical center"", ""Address1"": ""200 med center drive"", ""Address2"": ""empty"", ""Address3"": ""empty"", ""City"": ""fort payne"", ""State"": ""al"", ""ZipCode"": ""35968"", ""CountyName"": ""de kalb"", ""PhoneNumber"": ""2568453150"", ""HospitalType"": ""acute care hospitals"", ""HospitalOwner"": ""voluntary non-profit - church"", ""EmergencyService"": ""yes"", ""Condition"": ""surgxcal infectxon preventxon"", ""MeasureCode"": ""scip-inf-3"", ""MeasureName"": ""surgery patients whose preventive antibiotics were stopped at the right time (within 24 hours after surgery)"", ""Score"": ""98%"", ""Sample"": ""136 patients"", ""Stateavg"": ""al_scip-inf-3""}

{""ProviderNumber"": ""10012"", ""HospitalName"": ""dekalb regional medical center"", ""Address1"": ""200 med center drive"", ""Address2"": ""empty"", ""Address3"": ""empty"", ""City"": ""fort payne"", ""State"": ""al"", ""ZipCode"": ""35968"", ""CountyName"": ""dx kalb"", ""PhoneNumber"": ""2568453150"", ""HospitalType"": ""acute care hospitals"", ""HospitalOwner"": ""voluntaryxnon-profitx-xchurch"", ""EmergencyService"": ""yes"", ""Condition"": ""heart attack"", ""MeasureCode"": ""ami-3"", ""MeasureName"": ""heart attack patients given ace inhibitor or arb for left ventricular systolic dysfunction (lvsd)"", ""Score"": ""91%"", ""Sample"": ""11 patients"", ""Stateavg"": ""al_ami-3""}

",,"{""PhoneNumber"": ""2568453150""}","  {""PhoneNumber"": ""2568453150""}"
113,"You are an expert in Cleaning Hospital Dataset. Given the dirty row Entity 1, you are required to correct the values of Condition in Entity 1.

Return in json format.

Output Format Example:

{""Condition"": """"}

Entity 1:

{""ProviderNumber"": ""10012"", ""HospitalName"": ""dekalb regional medical center"", ""Address1"": ""200 med center drive"", ""Address2"": ""empty"", ""Address3"": ""empty"", ""City"": ""fort payne"", ""State"": ""al"", ""ZipCode"": ""35968"", ""CountyName"": ""de kalb"", ""PhoneNumber"": ""2568453150"", ""HospitalType"": ""acute care hospitals"", ""HospitalOwner"": ""voluntary non-profit - church"", ""EmergencyService"": ""yes"", ""Condition"": ""heart faxlure"", ""MeasureCode"": ""hf-4"", ""MeasureName"": ""heart failure patients given smoking cessation advice/counseling"", ""Score"": ""100%"", ""Sample"": ""15 patients"", ""Stateavg"": ""al_hf-4"", ""count"": 1}

Take these rows as reference:

{""ProviderNumber"": ""10012"", ""HospitalName"": ""dekalb regional medical center"", ""Address1"": ""200 med center drive"", ""Address2"": ""empty"", ""Address3"": ""empty"", ""City"": ""fort payne"", ""State"": ""al"", ""ZipCode"": ""359x8"", ""CountyName"": ""de kalb"", ""PhoneNumber"": ""2568453150"", ""HospitalType"": ""acute care hospitals"", ""HospitalOwner"": ""voluntary non-profit - church"", ""EmergencyService"": ""yes"", ""Condition"": ""pneumonia"", ""MeasureCode"": ""pn-4"", ""MeasureName"": ""pneumonia patients given smoking cessation advice/counseling"", ""Score"": ""100%"", ""Sample"": ""37 patients"", ""Stateavg"": ""al_pn-4""}

{""ProviderNumber"": ""10012"", ""HospitalName"": ""dekalb regional medical center"", ""Address1"": ""200 med center drive"", ""Address2"": ""empty"", ""Address3"": ""empty"", ""City"": ""fort payne"", ""State"": ""al"", ""ZipCode"": ""35968"", ""CountyName"": ""de kalb"", ""PhoneNumber"": ""2568453150"", ""HospitalType"": ""acute care hospitals"", ""HospitalOwner"": ""voluntary non-profit - church"", ""EmergencyService"": ""yes"", ""Condition"": ""heart faxlure"", ""MeasureCode"": ""hf-4"", ""MeasureName"": ""heart failure patients given smoking cessation advice/counseling"", ""Score"": ""100%"", ""Sample"": ""15 patients"", ""Stateavg"": ""al_hf-4""}

",,"{""Condition"": ""heart failure""}","  {""Condition"": ""heart failure""}"
114,"You are an expert in Cleaning Hospital Dataset. Given the dirty row Entity 1, you are required to correct the values of ZipCode in Entity 1.

Return in json format.

Output Format Example:

{""ZipCode"": """"}

Entity 1:

{""ProviderNumber"": ""10012"", ""HospitalName"": ""dekalb regional medical center"", ""Address1"": ""200 med center drive"", ""Address2"": ""empty"", ""Address3"": ""empty"", ""City"": ""fort payne"", ""State"": ""al"", ""ZipCode"": ""359x8"", ""CountyName"": ""de kalb"", ""PhoneNumber"": ""2568453150"", ""HospitalType"": ""acute care hospitals"", ""HospitalOwner"": ""voluntary non-profit - church"", ""EmergencyService"": ""yes"", ""Condition"": ""pneumonia"", ""MeasureCode"": ""pn-4"", ""MeasureName"": ""pneumonia patients given smoking cessation advice/counseling"", ""Score"": ""100%"", ""Sample"": ""37 patients"", ""Stateavg"": ""al_pn-4"", ""count"": 1}

Take these rows as reference:

{""ProviderNumber"": ""10012"", ""HospitalName"": ""dekalb regional medical center"", ""Address1"": ""200 med center drive"", ""Address2"": ""empty"", ""Address3"": ""empty"", ""City"": ""fort payne"", ""State"": ""al"", ""ZipCode"": ""35968"", ""CountyName"": ""de kalb"", ""PhoneNumber"": ""2568453150"", ""HospitalType"": ""acute care hospitals"", ""HospitalOwner"": ""voluntary non-profit - church"", ""EmergencyService"": ""yes"", ""Condition"": ""surgical infection prevention"", ""MeasureCode"": ""scip-inf-6"", ""MeasureName"": ""surgery patients needing hair removed from the surgical area before surgery who had hair removed using a safer method (electric clippers or hair removal cream c not a razor)"", ""Score"": ""100%"", ""Sample"": ""179 patients"", ""Stateavg"": ""al_scip-inf-6""}

{""ProviderNumber"": ""10012"", ""HospitalName"": ""dekalb regional medical center"", ""Address1"": ""200 med center drive"", ""Address2"": ""empty"", ""Address3"": ""empty"", ""City"": ""fort payne"", ""State"": ""al"", ""ZipCode"": ""359x8"", ""CountyName"": ""de kalb"", ""PhoneNumber"": ""2568453150"", ""HospitalType"": ""acute care hospitals"", ""HospitalOwner"": ""voluntary non-profit - church"", ""EmergencyService"": ""yes"", ""Condition"": ""pneumonia"", ""MeasureCode"": ""pn-4"", ""MeasureName"": ""pneumonia patients given smoking cessation advice/counseling"", ""Score"": ""100%"", ""Sample"": ""37 patients"", ""Stateavg"": ""al_pn-4""}

",,"{""ZipCode"": ""35968""}","  {""ZipCode"": ""35968""}"
115,"You are an expert in Cleaning Hospital Dataset. Given the dirty row Entity 1, you are required to correct the values of Sample in Entity 1.

Return in json format.

Output Format Example:

{""Sample"": """"}

Entity 1:

{""ProviderNumber"": ""10012"", ""HospitalName"": ""dekalb regional medical center"", ""Address1"": ""200 med center drive"", ""Address2"": ""empty"", ""Address3"": ""empty"", ""City"": ""fort payne"", ""State"": ""al"", ""ZipCode"": ""35968"", ""CountyName"": ""de kalb"", ""PhoneNumber"": ""2568453150"", ""HospitalType"": ""acute care hospitals"", ""HospitalOwner"": ""voluntary non-profit - church"", ""EmergencyService"": ""yes"", ""Condition"": ""pneumonia"", ""MeasureCode"": ""pn-6"", ""MeasureName"": ""pneumonia patients given the most appropriate initial antibiotic(s)"", ""Score"": ""88%"", ""Sample"": ""82 patientx"", ""Stateavg"": ""al_pn-6"", ""count"": 1}

Take these rows as reference:

{""ProviderNumber"": ""10012"", ""HospitalName"": ""dekalb regional medical center"", ""Address1"": ""200 med center drive"", ""Address2"": ""empty"", ""Address3"": ""empty"", ""City"": ""fort payne"", ""State"": ""al"", ""ZipCode"": ""35968"", ""CountyName"": ""de kalb"", ""PhoneNumber"": ""2568453150"", ""HospitalType"": ""acute care hospitals"", ""HospitalOwner"": ""voluntary non-profit - church"", ""EmergencyService"": ""yes"", ""Condition"": ""heart attack"", ""MeasureCode"": ""ami-1"", ""MeasureName"": ""heartxattackxpatientsxgivenxaspirinxatxarrival"", ""Score"": ""100%"", ""Sample"": ""46 patients"", ""Stateavg"": ""al_ami-1""}

{""ProviderNumber"": ""10012"", ""HospitalName"": ""dekalb regional medical center"", ""Address1"": ""200 med center drive"", ""Address2"": ""empty"", ""Address3"": ""empty"", ""City"": ""fort payne"", ""State"": ""al"", ""ZipCode"": ""35968"", ""CountyName"": ""de kalb"", ""PhoneNumber"": ""2568453150"", ""HospitalType"": ""acute care hospitals"", ""HospitalOwner"": ""voluntary non-profit - church"", ""EmergencyService"": ""yes"", ""Condition"": ""hexrt attxck"", ""MeasureCode"": ""ami-8a"", ""MeasureName"": ""heart attack patients given pci within 90 minutes of arrival"", ""Score"": ""40%"", ""Sample"": ""5 patients"", ""Stateavg"": ""al_ami-8a""}

",,"{""Sample"": ""82 patients""}","  {""Sample"": ""82 patients""}"
116,"You are an expert in Cleaning Hospital Dataset. Given the dirty row Entity 1, you are required to correct the values of Condition in Entity 1.

Return in json format.

Output Format Example:

{""Condition"": """"}

Entity 1:

{""ProviderNumber"": ""10012"", ""HospitalName"": ""dekalb regional medical center"", ""Address1"": ""200 med center drive"", ""Address2"": ""empty"", ""Address3"": ""empty"", ""City"": ""fort payne"", ""State"": ""al"", ""ZipCode"": ""35968"", ""CountyName"": ""de kalb"", ""PhoneNumber"": ""2568453150"", ""HospitalType"": ""acute care hospitals"", ""HospitalOwner"": ""voluntary non-profit - church"", ""EmergencyService"": ""yes"", ""Condition"": ""suxgical infection pxevention"", ""MeasureCode"": ""scip-card-2"", ""MeasureName"": ""surgery patients who were taking heart drugs called beta blockers before coming to the hospital who were kept on the beta blockers during the period just before and after their surgery"", ""Score"": ""100%"", ""Sample"": ""16 patients"", ""Stateavg"": ""al_scip-card-2"", ""count"": 1}

Take these rows as reference:

{""ProviderNumber"": ""10012"", ""HospitalName"": ""dekalb regional medical center"", ""Address1"": ""200 med center drive"", ""Address2"": ""empty"", ""Address3"": ""empty"", ""City"": ""fort payne"", ""State"": ""al"", ""ZipCode"": ""35968"", ""CountyName"": ""de kalb"", ""PhoneNumber"": ""2568453150"", ""HospitalType"": ""acute care hospitals"", ""HospitalOwner"": ""voluntary non-profit - church"", ""EmergencyService"": ""yes"", ""Condition"": ""surgxcal infectxon preventxon"", ""MeasureCode"": ""scip-inf-3"", ""MeasureName"": ""surgery patients whose preventive antibiotics were stopped at the right time (within 24 hours after surgery)"", ""Score"": ""98%"", ""Sample"": ""136 patients"", ""Stateavg"": ""al_scip-inf-3""}

{""ProviderNumber"": ""10012"", ""HospitalName"": ""dekalb regional medical center"", ""Address1"": ""200 med center drive"", ""Address2"": ""empty"", ""Address3"": ""empty"", ""City"": ""fort payne"", ""State"": ""al"", ""ZipCode"": ""359x8"", ""CountyName"": ""de kalb"", ""PhoneNumber"": ""2568453150"", ""HospitalType"": ""acute care hospitals"", ""HospitalOwner"": ""voluntary non-profit - church"", ""EmergencyService"": ""yes"", ""Condition"": ""pneumonia"", ""MeasureCode"": ""pn-4"", ""MeasureName"": ""pneumonia patients given smoking cessation advice/counseling"", ""Score"": ""100%"", ""Sample"": ""37 patients"", ""Stateavg"": ""al_pn-4""}

",,"{""Condition"": ""surgical infection prevention""}","  {""Condition"": ""surgical infection prevention""}"
117,"You are an expert in Cleaning Hospital Dataset. Given the dirty row Entity 1, you are required to correct the values of Score in Entity 1.

Return in json format.

Output Format Example:

{""Score"": """"}

Entity 1:

{""ProviderNumber"": ""10012"", ""HospitalName"": ""dekalb regional medical center"", ""Address1"": ""200 med center drive"", ""Address2"": ""empty"", ""Address3"": ""empty"", ""City"": ""fort payne"", ""State"": ""al"", ""ZipCode"": ""35968"", ""CountyName"": ""de kalb"", ""PhoneNumber"": ""2568453150"", ""HospitalType"": ""acute care hospitals"", ""HospitalOwner"": ""voluntary non-profit - church"", ""EmergencyService"": ""yes"", ""Condition"": ""surgical infection prevention"", ""MeasureCode"": ""scip-inf-1"", ""MeasureName"": ""surgery patients who were given an antibiotic at the right time (within one hour before surgery) to help prevent infection"", ""Score"": ""9x%"", ""Sample"": ""139 patients"", ""Stateavg"": ""al_scip-inf-1"", ""count"": 1}

Take these rows as reference:

{""ProviderNumber"": ""10012"", ""HospitalName"": ""dekalb regional medical center"", ""Address1"": ""200 med center drive"", ""Address2"": ""empty"", ""Address3"": ""empty"", ""City"": ""fort payne"", ""State"": ""al"", ""ZipCode"": ""35968"", ""CountyName"": ""de kalb"", ""PhoneNumber"": ""2568453150"", ""HospitalType"": ""acute care hospitals"", ""HospitalOwner"": ""voluntary non-profit - church"", ""EmergencyService"": ""yes"", ""Condition"": ""surgical infection prevention"", ""MeasureCode"": ""scip-inf-6"", ""MeasureName"": ""surgery patients needing hair removed from the surgical area before surgery who had hair removed using a safer method (electric clippers or hair removal cream c not a razor)"", ""Score"": ""100%"", ""Sample"": ""179 patients"", ""Stateavg"": ""al_scip-inf-6""}

{""ProviderNumber"": ""10012"", ""HospitalName"": ""dekalb regional medical center"", ""Address1"": ""200 med center drive"", ""Address2"": ""empty"", ""Address3"": ""empty"", ""City"": ""fort payne"", ""State"": ""al"", ""ZipCode"": ""359x8"", ""CountyName"": ""de kalb"", ""PhoneNumber"": ""2568453150"", ""HospitalType"": ""acute care hospitals"", ""HospitalOwner"": ""voluntary non-profit - church"", ""EmergencyService"": ""yes"", ""Condition"": ""pneumonia"", ""MeasureCode"": ""pn-4"", ""MeasureName"": ""pneumonia patients given smoking cessation advice/counseling"", ""Score"": ""100%"", ""Sample"": ""37 patients"", ""Stateavg"": ""al_pn-4""}

",,"{""Score"": ""97%""}","  {""Score"": ""98%""}"
118,"You are an expert in Cleaning Hospital Dataset. Given the dirty row Entity 1, you are required to correct the values of CountyName in Entity 1.

Return in json format.

Output Format Example:

{""CountyName"": """"}

Entity 1:

{""ProviderNumber"": ""10012"", ""HospitalName"": ""dekalb regional medical center"", ""Address1"": ""200 med center drive"", ""Address2"": ""empty"", ""Address3"": ""empty"", ""City"": ""fort payne"", ""State"": ""al"", ""ZipCode"": ""35968"", ""CountyName"": ""xe kalb"", ""PhoneNumber"": ""2568453150"", ""HospitalType"": ""acute care hospitals"", ""HospitalOwner"": ""voxuntary non-profit - church"", ""EmergencyService"": ""yes"", ""Condition"": ""surgical infection prevention"", ""MeasureCode"": ""scip-inf-2"", ""MeasureName"": ""surgery patients who were given the  right kind  of antibiotic to help prevent infection"", ""Score"": ""xx%"", ""Sample"": ""147 patients"", ""Stateavg"": ""al_scip-inf-2"", ""count"": 3}

Take these rows as reference:

{""ProviderNumber"": ""10012"", ""HospitalName"": ""dekalb regional medical center"", ""Address1"": ""200 med center drive"", ""Address2"": ""empty"", ""Address3"": ""empty"", ""City"": ""fort payne"", ""State"": ""al"", ""ZipCode"": ""35968"", ""CountyName"": ""de kalb"", ""PhoneNumber"": ""2568453150"", ""HospitalType"": ""acute care hospitals"", ""HospitalOwner"": ""voluntary non-profit - church"", ""EmergencyService"": ""yes"", ""Condition"": ""pneumonia"", ""MeasureCode"": ""pn-2"", ""MeasureName"": ""pneumonia patients assessed and given pneumococcal vaccination"", ""Score"": ""97%"", ""Sample"": ""69 patients"", ""Stateavg"": ""al_pn-2""}

{""ProviderNumber"": ""10012"", ""HospitalName"": ""dekalb regional medical center"", ""Address1"": ""200 med center drive"", ""Address2"": ""empty"", ""Address3"": ""empty"", ""City"": ""fort payne"", ""State"": ""al"", ""ZipCode"": ""35968"", ""CountyName"": ""dx kalb"", ""PhoneNumber"": ""2568453150"", ""HospitalType"": ""acute care hospitals"", ""HospitalOwner"": ""voluntaryxnon-profitx-xchurch"", ""EmergencyService"": ""yes"", ""Condition"": ""heart attack"", ""MeasureCode"": ""ami-3"", ""MeasureName"": ""heart attack patients given ace inhibitor or arb for left ventricular systolic dysfunction (lvsd)"", ""Score"": ""91%"", ""Sample"": ""11 patients"", ""Stateavg"": ""al_ami-3""}

",,"{""CountyName"": ""de kalb""}","  {""CountyName"": ""de kalb""}"
119,"You are an expert in Cleaning Hospital Dataset. Given the dirty row Entity 1, you are required to correct the values of HospitalOwner in Entity 1.

Return in json format.

Output Format Example:

{""HospitalOwner"": """"}

Entity 1:

{""ProviderNumber"": ""10012"", ""HospitalName"": ""dekalb regional medical center"", ""Address1"": ""200 med center drive"", ""Address2"": ""empty"", ""Address3"": ""empty"", ""City"": ""fort payne"", ""State"": ""al"", ""ZipCode"": ""35968"", ""CountyName"": ""xe kalb"", ""PhoneNumber"": ""2568453150"", ""HospitalType"": ""acute care hospitals"", ""HospitalOwner"": ""voxuntary non-profit - church"", ""EmergencyService"": ""yes"", ""Condition"": ""surgical infection prevention"", ""MeasureCode"": ""scip-inf-2"", ""MeasureName"": ""surgery patients who were given the  right kind  of antibiotic to help prevent infection"", ""Score"": ""xx%"", ""Sample"": ""147 patients"", ""Stateavg"": ""al_scip-inf-2"", ""count"": 3}

Take these rows as reference:

{""ProviderNumber"": ""10012"", ""HospitalName"": ""dekalb regional medical center"", ""Address1"": ""200 med center drive"", ""Address2"": ""empty"", ""Address3"": ""empty"", ""City"": ""fort payne"", ""State"": ""al"", ""ZipCode"": ""35968"", ""CountyName"": ""de kalb"", ""PhoneNumber"": ""2568453150"", ""HospitalType"": ""acute care hospitals"", ""HospitalOwner"": ""voluntary non-profit - church"", ""EmergencyService"": ""yes"", ""Condition"": ""heart attack"", ""MeasureCode"": ""ami-1"", ""MeasureName"": ""heartxattackxpatientsxgivenxaspirinxatxarrival"", ""Score"": ""100%"", ""Sample"": ""46 patients"", ""Stateavg"": ""al_ami-1""}

{""ProviderNumber"": ""10012"", ""HospitalName"": ""dekalb regional medical center"", ""Address1"": ""200 med center drive"", ""Address2"": ""empty"", ""Address3"": ""empty"", ""City"": ""fort payne"", ""State"": ""al"", ""ZipCode"": ""35968"", ""CountyName"": ""dx kalb"", ""PhoneNumber"": ""2568453150"", ""HospitalType"": ""acute care hospitals"", ""HospitalOwner"": ""voluntaryxnon-profitx-xchurch"", ""EmergencyService"": ""yes"", ""Condition"": ""heart attack"", ""MeasureCode"": ""ami-3"", ""MeasureName"": ""heart attack patients given ace inhibitor or arb for left ventricular systolic dysfunction (lvsd)"", ""Score"": ""91%"", ""Sample"": ""11 patients"", ""Stateavg"": ""al_ami-3""}

",,"{""HospitalOwner"": ""voluntary non-profit - church""}","  {""HospitalOwner"": ""voluntary non-profit - church""}"
120,"You are an expert in Cleaning Hospital Dataset. Given the dirty row Entity 1, you are required to correct the values of Score in Entity 1.

Return in json format.

Output Format Example:

{""Score"": """"}

Entity 1:

{""ProviderNumber"": ""10012"", ""HospitalName"": ""dekalb regional medical center"", ""Address1"": ""200 med center drive"", ""Address2"": ""empty"", ""Address3"": ""empty"", ""City"": ""fort payne"", ""State"": ""al"", ""ZipCode"": ""35968"", ""CountyName"": ""xe kalb"", ""PhoneNumber"": ""2568453150"", ""HospitalType"": ""acute care hospitals"", ""HospitalOwner"": ""voxuntary non-profit - church"", ""EmergencyService"": ""yes"", ""Condition"": ""surgical infection prevention"", ""MeasureCode"": ""scip-inf-2"", ""MeasureName"": ""surgery patients who were given the  right kind  of antibiotic to help prevent infection"", ""Score"": ""xx%"", ""Sample"": ""147 patients"", ""Stateavg"": ""al_scip-inf-2"", ""count"": 3}

Take these rows as reference:

{""ProviderNumber"": ""10012"", ""HospitalName"": ""dekalb regional medical center"", ""Address1"": ""200 med center drive"", ""Address2"": ""empty"", ""Address3"": ""empty"", ""City"": ""fort payne"", ""State"": ""al"", ""ZipCode"": ""35968"", ""CountyName"": ""de kalb"", ""PhoneNumber"": ""2568453150"", ""HospitalType"": ""acute care hospitals"", ""HospitalOwner"": ""voluntary non-profit - church"", ""EmergencyService"": ""yes"", ""Condition"": ""pneumonia"", ""MeasureCode"": ""pn-2"", ""MeasureName"": ""pneumonia patients assessed and given pneumococcal vaccination"", ""Score"": ""97%"", ""Sample"": ""69 patients"", ""Stateavg"": ""al_pn-2""}

{""ProviderNumber"": ""10012"", ""HospitalName"": ""dekalb regional medical center"", ""Address1"": ""200 med center drive"", ""Address2"": ""empty"", ""Address3"": ""empty"", ""City"": ""fort payne"", ""State"": ""al"", ""ZipCode"": ""359x8"", ""CountyName"": ""de kalb"", ""PhoneNumber"": ""2568453150"", ""HospitalType"": ""acute care hospitals"", ""HospitalOwner"": ""voluntary non-profit - church"", ""EmergencyService"": ""yes"", ""Condition"": ""pneumonia"", ""MeasureCode"": ""pn-4"", ""MeasureName"": ""pneumonia patients given smoking cessation advice/counseling"", ""Score"": ""100%"", ""Sample"": ""37 patients"", ""Stateavg"": ""al_pn-4""}

",,"{""Score"": ""99%""}","  {""Score"": ""99%""}"
121,"You are an expert in Cleaning Hospital Dataset. Given the dirty row Entity 1, you are required to correct the values of Condition in Entity 1.

Return in json format.

Output Format Example:

{""Condition"": """"}

Entity 1:

{""ProviderNumber"": ""10012"", ""HospitalName"": ""dekalb regional medical center"", ""Address1"": ""200 med center drive"", ""Address2"": ""empty"", ""Address3"": ""empty"", ""City"": ""fort payne"", ""State"": ""al"", ""ZipCode"": ""35968"", ""CountyName"": ""de kalb"", ""PhoneNumber"": ""2568453150"", ""HospitalType"": ""acute care hospitals"", ""HospitalOwner"": ""voluntary non-profit - church"", ""EmergencyService"": ""yes"", ""Condition"": ""surgxcal infectxon preventxon"", ""MeasureCode"": ""scip-inf-3"", ""MeasureName"": ""surgery patients whose preventive antibiotics were stopped at the right time (within 24 hours after surgery)"", ""Score"": ""98%"", ""Sample"": ""136 patients"", ""Stateavg"": ""al_scip-inf-3"", ""count"": 1}

Take these rows as reference:

{""ProviderNumber"": ""10012"", ""HospitalName"": ""dekalb regional medical center"", ""Address1"": ""200 med center drive"", ""Address2"": ""empty"", ""Address3"": ""empty"", ""City"": ""fort payne"", ""State"": ""al"", ""ZipCode"": ""35968"", ""CountyName"": ""de kalb"", ""PhoneNumber"": ""2568453150"", ""HospitalType"": ""acute care hospitals"", ""HospitalOwner"": ""voluntary non-profit - church"", ""EmergencyService"": ""yes"", ""Condition"": ""heart attack"", ""MeasureCode"": ""ami-1"", ""MeasureName"": ""heartxattackxpatientsxgivenxaspirinxatxarrival"", ""Score"": ""100%"", ""Sample"": ""46 patients"", ""Stateavg"": ""al_ami-1""}

{""ProviderNumber"": ""10012"", ""HospitalName"": ""dekalb regional medical center"", ""Address1"": ""200 med center drive"", ""Address2"": ""empty"", ""Address3"": ""empty"", ""City"": ""fort payne"", ""State"": ""al"", ""ZipCode"": ""35968"", ""CountyName"": ""de kalb"", ""PhoneNumber"": ""2568453150"", ""HospitalType"": ""acute care hospitals"", ""HospitalOwner"": ""voluntary non-profit - church"", ""EmergencyService"": ""yes"", ""Condition"": ""surgical infection prevention"", ""MeasureCode"": ""scip-inf-6"", ""MeasureName"": ""surgery patients needing hair removed from the surgical area before surgery who had hair removed using a safer method (electric clippers or hair removal cream c not a razor)"", ""Score"": ""100%"", ""Sample"": ""179 patients"", ""Stateavg"": ""al_scip-inf-6""}

",,"{""Condition"": ""surgical infection prevention""}","  {""Condition"": ""surgical infection prevention""}"
122,"You are an expert in Cleaning Hospital Dataset. Given the dirty row Entity 1, you are required to correct the values of HospitalName in Entity 1.

Return in json format.

Output Format Example:

{""HospitalName"": """"}

Entity 1:

{""ProviderNumber"": ""10012"", ""HospitalName"": ""dexalb regional medical center"", ""Address1"": ""200 med center drive"", ""Address2"": ""empty"", ""Address3"": ""empty"", ""City"": ""fort payne"", ""State"": ""al"", ""ZipCode"": ""35968"", ""CountyName"": ""de kalb"", ""PhoneNumber"": ""2568453150"", ""HospitalType"": ""acute care hospitals"", ""HospitalOwner"": ""voluntary non-profit - church"", ""EmergencyService"": ""yes"", ""Condition"": ""surgical infection prevention"", ""MeasureCode"": ""scip-vte-2"", ""MeasureName"": ""patients who got treatment  at the right time (within 24 hours before or after their surgery) to help prevent blood clots after certain types of surgery"", ""Score"": ""97%"", ""Sample"": ""90 patients"", ""Stateavg"": ""al_scip-vte-2"", ""count"": 1}

Take these rows as reference:

{""ProviderNumber"": ""10012"", ""HospitalName"": ""dekalb regional medical center"", ""Address1"": ""200 med center drive"", ""Address2"": ""empty"", ""Address3"": ""empty"", ""City"": ""fort payne"", ""State"": ""al"", ""ZipCode"": ""35968"", ""CountyName"": ""de kalb"", ""PhoneNumber"": ""2568453150"", ""HospitalType"": ""acute care hospitals"", ""HospitalOwner"": ""voluntary non-profit - church"", ""EmergencyService"": ""yes"", ""Condition"": ""surgical infection prevention"", ""MeasureCode"": ""scip-inf-4"", ""MeasureName"": ""all heart surgery patients whose blood sugar (blood glucose) is kept under good control in the days right after surgery"", ""Score"": ""empty"", ""Sample"": ""0 patients"", ""Stateavg"": ""al_scip-inf-4""}

{""ProviderNumber"": ""10012"", ""HospitalName"": ""dekalb regional medical center"", ""Address1"": ""200 med center drive"", ""Address2"": ""empty"", ""Address3"": ""empty"", ""City"": ""fort payne"", ""State"": ""al"", ""ZipCode"": ""35968"", ""CountyName"": ""de kalb"", ""PhoneNumber"": ""2568453150"", ""HospitalType"": ""acute care hospitals"", ""HospitalOwner"": ""voluntary non-profit - church"", ""EmergencyService"": ""yes"", ""Condition"": ""heart attack"", ""MeasureCode"": ""ami-1"", ""MeasureName"": ""heartxattackxpatientsxgivenxaspirinxatxarrival"", ""Score"": ""100%"", ""Sample"": ""46 patients"", ""Stateavg"": ""al_ami-1""}

",,"{""HospitalName"": ""dekalb regional medical center""}","  {""HospitalName"": ""dekalb regional medical center""}"
123,"You are an expert in Cleaning Hospital Dataset. Given the dirty row Entity 1, you are required to correct the values of ProviderNumber in Entity 1.

Return in json format.

Output Format Example:

{""ProviderNumber"": """"}

Entity 1:

{""ProviderNumber"": ""x00x5"", ""HospitalName"": ""southwest alabama medical center"", ""Address1"": ""33700 highway 43"", ""Address2"": ""empty"", ""Address3"": ""empty"", ""City"": ""thomasville"", ""State"": ""al"", ""ZipCode"": ""36784"", ""CountyName"": ""clarke"", ""PhoneNumber"": ""3346366221"", ""HospitalType"": ""acute care hospitals"", ""HospitalOwner"": ""government - federal"", ""EmergencyService"": ""yes"", ""Condition"": ""heart attack"", ""MeasureCode"": ""ami-1"", ""MeasureName"": ""heart attack patients given aspirin at arrival"", ""Score"": ""empty"", ""Sample"": ""0 patients"", ""Stateavg"": ""ax_ami-1"", ""count"": 2}

Take these rows as reference:

{""ProviderNumber"": ""10015"", ""HospitalName"": ""southwest alabama medical center"", ""Address1"": ""33700 highway 43"", ""Address2"": ""empty"", ""Address3"": ""empty"", ""City"": ""thomasville"", ""State"": ""al"", ""ZipCode"": ""36784"", ""CountyName"": ""clarke"", ""PhoneNumber"": ""3346366221"", ""HospitalType"": ""acute care hospitals"", ""HospitalOwner"": ""government - federal"", ""EmergencyService"": ""yes"", ""Condition"": ""heart attack"", ""MeasureCode"": ""ami-7a"", ""MeasureName"": ""heart attack patients given fibrinolytic medication within 30 minutes of arrival"", ""Score"": ""empty"", ""Sample"": ""0 patients"", ""Stateavg"": ""al_ami-7a""}

{""ProviderNumber"": ""10015"", ""HospitalName"": ""southwest alabama medical center"", ""Address1"": ""33700 highway 43"", ""Address2"": ""empty"", ""Address3"": ""empty"", ""City"": ""thomasville"", ""State"": ""al"", ""ZipCode"": ""36784"", ""CountyName"": ""clarke"", ""PhoneNumber"": ""3346366221"", ""HospitalType"": ""acute care hospitals"", ""HospitalOwner"": ""government - federal"", ""EmergencyService"": ""yes"", ""Condition"": ""pneumonia"", ""MeasureCode"": ""pn-5c"", ""MeasureName"": ""pneumonia patients given initial antibiotic(s) within 6 hours after arrival"", ""Score"": ""96%"", ""Sample"": ""24 patients"", ""Stateavg"": ""al_pn-5c""}

",,"{""ProviderNumber"": ""10015""}","  {""ProviderNumber"": ""10015""}"
124,"You are an expert in Cleaning Hospital Dataset. Given the dirty row Entity 1, you are required to correct the values of Stateavg in Entity 1.

Return in json format.

Output Format Example:

{""Stateavg"": """"}

Entity 1:

{""ProviderNumber"": ""x00x5"", ""HospitalName"": ""southwest alabama medical center"", ""Address1"": ""33700 highway 43"", ""Address2"": ""empty"", ""Address3"": ""empty"", ""City"": ""thomasville"", ""State"": ""al"", ""ZipCode"": ""36784"", ""CountyName"": ""clarke"", ""PhoneNumber"": ""3346366221"", ""HospitalType"": ""acute care hospitals"", ""HospitalOwner"": ""government - federal"", ""EmergencyService"": ""yes"", ""Condition"": ""heart attack"", ""MeasureCode"": ""ami-1"", ""MeasureName"": ""heart attack patients given aspirin at arrival"", ""Score"": ""empty"", ""Sample"": ""0 patients"", ""Stateavg"": ""ax_ami-1"", ""count"": 2}

Take these rows as reference:

{""ProviderNumber"": ""10015"", ""HospitalName"": ""southwest alabama medical center"", ""Address1"": ""33700 highway x3"", ""Address2"": ""empty"", ""Address3"": ""empty"", ""City"": ""thomasville"", ""State"": ""al"", ""ZipCode"": ""36784"", ""CountyName"": ""clarke"", ""PhoneNumber"": ""3346366221"", ""HospitalType"": ""acute care hospitals"", ""HospitalOwner"": ""government - federal"", ""EmergencyService"": ""yes"", ""Condition"": ""surgical infection prevention"", ""MeasureCode"": ""scxp-xnf-3"", ""MeasureName"": ""surgery patients whose preventive antibiotics were stopped at the right time (within 24 hours after surgery)"", ""Score"": ""86%"", ""Sample"": ""14 patients"", ""Stateavg"": ""al_scip-inf-3""}

{""ProviderNumber"": ""10015"", ""HospitalName"": ""southwest alabama medical center"", ""Address1"": ""33700 highway 43"", ""Address2"": ""empty"", ""Address3"": ""empty"", ""City"": ""thomasville"", ""State"": ""al"", ""ZipCode"": ""36784"", ""CountyName"": ""clarke"", ""PhoneNumber"": ""3346366221"", ""HospitalType"": ""acute care hospitals"", ""HospitalOwner"": ""government - federal"", ""EmergencyService"": ""yes"", ""Condition"": ""surgical infection prevention"", ""MeasureCode"": ""scip-inf-1"", ""MeasureName"": ""surgery patients who were given an antibiotic at the right time (within one hour before surgery) to help prevent infection"", ""Score"": ""86%"", ""Sample"": ""14 patients"", ""Stateavg"": ""al_scip-inf-1""}

",,"{""Stateavg"": ""al_ami-1""}","  {""Stateavg"": ""al_ami-1""}"
125,"You are an expert in Cleaning Hospital Dataset. Given the dirty row Entity 1, you are required to correct the values of PhoneNumber in Entity 1.

Return in json format.

Output Format Example:

{""PhoneNumber"": """"}

Entity 1:

{""ProviderNumber"": ""10015"", ""HospitalName"": ""southwest alabama medical center"", ""Address1"": ""33700 highway 43"", ""Address2"": ""empty"", ""Address3"": ""empty"", ""City"": ""thomasville"", ""State"": ""al"", ""ZipCode"": ""36784"", ""CountyName"": ""clarke"", ""PhoneNumber"": ""xx46x66221"", ""HospitalType"": ""acute care hospitals"", ""HospitalOwner"": ""governxent - federal"", ""EmergencyService"": ""yes"", ""Condition"": ""heart attack"", ""MeasureCode"": ""ami-4"", ""MeasureName"": ""heart attack patients given smoking cessation advice/counseling"", ""Score"": ""empty"", ""Sample"": ""0 patients"", ""Stateavg"": ""al_ami-4"", ""count"": 2}

Take these rows as reference:

{""ProviderNumber"": ""10015"", ""HospitalName"": ""southwest alabama medical center"", ""Address1"": ""33700 highway 43"", ""Address2"": ""empty"", ""Address3"": ""empty"", ""City"": ""thomasville"", ""State"": ""al"", ""ZipCode"": ""36784"", ""CountyName"": ""clarke"", ""PhoneNumber"": ""3346366221"", ""HospitalType"": ""acute care hospitals"", ""HospitalOwner"": ""government - federal"", ""EmergencyService"": ""yes"", ""Condition"": ""heart attack"", ""MeasureCode"": ""ami-5"", ""MeasureName"": ""heart attack patients given beta blocker at discharge"", ""Score"": ""empty"", ""Sample"": ""0 patients"", ""Stateavg"": ""xl_xmi-5""}

{""ProviderNumber"": ""x00x5"", ""HospitalName"": ""southwest alabama medical center"", ""Address1"": ""33700 highway 43"", ""Address2"": ""empty"", ""Address3"": ""empty"", ""City"": ""thomasville"", ""State"": ""al"", ""ZipCode"": ""36784"", ""CountyName"": ""clarke"", ""PhoneNumber"": ""3346366221"", ""HospitalType"": ""acute care hospitals"", ""HospitalOwner"": ""government - federal"", ""EmergencyService"": ""yes"", ""Condition"": ""heart attack"", ""MeasureCode"": ""ami-1"", ""MeasureName"": ""heart attack patients given aspirin at arrival"", ""Score"": ""empty"", ""Sample"": ""0 patients"", ""Stateavg"": ""ax_ami-1""}

",,"{""PhoneNumber"": ""3346366221""}","  {""PhoneNumber"": ""3346366221""}"
126,"You are an expert in Cleaning Hospital Dataset. Given the dirty row Entity 1, you are required to correct the values of HospitalOwner in Entity 1.

Return in json format.

Output Format Example:

{""HospitalOwner"": """"}

Entity 1:

{""ProviderNumber"": ""10015"", ""HospitalName"": ""southwest alabama medical center"", ""Address1"": ""33700 highway 43"", ""Address2"": ""empty"", ""Address3"": ""empty"", ""City"": ""thomasville"", ""State"": ""al"", ""ZipCode"": ""36784"", ""CountyName"": ""clarke"", ""PhoneNumber"": ""xx46x66221"", ""HospitalType"": ""acute care hospitals"", ""HospitalOwner"": ""governxent - federal"", ""EmergencyService"": ""yes"", ""Condition"": ""heart attack"", ""MeasureCode"": ""ami-4"", ""MeasureName"": ""heart attack patients given smoking cessation advice/counseling"", ""Score"": ""empty"", ""Sample"": ""0 patients"", ""Stateavg"": ""al_ami-4"", ""count"": 2}

Take these rows as reference:

{""ProviderNumber"": ""10015"", ""HospitalName"": ""southwest alabama medical center"", ""Address1"": ""33700 highway 43"", ""Address2"": ""empty"", ""Address3"": ""empty"", ""City"": ""thomasville"", ""State"": ""al"", ""ZipCode"": ""36784"", ""CountyName"": ""clarke"", ""PhoneNumber"": ""334x3xx221"", ""HospitalType"": ""acute care hospitals"", ""HospitalOwner"": ""government - federal"", ""EmergencyService"": ""yes"", ""Condition"": ""surgical infection prevention"", ""MeasureCode"": ""scip-card-2"", ""MeasureName"": ""surgery patients who were taking heart drugs called beta blockers before coming to the hospital who were kept on the beta blockers during the period just before and after their surgery"", ""Score"": ""empty"", ""Sample"": ""empty"", ""Stateavg"": ""al_scip-card-2""}

{""ProviderNumber"": ""10015"", ""HospitalName"": ""southwest alabama medical center"", ""Address1"": ""33700 highway 43"", ""Address2"": ""empty"", ""Address3"": ""empty"", ""City"": ""thomasville"", ""State"": ""al"", ""ZipCode"": ""36784"", ""CountyName"": ""clarke"", ""PhoneNumber"": ""3346366221"", ""HospitalType"": ""acute care hospitals"", ""HospitalOwner"": ""government - federal"", ""EmergencyService"": ""yes"", ""Condition"": ""heart attack"", ""MeasureCode"": ""ami-5"", ""MeasureName"": ""heart attack patients given beta blocker at discharge"", ""Score"": ""empty"", ""Sample"": ""0 patients"", ""Stateavg"": ""xl_xmi-5""}

",,"{""HospitalOwner"": ""government - federal""}","  {""HospitalOwner"": ""government - federal""}"
127,"You are an expert in Cleaning Hospital Dataset. Given the dirty row Entity 1, you are required to correct the values of Stateavg in Entity 1.

Return in json format.

Output Format Example:

{""Stateavg"": """"}

Entity 1:

{""ProviderNumber"": ""10015"", ""HospitalName"": ""southwest alabama medical center"", ""Address1"": ""33700 highway 43"", ""Address2"": ""empty"", ""Address3"": ""empty"", ""City"": ""thomasville"", ""State"": ""al"", ""ZipCode"": ""36784"", ""CountyName"": ""clarke"", ""PhoneNumber"": ""3346366221"", ""HospitalType"": ""acute care hospitals"", ""HospitalOwner"": ""government - federal"", ""EmergencyService"": ""yes"", ""Condition"": ""heart attack"", ""MeasureCode"": ""ami-5"", ""MeasureName"": ""heart attack patients given beta blocker at discharge"", ""Score"": ""empty"", ""Sample"": ""0 patients"", ""Stateavg"": ""xl_xmi-5"", ""count"": 1}

Take these rows as reference:

{""ProviderNumber"": ""10015"", ""HospitalName"": ""southwest alabama medical center"", ""Address1"": ""33700 highway 43"", ""Address2"": ""empty"", ""Address3"": ""empty"", ""City"": ""thomasville"", ""State"": ""al"", ""ZipCode"": ""36784"", ""CountyName"": ""clarke"", ""PhoneNumber"": ""3346366221"", ""HospitalType"": ""acute care hospitals"", ""HospitalOwner"": ""government - federal"", ""EmergencyService"": ""yes"", ""Condition"": ""pneumonia"", ""MeasureCode"": ""pn-5c"", ""MeasureName"": ""pneumonia patients given initial antibiotic(s) within 6 hours after arrival"", ""Score"": ""96%"", ""Sample"": ""24 patients"", ""Stateavg"": ""al_pn-5c""}

{""ProviderNumber"": ""10015"", ""HospitalName"": ""southwest alabama medical center"", ""Address1"": ""33700 highway 43"", ""Address2"": ""empty"", ""Address3"": ""empty"", ""City"": ""thomasville"", ""State"": ""al"", ""ZipCode"": ""36784"", ""CountyName"": ""clarke"", ""PhoneNumber"": ""3346366221"", ""HospitalType"": ""acute care hospitals"", ""HospitalOwner"": ""government - federal"", ""EmergencyService"": ""yes"", ""Condition"": ""heart attack"", ""MeasureCode"": ""ami-8a"", ""MeasureName"": ""heart attack patients given pci within 90 minutes of arrival"", ""Score"": ""empty"", ""Sample"": ""0 patients"", ""Stateavg"": ""al_ami-8a""}

",,"{""Stateavg"": ""al_ami-5""}","  {""Stateavg"": ""al_ami-5""}"
128,"You are an expert in Cleaning Hospital Dataset. Given the dirty row Entity 1, you are required to correct the values of CountyName in Entity 1.

Return in json format.

Output Format Example:

{""CountyName"": """"}

Entity 1:

{""ProviderNumber"": ""10015"", ""HospitalName"": ""southwest alabama medical center"", ""Address1"": ""33700 highway 43"", ""Address2"": ""empty"", ""Address3"": ""empty"", ""City"": ""thomasville"", ""State"": ""al"", ""ZipCode"": ""36784"", ""CountyName"": ""xlarke"", ""PhoneNumber"": ""3346366221"", ""HospitalType"": ""acute care hospitals"", ""HospitalOwner"": ""government - federal"", ""EmergencyService"": ""yes"", ""Condition"": ""heart failure"", ""MeasureCode"": ""hf-2"", ""MeasureName"": ""heart failure patients given an evaluation of left ventricular systolic (lvs) function"", ""Score"": ""89x"", ""Sample"": ""91 patients"", ""Stateavg"": ""al_hf-2"", ""count"": 2}

Take these rows as reference:

{""ProviderNumber"": ""1xx15"", ""HospitalName"": ""southwest alabama medical center"", ""Address1"": ""33700 highway 43"", ""Address2"": ""empty"", ""Address3"": ""empty"", ""City"": ""thomasville"", ""State"": ""al"", ""ZipCode"": ""36784"", ""CountyName"": ""clarke"", ""PhoneNumber"": ""3346366221"", ""HospitalType"": ""acute care hospitals"", ""HospitalOwner"": ""government - federal"", ""EmergencyService"": ""yes"", ""Condition"": ""heart failure"", ""MeasureCode"": ""hf-3"", ""MeasureName"": ""heart failure patients given ace inhibitor or arb for left ventricular systolic dysfunction (lvsd)"", ""Score"": ""88%"", ""Sample"": ""25 patients"", ""Stateavg"": ""al_hf-3""}

{""ProviderNumber"": ""10015"", ""HospitalName"": ""southwest alabama medical center"", ""Address1"": ""33700 highway x3"", ""Address2"": ""empty"", ""Address3"": ""empty"", ""City"": ""thomasville"", ""State"": ""al"", ""ZipCode"": ""36784"", ""CountyName"": ""clarke"", ""PhoneNumber"": ""3346366221"", ""HospitalType"": ""acute care hospitals"", ""HospitalOwner"": ""government - federal"", ""EmergencyService"": ""yes"", ""Condition"": ""surgical infection prevention"", ""MeasureCode"": ""scxp-xnf-3"", ""MeasureName"": ""surgery patients whose preventive antibiotics were stopped at the right time (within 24 hours after surgery)"", ""Score"": ""86%"", ""Sample"": ""14 patients"", ""Stateavg"": ""al_scip-inf-3""}

",,"{""CountyName"": ""clarke""}","  {""CountyName"": ""clarke""}"
129,"You are an expert in Cleaning Hospital Dataset. Given the dirty row Entity 1, you are required to correct the values of Score in Entity 1.

Return in json format.

Output Format Example:

{""Score"": """"}

Entity 1:

{""ProviderNumber"": ""10015"", ""HospitalName"": ""southwest alabama medical center"", ""Address1"": ""33700 highway 43"", ""Address2"": ""empty"", ""Address3"": ""empty"", ""City"": ""thomasville"", ""State"": ""al"", ""ZipCode"": ""36784"", ""CountyName"": ""xlarke"", ""PhoneNumber"": ""3346366221"", ""HospitalType"": ""acute care hospitals"", ""HospitalOwner"": ""government - federal"", ""EmergencyService"": ""yes"", ""Condition"": ""heart failure"", ""MeasureCode"": ""hf-2"", ""MeasureName"": ""heart failure patients given an evaluation of left ventricular systolic (lvs) function"", ""Score"": ""89x"", ""Sample"": ""91 patients"", ""Stateavg"": ""al_hf-2"", ""count"": 2}

Take these rows as reference:

{""ProviderNumber"": ""10015"", ""HospitalName"": ""southwest alabama medical center"", ""Address1"": ""33700 highway 43"", ""Address2"": ""empty"", ""Address3"": ""empty"", ""City"": ""thomasville"", ""State"": ""al"", ""ZipCode"": ""36784"", ""CountyName"": ""clarke"", ""PhoneNumber"": ""3346366221"", ""HospitalType"": ""acute care hospitals"", ""HospitalOwner"": ""government - federal"", ""EmergencyService"": ""yes"", ""Condition"": ""heart attack"", ""MeasureCode"": ""ami-8a"", ""MeasureName"": ""heart attack patients given pci within 90 minutes of arrival"", ""Score"": ""empty"", ""Sample"": ""0 patients"", ""Stateavg"": ""al_ami-8a""}

{""ProviderNumber"": ""10015"", ""HospitalName"": ""southwest alabama medical center"", ""Address1"": ""33700 highway 43"", ""Address2"": ""empty"", ""Address3"": ""empty"", ""City"": ""thomasville"", ""State"": ""al"", ""ZipCode"": ""36784"", ""CountyName"": ""clarke"", ""PhoneNumber"": ""3346366221"", ""HospitalType"": ""acute care hospitals"", ""HospitalOwner"": ""government - federal"", ""EmergencyService"": ""yes"", ""Condition"": ""heart attack"", ""MeasureCode"": ""ami-2"", ""MeasureName"": ""heart attack patients given aspirin at discharge"", ""Score"": ""empty"", ""Sample"": ""0 patients"", ""Stateavg"": ""al_ami-2""}

",,"{""Score"": ""89%""}","  {""Score"": ""89%""}"
130,"You are an expert in Cleaning Hospital Dataset. Given the dirty row Entity 1, you are required to correct the values of ProviderNumber in Entity 1.

Return in json format.

Output Format Example:

{""ProviderNumber"": """"}

Entity 1:

{""ProviderNumber"": ""1xx15"", ""HospitalName"": ""southwest alabama medical center"", ""Address1"": ""33700 highway 43"", ""Address2"": ""empty"", ""Address3"": ""empty"", ""City"": ""thomasville"", ""State"": ""al"", ""ZipCode"": ""36784"", ""CountyName"": ""clarke"", ""PhoneNumber"": ""3346366221"", ""HospitalType"": ""acute care hospitals"", ""HospitalOwner"": ""government - federal"", ""EmergencyService"": ""yes"", ""Condition"": ""heart failure"", ""MeasureCode"": ""hf-3"", ""MeasureName"": ""heart failure patients given ace inhibitor or arb for left ventricular systolic dysfunction (lvsd)"", ""Score"": ""88%"", ""Sample"": ""25 patients"", ""Stateavg"": ""al_hf-3"", ""count"": 1}

Take these rows as reference:

{""ProviderNumber"": ""10015"", ""HospitalName"": ""southwest alabama medical center"", ""Address1"": ""33700 highway 43"", ""Address2"": ""empty"", ""Address3"": ""empty"", ""City"": ""thomasville"", ""State"": ""al"", ""ZipCode"": ""36784"", ""CountyName"": ""clarke"", ""PhoneNumber"": ""3346366221"", ""HospitalType"": ""acute care hospitals"", ""HospitalOwner"": ""government - federal"", ""EmergencyService"": ""yes"", ""Condition"": ""pneumonia"", ""MeasureCode"": ""pn-5c"", ""MeasureName"": ""pneumonia patients given initial antibiotic(s) within 6 hours after arrival"", ""Score"": ""96%"", ""Sample"": ""24 patients"", ""Stateavg"": ""al_pn-5c""}

{""ProviderNumber"": ""1xx15"", ""HospitalName"": ""southwest alabama medical center"", ""Address1"": ""33700 highway 43"", ""Address2"": ""empty"", ""Address3"": ""empty"", ""City"": ""thomasville"", ""State"": ""al"", ""ZipCode"": ""36784"", ""CountyName"": ""clarke"", ""PhoneNumber"": ""3346366221"", ""HospitalType"": ""acute care hospitals"", ""HospitalOwner"": ""government - federal"", ""EmergencyService"": ""yes"", ""Condition"": ""heart failure"", ""MeasureCode"": ""hf-3"", ""MeasureName"": ""heart failure patients given ace inhibitor or arb for left ventricular systolic dysfunction (lvsd)"", ""Score"": ""88%"", ""Sample"": ""25 patients"", ""Stateavg"": ""al_hf-3""}

",,"{""ProviderNumber"": ""10015""}","  {""ProviderNumber"": ""10015""}"
131,"You are an expert in Cleaning Hospital Dataset. Given the dirty row Entity 1, you are required to correct the values of Condition in Entity 1.

Return in json format.

Output Format Example:

{""Condition"": """"}

Entity 1:

{""ProviderNumber"": ""10015"", ""HospitalName"": ""southwest alabama medical center"", ""Address1"": ""33700 highway 43"", ""Address2"": ""empty"", ""Address3"": ""empty"", ""City"": ""thomasville"", ""State"": ""al"", ""ZipCode"": ""36784"", ""CountyName"": ""clarke"", ""PhoneNumber"": ""3346366221"", ""HospitalType"": ""acute care hospitals"", ""HospitalOwner"": ""government - federal"", ""EmergencyService"": ""yes"", ""Condition"": ""xneumonia"", ""MeasureCode"": ""pn-3b"", ""MeasureName"": ""pneumonxa patxents whose inxtxal emergency room blood culture was performed prxor to the admxnxstratxon of the fxrst hospxtal dose of antxbxotxcs"", ""Score"": ""x6%"", ""Sample"": ""24 patients"", ""Stateavg"": ""al_pn-3b"", ""count"": 3}

Take these rows as reference:

{""ProviderNumber"": ""10015"", ""HospitalName"": ""southwest alabama medical center"", ""Address1"": ""33700 highway 43"", ""Address2"": ""empty"", ""Address3"": ""empty"", ""City"": ""thomasville"", ""State"": ""al"", ""ZipCode"": ""36784"", ""CountyName"": ""clarke"", ""PhoneNumber"": ""3346366221"", ""HospitalType"": ""acute care hospitals"", ""HospitalOwner"": ""government - federal"", ""EmergencyService"": ""yes"", ""Condition"": ""heart attack"", ""MeasureCode"": ""ami-5"", ""MeasureName"": ""heart attack patients given beta blocker at discharge"", ""Score"": ""empty"", ""Sample"": ""0 patients"", ""Stateavg"": ""xl_xmi-5""}

{""ProviderNumber"": ""10015"", ""HospitalName"": ""southwest alabama medical center"", ""Address1"": ""33700 highway 43"", ""Address2"": ""empty"", ""Address3"": ""empty"", ""City"": ""thomasville"", ""State"": ""al"", ""ZipCode"": ""36784"", ""CountyName"": ""clarke"", ""PhoneNumber"": ""3346366221"", ""HospitalType"": ""acute care hospitals"", ""HospitalOwner"": ""government - federal"", ""EmergencyService"": ""yes"", ""Condition"": ""surgical infection prevention"", ""MeasureCode"": ""scip-inf-1"", ""MeasureName"": ""surgery patients who were given an antibiotic at the right time (within one hour before surgery) to help prevent infection"", ""Score"": ""86%"", ""Sample"": ""14 patients"", ""Stateavg"": ""al_scip-inf-1""}

",,"{""Condition"": ""pneumonia""}","  {""Condition"": ""pneumonia""}"
132,"You are an expert in Cleaning Hospital Dataset. Given the dirty row Entity 1, you are required to correct the values of MeasureName in Entity 1.

Return in json format.

Output Format Example:

{""MeasureName"": """"}

Entity 1:

{""ProviderNumber"": ""10015"", ""HospitalName"": ""southwest alabama medical center"", ""Address1"": ""33700 highway 43"", ""Address2"": ""empty"", ""Address3"": ""empty"", ""City"": ""thomasville"", ""State"": ""al"", ""ZipCode"": ""36784"", ""CountyName"": ""clarke"", ""PhoneNumber"": ""3346366221"", ""HospitalType"": ""acute care hospitals"", ""HospitalOwner"": ""government - federal"", ""EmergencyService"": ""yes"", ""Condition"": ""xneumonia"", ""MeasureCode"": ""pn-3b"", ""MeasureName"": ""pneumonxa patxents whose inxtxal emergency room blood culture was performed prxor to the admxnxstratxon of the fxrst hospxtal dose of antxbxotxcs"", ""Score"": ""x6%"", ""Sample"": ""24 patients"", ""Stateavg"": ""al_pn-3b"", ""count"": 3}

Take these rows as reference:

{""ProviderNumber"": ""10015"", ""HospitalName"": ""southwest alabama medical center"", ""Address1"": ""33700 highway 43"", ""Address2"": ""empty"", ""Address3"": ""empty"", ""City"": ""thomasville"", ""State"": ""al"", ""ZipCode"": ""36784"", ""CountyName"": ""clarke"", ""PhoneNumber"": ""3346366221"", ""HospitalType"": ""acute care hospitals"", ""HospitalOwner"": ""government - federal"", ""EmergencyService"": ""yes"", ""Condition"": ""pneumonia"", ""MeasureCode"": ""pn-4"", ""MeasureName"": ""pneumonia patients given smoking cessation advice/counseling"", ""Score"": ""100%"", ""Sample"": ""6 patients"", ""Stateavg"": ""al_pn-4""}

{""ProviderNumber"": ""x00x5"", ""HospitalName"": ""southwest alabama medical center"", ""Address1"": ""33700 highway 43"", ""Address2"": ""empty"", ""Address3"": ""empty"", ""City"": ""thomasville"", ""State"": ""al"", ""ZipCode"": ""36784"", ""CountyName"": ""clarke"", ""PhoneNumber"": ""3346366221"", ""HospitalType"": ""acute care hospitals"", ""HospitalOwner"": ""government - federal"", ""EmergencyService"": ""yes"", ""Condition"": ""heart attack"", ""MeasureCode"": ""ami-1"", ""MeasureName"": ""heart attack patients given aspirin at arrival"", ""Score"": ""empty"", ""Sample"": ""0 patients"", ""Stateavg"": ""ax_ami-1""}

",,"{""MeasureName"": ""pneumonia patients whose initial emergency room blood culture was performed prior to the administration of the first hospital dose of antibiotics""}","  {""MeasureName"": ""pneumonia patients whose intral emergency room blood culture was performed prior to the administration of the first hospital dose of antibiotics""}"
133,"You are an expert in Cleaning Hospital Dataset. Given the dirty row Entity 1, you are required to correct the values of Score in Entity 1.

Return in json format.

Output Format Example:

{""Score"": """"}

Entity 1:

{""ProviderNumber"": ""10015"", ""HospitalName"": ""southwest alabama medical center"", ""Address1"": ""33700 highway 43"", ""Address2"": ""empty"", ""Address3"": ""empty"", ""City"": ""thomasville"", ""State"": ""al"", ""ZipCode"": ""36784"", ""CountyName"": ""clarke"", ""PhoneNumber"": ""3346366221"", ""HospitalType"": ""acute care hospitals"", ""HospitalOwner"": ""government - federal"", ""EmergencyService"": ""yes"", ""Condition"": ""xneumonia"", ""MeasureCode"": ""pn-3b"", ""MeasureName"": ""pneumonxa patxents whose inxtxal emergency room blood culture was performed prxor to the admxnxstratxon of the fxrst hospxtal dose of antxbxotxcs"", ""Score"": ""x6%"", ""Sample"": ""24 patients"", ""Stateavg"": ""al_pn-3b"", ""count"": 3}

Take these rows as reference:

{""ProviderNumber"": ""10015"", ""HospitalName"": ""southwest alabama medical center"", ""Address1"": ""33700 highway 43"", ""Address2"": ""empty"", ""Address3"": ""empty"", ""City"": ""thomasville"", ""State"": ""al"", ""ZipCode"": ""36784"", ""CountyName"": ""clarke"", ""PhoneNumber"": ""3346366221"", ""HospitalType"": ""acute care hospitals"", ""HospitalOwner"": ""government - federal"", ""EmergencyService"": ""yes"", ""Condition"": ""heart attack"", ""MeasureCode"": ""ami-7a"", ""MeasureName"": ""heart attack patients given fibrinolytic medication within 30 minutes of arrival"", ""Score"": ""empty"", ""Sample"": ""0 patients"", ""Stateavg"": ""al_ami-7a""}

{""ProviderNumber"": ""10015"", ""HospitalName"": ""southwest alabama medical center"", ""Address1"": ""33700 highway x3"", ""Address2"": ""empty"", ""Address3"": ""empty"", ""City"": ""thomasville"", ""State"": ""al"", ""ZipCode"": ""36784"", ""CountyName"": ""clarke"", ""PhoneNumber"": ""3346366221"", ""HospitalType"": ""acute care hospitals"", ""HospitalOwner"": ""government - federal"", ""EmergencyService"": ""yes"", ""Condition"": ""surgical infection prevention"", ""MeasureCode"": ""scxp-xnf-3"", ""MeasureName"": ""surgery patients whose preventive antibiotics were stopped at the right time (within 24 hours after surgery)"", ""Score"": ""86%"", ""Sample"": ""14 patients"", ""Stateavg"": ""al_scip-inf-3""}

",,"{""Score"": ""96%""}","  {""Score"": ""96%""}"
134,"You are an expert in Cleaning Hospital Dataset. Given the dirty row Entity 1, you are required to correct the values of Address1 in Entity 1.

Return in json format.

Output Format Example:

{""Address1"": """"}

Entity 1:

{""ProviderNumber"": ""10015"", ""HospitalName"": ""southwest alabama medical center"", ""Address1"": ""33700 hxghway 43"", ""Address2"": ""empty"", ""Address3"": ""empty"", ""City"": ""thomasville"", ""State"": ""al"", ""ZipCode"": ""36784"", ""CountyName"": ""clarke"", ""PhoneNumber"": ""3346366221"", ""HospitalType"": ""acute care hospitals"", ""HospitalOwner"": ""government - federal"", ""EmergencyService"": ""yes"", ""Condition"": ""pneumonia"", ""MeasureCode"": ""pn-7"", ""MeasureName"": ""pneumonia patients assessed and given influenza vaccination"", ""Score"": ""92%"", ""Sample"": ""24 patients"", ""Stateavg"": ""al_pn-7"", ""count"": 1}

Take these rows as reference:

{""ProviderNumber"": ""10015"", ""HospitalName"": ""southwest alabama medical center"", ""Address1"": ""33700 highway x3"", ""Address2"": ""empty"", ""Address3"": ""empty"", ""City"": ""thomasville"", ""State"": ""al"", ""ZipCode"": ""36784"", ""CountyName"": ""clarke"", ""PhoneNumber"": ""3346366221"", ""HospitalType"": ""acute care hospitals"", ""HospitalOwner"": ""government - federal"", ""EmergencyService"": ""yes"", ""Condition"": ""surgical infection prevention"", ""MeasureCode"": ""scxp-xnf-3"", ""MeasureName"": ""surgery patients whose preventive antibiotics were stopped at the right time (within 24 hours after surgery)"", ""Score"": ""86%"", ""Sample"": ""14 patients"", ""Stateavg"": ""al_scip-inf-3""}

{""ProviderNumber"": ""10015"", ""HospitalName"": ""southwest alabama medical center"", ""Address1"": ""33700 highway 43"", ""Address2"": ""empty"", ""Address3"": ""empty"", ""City"": ""thomasville"", ""State"": ""al"", ""ZipCode"": ""36784"", ""CountyName"": ""clarke"", ""PhoneNumber"": ""3346366221"", ""HospitalType"": ""acute care hospitals"", ""HospitalOwner"": ""government - federal"", ""EmergencyService"": ""yes"", ""Condition"": ""surgical infection prevention"", ""MeasureCode"": ""scip-inf-1"", ""MeasureName"": ""surgery patients who were given an antibiotic at the right time (within one hour before surgery) to help prevent infection"", ""Score"": ""86%"", ""Sample"": ""14 patients"", ""Stateavg"": ""al_scip-inf-1""}

",,"{""Address1"": ""33700 highway 43""}","  {""Address1"": ""33700 highway 43""}"
135,"You are an expert in Cleaning Hospital Dataset. Given the dirty row Entity 1, you are required to correct the values of PhoneNumber in Entity 1.

Return in json format.

Output Format Example:

{""PhoneNumber"": """"}

Entity 1:

{""ProviderNumber"": ""10015"", ""HospitalName"": ""southwest alabama medical center"", ""Address1"": ""33700 highway 43"", ""Address2"": ""empty"", ""Address3"": ""empty"", ""City"": ""thomasville"", ""State"": ""al"", ""ZipCode"": ""36784"", ""CountyName"": ""clarke"", ""PhoneNumber"": ""334x3xx221"", ""HospitalType"": ""acute care hospitals"", ""HospitalOwner"": ""government - federal"", ""EmergencyService"": ""yes"", ""Condition"": ""surgical infection prevention"", ""MeasureCode"": ""scip-card-2"", ""MeasureName"": ""surgery patients who were taking heart drugs called beta blockers before coming to the hospital who were kept on the beta blockers during the period just before and after their surgery"", ""Score"": ""empty"", ""Sample"": ""empty"", ""Stateavg"": ""al_scip-card-2"", ""count"": 1}

Take these rows as reference:

{""ProviderNumber"": ""10015"", ""HospitalName"": ""southwest alabama medical center"", ""Address1"": ""33700 highway 43"", ""Address2"": ""empty"", ""Address3"": ""empty"", ""City"": ""thomasville"", ""State"": ""al"", ""ZipCode"": ""36784"", ""CountyName"": ""clarke"", ""PhoneNumber"": ""3346366221"", ""HospitalType"": ""acute care hospitals"", ""HospitalOwner"": ""government - federal"", ""EmergencyService"": ""yes"", ""Condition"": ""heart attack"", ""MeasureCode"": ""ami-7a"", ""MeasureName"": ""heart attack patients given fibrinolytic medication within 30 minutes of arrival"", ""Score"": ""empty"", ""Sample"": ""0 patients"", ""Stateavg"": ""al_ami-7a""}

{""ProviderNumber"": ""10015"", ""HospitalName"": ""southwest alabama medical center"", ""Address1"": ""33700 highway 43"", ""Address2"": ""empty"", ""Address3"": ""empty"", ""City"": ""thomasville"", ""State"": ""al"", ""ZipCode"": ""36784"", ""CountyName"": ""clarke"", ""PhoneNumber"": ""3346366221"", ""HospitalType"": ""acute care hospitals"", ""HospitalOwner"": ""government - federal"", ""EmergencyService"": ""yes"", ""Condition"": ""surgical infection prevention"", ""MeasureCode"": ""scip-inf-1"", ""MeasureName"": ""surgery patients who were given an antibiotic at the right time (within one hour before surgery) to help prevent infection"", ""Score"": ""86%"", ""Sample"": ""14 patients"", ""Stateavg"": ""al_scip-inf-1""}

",,"{""PhoneNumber"": ""3346366221""}","  {""PhoneNumber"": ""3346366221""}"
136,"You are an expert in Cleaning Hospital Dataset. Given the dirty row Entity 1, you are required to correct the values of Address1 in Entity 1.

Return in json format.

Output Format Example:

{""Address1"": """"}

Entity 1:

{""ProviderNumber"": ""10015"", ""HospitalName"": ""southwest alabama medical center"", ""Address1"": ""33700 highway x3"", ""Address2"": ""empty"", ""Address3"": ""empty"", ""City"": ""thomasville"", ""State"": ""al"", ""ZipCode"": ""36784"", ""CountyName"": ""clarke"", ""PhoneNumber"": ""3346366221"", ""HospitalType"": ""acute care hospitals"", ""HospitalOwner"": ""government - federal"", ""EmergencyService"": ""yes"", ""Condition"": ""surgical infection prevention"", ""MeasureCode"": ""scxp-xnf-3"", ""MeasureName"": ""surgery patients whose preventive antibiotics were stopped at the right time (within 24 hours after surgery)"", ""Score"": ""86%"", ""Sample"": ""14 patients"", ""Stateavg"": ""al_scip-inf-3"", ""count"": 2}

Take these rows as reference:

{""ProviderNumber"": ""10015"", ""HospitalName"": ""southwest alabama medical center"", ""Address1"": ""33700 highway 43"", ""Address2"": ""empty"", ""Address3"": ""empty"", ""City"": ""thomasville"", ""State"": ""al"", ""ZipCode"": ""36784"", ""CountyName"": ""clarke"", ""PhoneNumber"": ""3346366221"", ""HospitalType"": ""acute care hospitals"", ""HospitalOwner"": ""government - federal"", ""EmergencyService"": ""yes"", ""Condition"": ""heart attack"", ""MeasureCode"": ""ami-7a"", ""MeasureName"": ""heart attack patients given fibrinolytic medication within 30 minutes of arrival"", ""Score"": ""empty"", ""Sample"": ""0 patients"", ""Stateavg"": ""al_ami-7a""}

{""ProviderNumber"": ""10015"", ""HospitalName"": ""southwest alabama medical center"", ""Address1"": ""33700 highway 43"", ""Address2"": ""empty"", ""Address3"": ""empty"", ""City"": ""thomasville"", ""State"": ""al"", ""ZipCode"": ""36784"", ""CountyName"": ""clarke"", ""PhoneNumber"": ""3346366221"", ""HospitalType"": ""acute care hospitals"", ""HospitalOwner"": ""government - federal"", ""EmergencyService"": ""yes"", ""Condition"": ""surgical infection prevention"", ""MeasureCode"": ""scip-inf-1"", ""MeasureName"": ""surgery patients who were given an antibiotic at the right time (within one hour before surgery) to help prevent infection"", ""Score"": ""86%"", ""Sample"": ""14 patients"", ""Stateavg"": ""al_scip-inf-1""}

",,"{""Address1"": ""33700 highway 43""}","  {""Address1"": ""33700 highway 43""}"
137,"You are an expert in Cleaning Hospital Dataset. Given the dirty row Entity 1, you are required to correct the values of MeasureCode in Entity 1.

Return in json format.

Output Format Example:

{""MeasureCode"": """"}

Entity 1:

{""ProviderNumber"": ""10015"", ""HospitalName"": ""southwest alabama medical center"", ""Address1"": ""33700 highway x3"", ""Address2"": ""empty"", ""Address3"": ""empty"", ""City"": ""thomasville"", ""State"": ""al"", ""ZipCode"": ""36784"", ""CountyName"": ""clarke"", ""PhoneNumber"": ""3346366221"", ""HospitalType"": ""acute care hospitals"", ""HospitalOwner"": ""government - federal"", ""EmergencyService"": ""yes"", ""Condition"": ""surgical infection prevention"", ""MeasureCode"": ""scxp-xnf-3"", ""MeasureName"": ""surgery patients whose preventive antibiotics were stopped at the right time (within 24 hours after surgery)"", ""Score"": ""86%"", ""Sample"": ""14 patients"", ""Stateavg"": ""al_scip-inf-3"", ""count"": 2}

Take these rows as reference:

{""ProviderNumber"": ""10015"", ""HospitalName"": ""southwest alabama medical center"", ""Address1"": ""33700 highway 43"", ""Address2"": ""empty"", ""Address3"": ""empty"", ""City"": ""thomasville"", ""State"": ""al"", ""ZipCode"": ""36784"", ""CountyName"": ""clarke"", ""PhoneNumber"": ""3346366221"", ""HospitalType"": ""acute care hospitals"", ""HospitalOwner"": ""government - federal"", ""EmergencyService"": ""yes"", ""Condition"": ""heart attack"", ""MeasureCode"": ""ami-7a"", ""MeasureName"": ""heart attack patients given fibrinolytic medication within 30 minutes of arrival"", ""Score"": ""empty"", ""Sample"": ""0 patients"", ""Stateavg"": ""al_ami-7a""}

{""ProviderNumber"": ""x00x5"", ""HospitalName"": ""southwest alabama medical center"", ""Address1"": ""33700 highway 43"", ""Address2"": ""empty"", ""Address3"": ""empty"", ""City"": ""thomasville"", ""State"": ""al"", ""ZipCode"": ""36784"", ""CountyName"": ""clarke"", ""PhoneNumber"": ""3346366221"", ""HospitalType"": ""acute care hospitals"", ""HospitalOwner"": ""government - federal"", ""EmergencyService"": ""yes"", ""Condition"": ""heart attack"", ""MeasureCode"": ""ami-1"", ""MeasureName"": ""heart attack patients given aspirin at arrival"", ""Score"": ""empty"", ""Sample"": ""0 patients"", ""Stateavg"": ""ax_ami-1""}

",,"{""MeasureCode"": ""scip-inf-3""}","  {""MeasureCode"": ""scip-inf-3""}"
138,"You are an expert in Cleaning Hospital Dataset. Given the dirty row Entity 1, you are required to correct the values of HospitalType in Entity 1.

Return in json format.

Output Format Example:

{""HospitalType"": """"}

Entity 1:

{""ProviderNumber"": ""10015"", ""HospitalName"": ""southwest alabama medical center"", ""Address1"": ""33700 highway 43"", ""Address2"": ""empty"", ""Address3"": ""empty"", ""City"": ""thomasville"", ""State"": ""al"", ""ZipCode"": ""36784"", ""CountyName"": ""clarke"", ""PhoneNumber"": ""3346366221"", ""HospitalType"": ""acuxe care hospixals"", ""HospitalOwner"": ""government - federal"", ""EmergencyService"": ""yes"", ""Condition"": ""surgical infection prevention"", ""MeasureCode"": ""scip-inf-6"", ""MeasureName"": ""surgery patients needing hair removed from the surgical area before surgery who had hair removed using a safer method (electric clippers or hair removal cream c not a razor)"", ""Score"": ""100%"", ""Sample"": ""15 patients"", ""Stateavg"": ""al_scip-inf-6"", ""count"": 1}

Take these rows as reference:

{""ProviderNumber"": ""10015"", ""HospitalName"": ""southwest alabama medical center"", ""Address1"": ""33700 highway 43"", ""Address2"": ""empty"", ""Address3"": ""empty"", ""City"": ""thomasville"", ""State"": ""al"", ""ZipCode"": ""36784"", ""CountyName"": ""clarke"", ""PhoneNumber"": ""3346366221"", ""HospitalType"": ""acute care hospitals"", ""HospitalOwner"": ""government - federal"", ""EmergencyService"": ""yes"", ""Condition"": ""heart attack"", ""MeasureCode"": ""ami-7a"", ""MeasureName"": ""heart attack patients given fibrinolytic medication within 30 minutes of arrival"", ""Score"": ""empty"", ""Sample"": ""0 patients"", ""Stateavg"": ""al_ami-7a""}

{""ProviderNumber"": ""10015"", ""HospitalName"": ""southwest alabama medical center"", ""Address1"": ""33700 highway 43"", ""Address2"": ""empty"", ""Address3"": ""empty"", ""City"": ""thomasville"", ""State"": ""al"", ""ZipCode"": ""x6784"", ""CountyName"": ""clarke"", ""PhoneNumber"": ""3346366221"", ""HospitalType"": ""acute care hospitals"", ""HospitalOwner"": ""government - federal"", ""EmergencyService"": ""yes"", ""Condition"": ""surgical infection prevention"", ""MeasureCode"": ""scip-vte-1"", ""MeasureName"": ""surgery patients whose doctors ordered treatments to prevent blood clots after certain types of surgeries"", ""Score"": ""90%"", ""Sample"": ""10 patients"", ""Stateavg"": ""al_scip-vte-1""}

",,"{""HospitalType"": ""acute care hospitals""}","  {""HospitalType"": ""acute care hospitals""}"
139,"You are an expert in Cleaning Hospital Dataset. Given the dirty row Entity 1, you are required to correct the values of ZipCode in Entity 1.

Return in json format.

Output Format Example:

{""ZipCode"": """"}

Entity 1:

{""ProviderNumber"": ""10015"", ""HospitalName"": ""southwest alabama medical center"", ""Address1"": ""33700 highway 43"", ""Address2"": ""empty"", ""Address3"": ""empty"", ""City"": ""thomasville"", ""State"": ""al"", ""ZipCode"": ""x6784"", ""CountyName"": ""clarke"", ""PhoneNumber"": ""3346366221"", ""HospitalType"": ""acute care hospitals"", ""HospitalOwner"": ""government - federal"", ""EmergencyService"": ""yes"", ""Condition"": ""surgical infection prevention"", ""MeasureCode"": ""scip-vte-1"", ""MeasureName"": ""surgery patients whose doctors ordered treatments to prevent blood clots after certain types of surgeries"", ""Score"": ""90%"", ""Sample"": ""10 patients"", ""Stateavg"": ""al_scip-vte-1"", ""count"": 1}

Take these rows as reference:

{""ProviderNumber"": ""10015"", ""HospitalName"": ""southwest alabama medical center"", ""Address1"": ""33700 highway 43"", ""Address2"": ""empty"", ""Address3"": ""empty"", ""City"": ""thomasville"", ""State"": ""al"", ""ZipCode"": ""36784"", ""CountyName"": ""clarke"", ""PhoneNumber"": ""3346366221"", ""HospitalType"": ""acute care hospitals"", ""HospitalOwner"": ""government - federal"", ""EmergencyService"": ""yes"", ""Condition"": ""pneumonia"", ""MeasureCode"": ""pn-5c"", ""MeasureName"": ""pneumonia patients given initial antibiotic(s) within 6 hours after arrival"", ""Score"": ""96%"", ""Sample"": ""24 patients"", ""Stateavg"": ""al_pn-5c""}

{""ProviderNumber"": ""10015"", ""HospitalName"": ""southwest alabama medical center"", ""Address1"": ""33700 highway 43"", ""Address2"": ""empty"", ""Address3"": ""empty"", ""City"": ""thomasville"", ""State"": ""al"", ""ZipCode"": ""36784"", ""CountyName"": ""clarke"", ""PhoneNumber"": ""3346366221"", ""HospitalType"": ""acute care hospitals"", ""HospitalOwner"": ""government - federal"", ""EmergencyService"": ""yes"", ""Condition"": ""pneumonia"", ""MeasureCode"": ""pn-5c"", ""MeasureName"": ""pneumonia patients given initial antibiotic(s) within 6 hours after arrival"", ""Score"": ""96%"", ""Sample"": ""24 patients"", ""Stateavg"": ""al_pn-5c""}

",,"{""ZipCode"": ""36784""}","  {""ZipCode"": ""36784""}"
140,"You are an expert in Cleaning Hospital Dataset. Given the dirty row Entity 1, you are required to correct the values of Stateavg in Entity 1.

Return in json format.

Output Format Example:

{""Stateavg"": """"}

Entity 1:

{""ProviderNumber"": ""10016"", ""HospitalName"": ""shelby baptist medical center"", ""Address1"": ""1000 first street north"", ""Address2"": ""empty"", ""Address3"": ""empty"", ""City"": ""alabaster"", ""State"": ""al"", ""ZipCode"": ""35007"", ""CountyName"": ""shelby"", ""PhoneNumber"": ""2056208100"", ""HospitalType"": ""acute care hospitals"", ""HospitalOwner"": ""voluntary non-profit - church"", ""EmergencyService"": ""yes"", ""Condition"": ""heart attack"", ""MeasureCode"": ""ami-1"", ""MeasureName"": ""heart attack patients given aspirin at arrival"", ""Score"": ""99%"", ""Sample"": ""179 patients"", ""Stateavg"": ""al_axi-1"", ""count"": 1}

Take these rows as reference:

{""ProviderNumber"": ""10016"", ""HospitalName"": ""shelby baptist medical center"", ""Address1"": ""1000 first street north"", ""Address2"": ""empty"", ""Address3"": ""empty"", ""City"": ""alabaster"", ""State"": ""al"", ""ZipCode"": ""35007"", ""CountyName"": ""shelby"", ""PhoneNumber"": ""2056208100"", ""HospitalType"": ""acute care hospitals"", ""HospitalOwner"": ""voluntary non-profit - church"", ""EmergencyService"": ""yes"", ""Condition"": ""heart attack"", ""MeasureCode"": ""ami-2"", ""MeasureName"": ""heart attack patients given aspirin at discharge"", ""Score"": ""97%"", ""Sample"": ""208 patients"", ""Stateavg"": ""al_ami-2""}

{""ProviderNumber"": ""10016"", ""HospitalName"": ""shelby baptist medical center"", ""Address1"": ""1000 first street north"", ""Address2"": ""empty"", ""Address3"": ""empty"", ""City"": ""alabaster"", ""State"": ""al"", ""ZipCode"": ""35007"", ""CountyName"": ""shelby"", ""PhoneNumber"": ""2056208100"", ""HospitalType"": ""acute care hospitals"", ""HospitalOwner"": ""voluntary non-profit - church"", ""EmergencyService"": ""yes"", ""Condition"": ""surgical infection prevention"", ""MeasureCode"": ""scip-inf-6"", ""MeasureName"": ""surgery patients needing hair removed from the surgical area before surgery who had hair removed using a safer method (electric clippers or hair removal cream c not a razor)"", ""Score"": ""100%"", ""Sample"": ""588 patients"", ""Stateavg"": ""al_scip-inf-6""}

",,"{""Stateavg"": ""al_ami-1""}","  {""Stateavg"": ""al_ami-1""}"
141,"You are an expert in Cleaning Hospital Dataset. Given the dirty row Entity 1, you are required to correct the values of ProviderNumber in Entity 1.

Return in json format.

Output Format Example:

{""ProviderNumber"": """"}

Entity 1:

{""ProviderNumber"": ""1xx16"", ""HospitalName"": ""shelby baptist medical center"", ""Address1"": ""1000 first street north"", ""Address2"": ""empty"", ""Address3"": ""empty"", ""City"": ""alabaster"", ""State"": ""al"", ""ZipCode"": ""35007"", ""CountyName"": ""shelby"", ""PhoneNumber"": ""2056208100"", ""HospitalType"": ""acute care hospitals"", ""HospitalOwner"": ""voluntary non-profit - church"", ""EmergencyService"": ""yes"", ""Condition"": ""heart attack"", ""MeasureCode"": ""ami-5"", ""MeasureName"": ""heart attack patients given beta blocker at discharge"", ""Score"": ""97%"", ""Sample"": ""169 patients"", ""Stateavg"": ""al_ami-5"", ""count"": 1}

Take these rows as reference:

{""ProviderNumber"": ""1xx16"", ""HospitalName"": ""shelby baptist medical center"", ""Address1"": ""1000 first street north"", ""Address2"": ""empty"", ""Address3"": ""empty"", ""City"": ""alabaster"", ""State"": ""al"", ""ZipCode"": ""35007"", ""CountyName"": ""shelby"", ""PhoneNumber"": ""2056208100"", ""HospitalType"": ""acute care hospitals"", ""HospitalOwner"": ""voluntary non-profit - church"", ""EmergencyService"": ""yes"", ""Condition"": ""heart attack"", ""MeasureCode"": ""ami-5"", ""MeasureName"": ""heart attack patients given beta blocker at discharge"", ""Score"": ""97%"", ""Sample"": ""169 patients"", ""Stateavg"": ""al_ami-5""}

{""ProviderNumber"": ""10016"", ""HospitalName"": ""shelby baptist medical center"", ""Address1"": ""1000 first street north"", ""Address2"": ""empty"", ""Address3"": ""empty"", ""City"": ""alabaster"", ""State"": ""al"", ""ZipCode"": ""x5007"", ""CountyName"": ""shelby"", ""PhoneNumber"": ""2056208100"", ""HospitalType"": ""acute care hospitals"", ""HospitalOwner"": ""voluntary non-profit - church"", ""EmergencyService"": ""yes"", ""Condition"": ""surgical infection prevention"", ""MeasureCode"": ""scip-inf-4"", ""MeasureName"": ""all heart surgerx patients whose blood sugar (blood glucose) is kept under good control in the daxs right after surgerx"", ""Score"": ""93%"", ""Sample"": ""116 patients"", ""Stateavg"": ""al_scip-inf-4""}

",,"{""ProviderNumber"": ""10016""}","  {""ProviderNumber"": ""10016""}"
142,"You are an expert in Cleaning Hospital Dataset. Given the dirty row Entity 1, you are required to correct the values of Address1 in Entity 1.

Return in json format.

Output Format Example:

{""Address1"": """"}

Entity 1:

{""ProviderNumber"": ""10016"", ""HospitalName"": ""shelby baptist medical center"", ""Address1"": ""1000 fixst stxeet noxth"", ""Address2"": ""empty"", ""Address3"": ""empty"", ""City"": ""alabaster"", ""State"": ""al"", ""ZipCode"": ""35007"", ""CountyName"": ""shelby"", ""PhoneNumber"": ""2056208100"", ""HospitalType"": ""acute care hospitals"", ""HospitalOwner"": ""voluntary non-profit - church"", ""EmergencyService"": ""yes"", ""Condition"": ""heart attack"", ""MeasureCode"": ""ami-8a"", ""MeasureName"": ""heart attack patients given pci within 90 minutes of arrival"", ""Score"": ""83%"", ""Sample"": ""36 patients"", ""Stateavg"": ""al_ami-8a"", ""count"": 1}

Take these rows as reference:

{""ProviderNumber"": ""10016"", ""HospitalName"": ""shelby baptist medical center"", ""Address1"": ""1000 first street north"", ""Address2"": ""empty"", ""Address3"": ""empty"", ""City"": ""alabaster"", ""State"": ""al"", ""ZipCode"": ""35007"", ""CountyName"": ""shelby"", ""PhoneNumber"": ""2056208100"", ""HospitalType"": ""acute care hospitals"", ""HospitalOwner"": ""voluntary non-profit - church"", ""EmergencyService"": ""yes"", ""Condition"": ""heart attack"", ""MeasureCode"": ""ami-1"", ""MeasureName"": ""heart attack patients given aspirin at arrival"", ""Score"": ""99%"", ""Sample"": ""179 patients"", ""Stateavg"": ""al_axi-1""}

{""ProviderNumber"": ""10016"", ""HospitalName"": ""shelby baptist medical center"", ""Address1"": ""1000 first street north"", ""Address2"": ""empty"", ""Address3"": ""empty"", ""City"": ""alabaster"", ""State"": ""al"", ""ZipCode"": ""35007"", ""CountyName"": ""shelby"", ""PhoneNumber"": ""2056208100"", ""HospitalType"": ""acute care hospitals"", ""HospitalOwner"": ""voluntary non-profit - church"", ""EmergencyService"": ""yes"", ""Condition"": ""pneumonia"", ""MeasureCode"": ""pn-6"", ""MeasureName"": ""pneumonia patients given the most appropriate initial antibiotic(s)"", ""Score"": ""93%"", ""Sample"": ""116 patients"", ""Stateavg"": ""al_pn-6""}

",,"{""Address1"": ""1000 first street north""}","  {""Address1"": ""1000 first street north""}"
143,"You are an expert in Cleaning Hospital Dataset. Given the dirty row Entity 1, you are required to correct the values of State in Entity 1.

Return in json format.

Output Format Example:

{""State"": """"}

Entity 1:

{""ProviderNumber"": ""10016"", ""HospitalName"": ""shelby baptist medical center"", ""Address1"": ""1000 first street north"", ""Address2"": ""empty"", ""Address3"": ""empty"", ""City"": ""alabaster"", ""State"": ""xl"", ""ZipCode"": ""35007"", ""CountyName"": ""shelby"", ""PhoneNumber"": ""2056208100"", ""HospitalType"": ""acute care hospitals"", ""HospitalOwner"": ""voluntary non-profit - church"", ""EmergencyService"": ""yes"", ""Condition"": ""heart failure"", ""MeasureCode"": ""hf-3"", ""MeasureName"": ""heart failure patients given ace inhibitor or arb for left ventricular systolic dysfunction (lvsd)"", ""Score"": ""97%"", ""Sample"": ""71 patients"", ""Stateavg"": ""al_hf-3"", ""count"": 1}

Take these rows as reference:

{""ProviderNumber"": ""10016"", ""HospitalName"": ""shelby baptist medical center"", ""Address1"": ""1000 first street north"", ""Address2"": ""empty"", ""Address3"": ""empty"", ""City"": ""alabaster"", ""State"": ""al"", ""ZipCode"": ""35007"", ""CountyName"": ""shelby"", ""PhoneNumber"": ""2056208100"", ""HospitalType"": ""acute care hospitals"", ""HospitalOwner"": ""voluntary non-profit - church"", ""EmergencyService"": ""yes"", ""Condition"": ""heart attack"", ""MeasureCode"": ""ami-1"", ""MeasureName"": ""heart attack patients given aspirin at arrival"", ""Score"": ""99%"", ""Sample"": ""179 patients"", ""Stateavg"": ""al_axi-1""}

{""ProviderNumber"": ""10016"", ""HospitalName"": ""shelby baptist medical center"", ""Address1"": ""1000 first street north"", ""Address2"": ""empty"", ""Address3"": ""empty"", ""City"": ""alabaster"", ""State"": ""al"", ""ZipCode"": ""x5007"", ""CountyName"": ""shelby"", ""PhoneNumber"": ""2056208100"", ""HospitalType"": ""acute care hospitals"", ""HospitalOwner"": ""voluntary non-profit - church"", ""EmergencyService"": ""yes"", ""Condition"": ""surgical infection prevention"", ""MeasureCode"": ""scip-inf-4"", ""MeasureName"": ""all heart surgerx patients whose blood sugar (blood glucose) is kept under good control in the daxs right after surgerx"", ""Score"": ""93%"", ""Sample"": ""116 patients"", ""Stateavg"": ""al_scip-inf-4""}

",,"{""State"": ""al""}","  {""State"": ""al""}"
144,"You are an expert in Cleaning Hospital Dataset. Given the dirty row Entity 1, you are required to correct the values of Condition in Entity 1.

Return in json format.

Output Format Example:

{""Condition"": """"}

Entity 1:

{""ProviderNumber"": ""10016"", ""HospitalName"": ""shelby baptist medical center"", ""Address1"": ""1000 first street north"", ""Address2"": ""empty"", ""Address3"": ""empty"", ""City"": ""alabaster"", ""State"": ""al"", ""ZipCode"": ""35007"", ""CountyName"": ""shelby"", ""PhoneNumber"": ""2056208100"", ""HospitalType"": ""acute care hospitals"", ""HospitalOwner"": ""voluntary non-profit - church"", ""EmergencyService"": ""yes"", ""Condition"": ""xeart failure"", ""MeasureCode"": ""hf-4"", ""MeasureName"": ""heart failure patients given smoking cessation advice/counseling"", ""Score"": ""100%"", ""Sample"": ""48 patients"", ""Stateavg"": ""al_hf-4"", ""count"": 1}

Take these rows as reference:

{""ProviderNumber"": ""10016"", ""HospitalName"": ""shelby baptist medical center"", ""Address1"": ""1000 first street north"", ""Address2"": ""empty"", ""Address3"": ""empty"", ""City"": ""alabaster"", ""State"": ""al"", ""ZipCode"": ""35007"", ""CountyName"": ""shelby"", ""PhoneNumber"": ""2056208100"", ""HospitalType"": ""acute care hospitals"", ""HospitalOwner"": ""voluntary non-profit - church"", ""EmergencyService"": ""yes"", ""Condition"": ""pneumonia"", ""MeasureCode"": ""pn-7"", ""MeasureName"": ""pneumonia patients assessed and given influenza vaccination"", ""Score"": ""92%"", ""Sample"": ""199 patients"", ""Stateavg"": ""al_pn-7""}

{""ProviderNumber"": ""10016"", ""HospitalName"": ""shelby baptist medical center"", ""Address1"": ""1000 first street north"", ""Address2"": ""empty"", ""Address3"": ""empty"", ""City"": ""alabaster"", ""State"": ""al"", ""ZipCode"": ""3x007"", ""CountyName"": ""shelby"", ""PhoneNumber"": ""2056208100"", ""HospitalType"": ""acute care hospitals"", ""HospitalOwner"": ""voluntary non-profit - church"", ""EmergencyService"": ""yes"", ""Condition"": ""pneumonia"", ""MeasureCode"": ""pn-5c"", ""MeasureName"": ""pneumonia patients given initial antibiotic(s) within 6 hours after arrival"", ""Score"": ""96%"", ""Sample"": ""239 patients"", ""Stateavg"": ""al_pn-5c""}

",,"{""Condition"": ""heart failure""}","  {""Condition"": ""heart failure""}"
145,"You are an expert in Cleaning Hospital Dataset. Given the dirty row Entity 1, you are required to correct the values of HospitalType in Entity 1.

Return in json format.

Output Format Example:

{""HospitalType"": """"}

Entity 1:

{""ProviderNumber"": ""10016"", ""HospitalName"": ""shelby baptist medical center"", ""Address1"": ""1000 first street north"", ""Address2"": ""empty"", ""Address3"": ""empty"", ""City"": ""alabaster"", ""State"": ""al"", ""ZipCode"": ""35007"", ""CountyName"": ""shelby"", ""PhoneNumber"": ""2056208100"", ""HospitalType"": ""acutexcarexhospitals"", ""HospitalOwner"": ""voluntary non-profit - church"", ""EmergencyService"": ""yes"", ""Condition"": ""pneumonia"", ""MeasureCode"": ""pn-2"", ""MeasureName"": ""pneumonia patients assessed and given pneumococcal vaccination"", ""Score"": ""97%"", ""Sample"": ""235 patients"", ""Stateavg"": ""al_pn-2"", ""count"": 1}

Take these rows as reference:

{""ProviderNumber"": ""10016"", ""HospitalName"": ""shelby baptist medical center"", ""Address1"": ""1000 first street north"", ""Address2"": ""empty"", ""Address3"": ""empty"", ""City"": ""alabaster"", ""State"": ""al"", ""ZipCode"": ""35007"", ""CountyName"": ""shelby"", ""PhoneNumber"": ""2056208100"", ""HospitalType"": ""acute care hospitals"", ""HospitalOwner"": ""voluntary non-profit - church"", ""EmergencyService"": ""yes"", ""Condition"": ""surgical infection prevention"", ""MeasureCode"": ""scip-inf-2"", ""MeasureName"": ""surgery patients who were given the  right kind  of antibiotic to help prevent infection"", ""Score"": ""99%"", ""Sample"": ""370 patients"", ""Stateavg"": ""al_scip-inf-2""}

{""ProviderNumber"": ""10016"", ""HospitalName"": ""shelby baptist medical center"", ""Address1"": ""1000 first street north"", ""Address2"": ""empty"", ""Address3"": ""empty"", ""City"": ""alabaster"", ""State"": ""al"", ""ZipCode"": ""35007"", ""CountyName"": ""shelby"", ""PhoneNumber"": ""2056208100"", ""HospitalType"": ""acute care hospitals"", ""HospitalOwner"": ""voluntary non-profit - church"", ""EmergencyService"": ""yes"", ""Condition"": ""heart failure"", ""MeasureCode"": ""hf-1"", ""MeasureName"": ""heart failure patients given discharge instructions"", ""Score"": ""86%"", ""Sample"": ""210 patients"", ""Stateavg"": ""al_hf-1""}

",,"{""HospitalType"": ""acute care hospitals""}","  {""HospitalType"": ""acute care hospitals""}"
146,"You are an expert in Cleaning Hospital Dataset. Given the dirty row Entity 1, you are required to correct the values of MeasureName in Entity 1.

Return in json format.

Output Format Example:

{""MeasureName"": """"}

Entity 1:

{""ProviderNumber"": ""10016"", ""HospitalName"": ""shelby baptist medical center"", ""Address1"": ""1000 first street north"", ""Address2"": ""empty"", ""Address3"": ""empty"", ""City"": ""alabaster"", ""State"": ""al"", ""ZipCode"": ""35007"", ""CountyName"": ""shelby"", ""PhoneNumber"": ""2056208100"", ""HospitalType"": ""acute care hospitals"", ""HospitalOwner"": ""voluntary non-profit - church"", ""EmergencyService"": ""yes"", ""Condition"": ""pneumonia"", ""MeasureCode"": ""pn-3b"", ""MeasureName"": ""pnxumonia patixnts whosx initial emxrgxncy room blood culturx was pxrformxd prior to thx administration of thx first hospital dosx of antibiotics"", ""Score"": ""100%"", ""Sample"": ""110 patients"", ""Stateavg"": ""al_pn-3b"", ""count"": 1}

Take these rows as reference:

{""ProviderNumber"": ""10016"", ""HospitalName"": ""shelby baptist medical center"", ""Address1"": ""1000 first street north"", ""Address2"": ""empty"", ""Address3"": ""empty"", ""City"": ""alabaster"", ""State"": ""al"", ""ZipCode"": ""35007"", ""CountyName"": ""shelby"", ""PhoneNumber"": ""2056208100"", ""HospitalType"": ""acute care hospitals"", ""HospitalOwner"": ""voluntary non-profit - church"", ""EmergencyService"": ""yes"", ""Condition"": ""pneumonia"", ""MeasureCode"": ""pn-3b"", ""MeasureName"": ""pnxumonia patixnts whosx initial emxrgxncy room blood culturx was pxrformxd prior to thx administration of thx first hospital dosx of antibiotics"", ""Score"": ""100%"", ""Sample"": ""110 patients"", ""Stateavg"": ""al_pn-3b""}

{""ProviderNumber"": ""10016"", ""HospitalName"": ""shelby baptist medical center"", ""Address1"": ""1000 first street north"", ""Address2"": ""empty"", ""Address3"": ""empty"", ""City"": ""alabaster"", ""State"": ""al"", ""ZipCode"": ""x5007"", ""CountyName"": ""shelby"", ""PhoneNumber"": ""2056208100"", ""HospitalType"": ""acute care hospitals"", ""HospitalOwner"": ""voluntary non-profit - church"", ""EmergencyService"": ""yes"", ""Condition"": ""surgical infection prevention"", ""MeasureCode"": ""scip-inf-4"", ""MeasureName"": ""all heart surgerx patients whose blood sugar (blood glucose) is kept under good control in the daxs right after surgerx"", ""Score"": ""93%"", ""Sample"": ""116 patients"", ""Stateavg"": ""al_scip-inf-4""}

",,"{""MeasureName"": ""pneumonia patients whose initial emergency room blood culture was performed prior to the administration of the first hospital dose of antibiotics""}","  {""MeasureName"": ""pneumonia patients whose initial emergency room blood culture was performed prior to the administration of the first hospital dose of antibiotics""}"
147,"You are an expert in Cleaning Hospital Dataset. Given the dirty row Entity 1, you are required to correct the values of ZipCode in Entity 1.

Return in json format.

Output Format Example:

{""ZipCode"": """"}

Entity 1:

{""ProviderNumber"": ""10016"", ""HospitalName"": ""shelby baptist medical center"", ""Address1"": ""1000 first street north"", ""Address2"": ""empty"", ""Address3"": ""empty"", ""City"": ""alabaster"", ""State"": ""al"", ""ZipCode"": ""3x007"", ""CountyName"": ""shelby"", ""PhoneNumber"": ""2056208100"", ""HospitalType"": ""acute care hospitals"", ""HospitalOwner"": ""voluntary non-profit - church"", ""EmergencyService"": ""yes"", ""Condition"": ""pneumonia"", ""MeasureCode"": ""pn-5c"", ""MeasureName"": ""pneumonia patients given initial antibiotic(s) within 6 hours after arrival"", ""Score"": ""96%"", ""Sample"": ""239 patients"", ""Stateavg"": ""al_pn-5c"", ""count"": 1}

Take these rows as reference:

{""ProviderNumber"": ""10016"", ""HospitalName"": ""shelby baptist medical center"", ""Address1"": ""1000 first street north"", ""Address2"": ""empty"", ""Address3"": ""empty"", ""City"": ""alabaster"", ""State"": ""al"", ""ZipCode"": ""35007"", ""CountyName"": ""shelby"", ""PhoneNumber"": ""2056208100"", ""HospitalType"": ""acute care hospitals"", ""HospitalOwner"": ""voluntary non-profit - church"", ""EmergencyService"": ""yes"", ""Condition"": ""heart attack"", ""MeasureCode"": ""ami-3"", ""MeasureName"": ""heart attack patients given ace inhibitor or arb for left ventricular systolic dysfunction (lvsd)"", ""Score"": ""100%"", ""Sample"": ""30 patients"", ""Stateavg"": ""al_ami-3""}

{""ProviderNumber"": ""10016"", ""HospitalName"": ""shelby baptist medical center"", ""Address1"": ""1000 first street north"", ""Address2"": ""empty"", ""Address3"": ""empty"", ""City"": ""alabaster"", ""State"": ""al"", ""ZipCode"": ""35007"", ""CountyName"": ""shelby"", ""PhoneNumber"": ""2056208100"", ""HospitalType"": ""acute care hospitals"", ""HospitalOwner"": ""voluntary non-profit - church"", ""EmergencyService"": ""yes"", ""Condition"": ""heart attack"", ""MeasureCode"": ""ami-2"", ""MeasureName"": ""heart attack patients given aspirin at discharge"", ""Score"": ""97%"", ""Sample"": ""208 patients"", ""Stateavg"": ""al_ami-2""}

",,"{""ZipCode"": ""35007""}","  {""ZipCode"": ""35007""}"
148,"You are an expert in Cleaning Hospital Dataset. Given the dirty row Entity 1, you are required to correct the values of ZipCode in Entity 1.

Return in json format.

Output Format Example:

{""ZipCode"": """"}

Entity 1:

{""ProviderNumber"": ""10016"", ""HospitalName"": ""shelby baptist medical center"", ""Address1"": ""1000 first street north"", ""Address2"": ""empty"", ""Address3"": ""empty"", ""City"": ""alabaster"", ""State"": ""al"", ""ZipCode"": ""x5007"", ""CountyName"": ""shelby"", ""PhoneNumber"": ""2056208100"", ""HospitalType"": ""acute care hospitals"", ""HospitalOwner"": ""voluntary non-profit - church"", ""EmergencyService"": ""yes"", ""Condition"": ""surgical infection prevention"", ""MeasureCode"": ""scip-inf-4"", ""MeasureName"": ""all heart surgerx patients whose blood sugar (blood glucose) is kept under good control in the daxs right after surgerx"", ""Score"": ""93%"", ""Sample"": ""116 patients"", ""Stateavg"": ""al_scip-inf-4"", ""count"": 2}

Take these rows as reference:

{""ProviderNumber"": ""10016"", ""HospitalName"": ""shelby baptist medical center"", ""Address1"": ""1000 first street north"", ""Address2"": ""empty"", ""Address3"": ""empty"", ""City"": ""alabaster"", ""State"": ""al"", ""ZipCode"": ""x5007"", ""CountyName"": ""shelby"", ""PhoneNumber"": ""2056208100"", ""HospitalType"": ""acute care hospitals"", ""HospitalOwner"": ""voluntary non-profit - church"", ""EmergencyService"": ""yes"", ""Condition"": ""surgical infection prevention"", ""MeasureCode"": ""scip-inf-4"", ""MeasureName"": ""all heart surgerx patients whose blood sugar (blood glucose) is kept under good control in the daxs right after surgerx"", ""Score"": ""93%"", ""Sample"": ""116 patients"", ""Stateavg"": ""al_scip-inf-4""}

{""ProviderNumber"": ""10016"", ""HospitalName"": ""shelby baptist medical center"", ""Address1"": ""1000 first street north"", ""Address2"": ""empty"", ""Address3"": ""empty"", ""City"": ""alabaster"", ""State"": ""al"", ""ZipCode"": ""3x007"", ""CountyName"": ""shelby"", ""PhoneNumber"": ""2056208100"", ""HospitalType"": ""acute care hospitals"", ""HospitalOwner"": ""voluntary non-profit - church"", ""EmergencyService"": ""yes"", ""Condition"": ""pneumonia"", ""MeasureCode"": ""pn-5c"", ""MeasureName"": ""pneumonia patients given initial antibiotic(s) within 6 hours after arrival"", ""Score"": ""96%"", ""Sample"": ""239 patients"", ""Stateavg"": ""al_pn-5c""}

",,"{""ZipCode"": ""35007""}","  {""ZipCode"": ""35007""}"
149,"You are an expert in Cleaning Hospital Dataset. Given the dirty row Entity 1, you are required to correct the values of MeasureName in Entity 1.

Return in json format.

Output Format Example:

{""MeasureName"": """"}

Entity 1:

{""ProviderNumber"": ""10016"", ""HospitalName"": ""shelby baptist medical center"", ""Address1"": ""1000 first street north"", ""Address2"": ""empty"", ""Address3"": ""empty"", ""City"": ""alabaster"", ""State"": ""al"", ""ZipCode"": ""x5007"", ""CountyName"": ""shelby"", ""PhoneNumber"": ""2056208100"", ""HospitalType"": ""acute care hospitals"", ""HospitalOwner"": ""voluntary non-profit - church"", ""EmergencyService"": ""yes"", ""Condition"": ""surgical infection prevention"", ""MeasureCode"": ""scip-inf-4"", ""MeasureName"": ""all heart surgerx patients whose blood sugar (blood glucose) is kept under good control in the daxs right after surgerx"", ""Score"": ""93%"", ""Sample"": ""116 patients"", ""Stateavg"": ""al_scip-inf-4"", ""count"": 2}

Take these rows as reference:

{""ProviderNumber"": ""10016"", ""HospitalName"": ""shelby baptist medical center"", ""Address1"": ""1000 first street north"", ""Address2"": ""empty"", ""Address3"": ""empty"", ""City"": ""alabaster"", ""State"": ""al"", ""ZipCode"": ""35007"", ""CountyName"": ""shelby"", ""PhoneNumber"": ""2056208100"", ""HospitalType"": ""acute care hospitals"", ""HospitalOwner"": ""voluntary non-profit - church"", ""EmergencyService"": ""yes"", ""Condition"": ""surgical infection prevention"", ""MeasureCode"": ""scip-inf-1"", ""MeasureName"": ""surgery patients who were given an antibiotic at the right time (within one hour before surgery) to help prevent infection"", ""Score"": ""98%"", ""Sample"": ""368 patients"", ""Stateavg"": ""al_scip-inf-1""}

{""ProviderNumber"": ""10016"", ""HospitalName"": ""shelby baptist medical center"", ""Address1"": ""1000 first street north"", ""Address2"": ""empty"", ""Address3"": ""empty"", ""City"": ""alabaster"", ""State"": ""al"", ""ZipCode"": ""35007"", ""CountyName"": ""shelby"", ""PhoneNumber"": ""2056208100"", ""HospitalType"": ""acute care hospitals"", ""HospitalOwner"": ""voluntary non-profit - church"", ""EmergencyService"": ""yes"", ""Condition"": ""surgical infection prevention"", ""MeasureCode"": ""scip-inf-6"", ""MeasureName"": ""surgery patients needing hair removed from the surgical area before surgery who had hair removed using a safer method (electric clippers or hair removal cream c not a razor)"", ""Score"": ""100%"", ""Sample"": ""588 patients"", ""Stateavg"": ""al_scip-inf-6""}

",,"{""MeasureName"": ""all heart surgery patients whose blood sugar (blood glucose) is kept under good control in the days right after surgery""}","  {""MeasureName"": ""all heart surgery patients whose blood sugar (blood glucose) is kept under good control in the days right after surgery""}"
150,"You are an expert in Cleaning Hospital Dataset. Given the dirty row Entity 1, you are required to correct the values of HospitalType in Entity 1.

Return in json format.

Output Format Example:

{""HospitalType"": """"}

Entity 1:

{""ProviderNumber"": ""10016"", ""HospitalName"": ""shelby baptist medical center"", ""Address1"": ""1000 first street north"", ""Address2"": ""empty"", ""Address3"": ""empty"", ""City"": ""alabaster"", ""State"": ""al"", ""ZipCode"": ""35007"", ""CountyName"": ""shelby"", ""PhoneNumber"": ""2056208100"", ""HospitalType"": ""acuxe care hospixals"", ""HospitalOwner"": ""voluntary non-profit - church"", ""EmergencyService"": ""yes"", ""Condition"": ""surgical infection prevention"", ""MeasureCode"": ""scip-vte-2"", ""MeasureName"": ""patients who got treatment  at the right time (within 24 hours before or after their surgery) to help prevent blood clots after certain types of surgery"", ""Score"": ""94%"", ""Sample"": ""225 patients"", ""Stateavg"": ""al_scip-vte-2"", ""count"": 1}

Take these rows as reference:

{""ProviderNumber"": ""10016"", ""HospitalName"": ""shelby baptist medical center"", ""Address1"": ""1000 first street north"", ""Address2"": ""empty"", ""Address3"": ""empty"", ""City"": ""alabaster"", ""State"": ""al"", ""ZipCode"": ""35007"", ""CountyName"": ""shelby"", ""PhoneNumber"": ""2056208100"", ""HospitalType"": ""acute care hospitals"", ""HospitalOwner"": ""voluntary non-profit - church"", ""EmergencyService"": ""yes"", ""Condition"": ""surgical infection prevention"", ""MeasureCode"": ""scip-inf-1"", ""MeasureName"": ""surgery patients who were given an antibiotic at the right time (within one hour before surgery) to help prevent infection"", ""Score"": ""98%"", ""Sample"": ""368 patients"", ""Stateavg"": ""al_scip-inf-1""}

{""ProviderNumber"": ""10016"", ""HospitalName"": ""shelby baptist medical center"", ""Address1"": ""1000 first street north"", ""Address2"": ""empty"", ""Address3"": ""empty"", ""City"": ""alabaster"", ""State"": ""al"", ""ZipCode"": ""35007"", ""CountyName"": ""shelby"", ""PhoneNumber"": ""2056208100"", ""HospitalType"": ""acute care hospitals"", ""HospitalOwner"": ""voluntary non-profit - church"", ""EmergencyService"": ""yes"", ""Condition"": ""surgical infection prevention"", ""MeasureCode"": ""scip-inf-2"", ""MeasureName"": ""surgery patients who were given the  right kind  of antibiotic to help prevent infection"", ""Score"": ""99%"", ""Sample"": ""370 patients"", ""Stateavg"": ""al_scip-inf-2""}

",,"{""HospitalType"": ""acute care hospitals""}","  {""HospitalType"": ""acute care hospitals""}"
151,"You are an expert in Cleaning Hospital Dataset. Given the dirty row Entity 1, you are required to correct the values of Address1 in Entity 1.

Return in json format.

Output Format Example:

{""Address1"": """"}

Entity 1:

{""ProviderNumber"": ""10018"", ""HospitalName"": ""callahan eye foundation hospital"", ""Address1"": ""1720 univxrsity blvd"", ""Address2"": ""empty"", ""Address3"": ""empty"", ""City"": ""birmingham"", ""State"": ""al"", ""ZipCode"": ""35233"", ""CountyName"": ""jefferson"", ""PhoneNumber"": ""2053258100"", ""HospitalType"": ""acute care hospitals"", ""HospitalOwner"": ""voluntary non-profit - private"", ""EmergencyService"": ""yes"", ""Condition"": ""heart attack"", ""MeasureCode"": ""ami-2"", ""MeasureName"": ""heart attack patients given aspirin at discharge"", ""Score"": ""empty"", ""Sample"": ""empty"", ""Stateavg"": ""al_ami-2"", ""count"": 1}

Take these rows as reference:

{""ProviderNumber"": ""10018"", ""HospitalName"": ""callahan eye foundation hospital"", ""Address1"": ""1720 university blvd"", ""Address2"": ""empty"", ""Address3"": ""empty"", ""City"": ""birmingham"", ""State"": ""al"", ""ZipCode"": ""35233"", ""CountyName"": ""jefferson"", ""PhoneNumber"": ""2053258100"", ""HospitalType"": ""acute care hospitals"", ""HospitalOwner"": ""voluntary non-profit - private"", ""EmergencyService"": ""yes"", ""Condition"": ""pneumonia"", ""MeasureCode"": ""pn-2"", ""MeasureName"": ""pneumonia patients assessed and given pneumococcal vaccination"", ""Score"": ""empty"", ""Sample"": ""empty"", ""Stateavg"": ""al_pn-2""}

{""ProviderNumber"": ""10018"", ""HospitalName"": ""callahan eye foundation hospital"", ""Address1"": ""1720 university blvd"", ""Address2"": ""empty"", ""Address3"": ""empty"", ""City"": ""birmingham"", ""State"": ""al"", ""ZipCode"": ""35233"", ""CountyName"": ""jefferson"", ""PhoneNumber"": ""2053258100"", ""HospitalType"": ""acute care hospitals"", ""HospitalOwner"": ""voluntary non-profit - private"", ""EmergencyService"": ""yes"", ""Condition"": ""surgical infection prevention"", ""MeasureCode"": ""scip-inf-1"", ""MeasureName"": ""surgery patients who were given an antibiotic at the right time (within one hour before surgery) to help prevent infection"", ""Score"": ""empty"", ""Sample"": ""empty"", ""Stateavg"": ""al_scip-inf-1""}

",,"{""Address1"": ""1720 university blvd""}","  {""Address1"": ""1720 university blvd""}"
152,"You are an expert in Cleaning Hospital Dataset. Given the dirty row Entity 1, you are required to correct the values of City in Entity 1.

Return in json format.

Output Format Example:

{""City"": """"}

Entity 1:

{""ProviderNumber"": ""10038"", ""HospitalName"": ""stringfellow memorial hospital"", ""Address1"": ""301 east 18th st"", ""Address2"": ""empty"", ""Address3"": ""empty"", ""City"": ""axxistox"", ""State"": ""al"", ""ZipCode"": ""36201"", ""CountyName"": ""calhoun"", ""PhoneNumber"": ""2562358900"", ""HospitalType"": ""acute care hospitals"", ""HospitalOwner"": ""proprietary"", ""EmergencyService"": ""yes"", ""Condition"": ""children s asthma care"", ""MeasureCode"": ""cac-2"", ""MeasureName"": ""children who received systemic corticosteroid medication (oral and iv medication that reduces inflammation and controls symptoms) while hospitalized for asthma"", ""Score"": ""100%"", ""Sample"": ""9 patients"", ""Stateavg"": ""al_cac-2"", ""count"": 1}

Take these rows as reference:

{""ProviderNumber"": ""10038"", ""HospitalName"": ""stringfellow memorial hospital"", ""Address1"": ""301 east 18th st"", ""Address2"": ""empty"", ""Address3"": ""empty"", ""City"": ""anniston"", ""State"": ""al"", ""ZipCode"": ""36201"", ""CountyName"": ""calhoun"", ""PhoneNumber"": ""2562358900"", ""HospitalType"": ""acute care hospitals"", ""HospitalOwner"": ""proprietary"", ""EmergencyService"": ""yes"", ""Condition"": ""heart attack"", ""MeasureCode"": ""ami-8a"", ""MeasureName"": ""heart attack patients given pci within 90 minutes of arrival"", ""Score"": ""87%"", ""Sample"": ""15 patients"", ""Stateavg"": ""al_ami-8a""}

{""ProviderNumber"": ""10038"", ""HospitalName"": ""stringfellow memorial hospital"", ""Address1"": ""301 east 18th st"", ""Address2"": ""empty"", ""Address3"": ""empty"", ""City"": ""anniston"", ""State"": ""al"", ""ZipCode"": ""36201"", ""CountyName"": ""calhoun"", ""PhoneNumber"": ""2562358900"", ""HospitalType"": ""acute care hospitals"", ""HospitalOwner"": ""proprietary"", ""EmergencyService"": ""yes"", ""Condition"": ""surgical infection prevention"", ""MeasureCode"": ""scip-inf-4"", ""MeasureName"": ""all heart surgery patients whose blood sugar (blood glucose) is kept under good control in the days right after surgery"", ""Score"": ""empty"", ""Sample"": ""0 patients"", ""Stateavg"": ""al_scip-inf-4""}

",,"{""City"": ""anniston""}","  {""City"": ""anniston""}"
153,"You are an expert in Cleaning Hospital Dataset. Given the dirty row Entity 1, you are required to correct the values of CountyName in Entity 1.

Return in json format.

Output Format Example:

{""CountyName"": """"}

Entity 1:

{""ProviderNumber"": ""10038"", ""HospitalName"": ""stringfellow memorial hospital"", ""Address1"": ""301 east 18th st"", ""Address2"": ""empty"", ""Address3"": ""empty"", ""City"": ""anniston"", ""State"": ""al"", ""ZipCode"": ""36201"", ""CountyName"": ""calhoxn"", ""PhoneNumber"": ""2562358900"", ""HospitalType"": ""acute care hospitals"", ""HospitalOwner"": ""proprietary"", ""EmergencyService"": ""yes"", ""Condition"": ""children s asthma care"", ""MeasureCode"": ""cac-3"", ""MeasureName"": ""children and their caregivers who received a home management plan of care document while hospitalized for asthma"", ""Score"": ""33%"", ""Sample"": ""9 patients"", ""Stateavg"": ""al_cac-3"", ""count"": 1}

Take these rows as reference:

{""ProviderNumber"": ""10038"", ""HospitalName"": ""stringfellow memorial hospital"", ""Address1"": ""301 east 18th st"", ""Address2"": ""empty"", ""Address3"": ""empty"", ""City"": ""anniston"", ""State"": ""al"", ""ZipCode"": ""36201"", ""CountyName"": ""calhoun"", ""PhoneNumber"": ""2562358900"", ""HospitalType"": ""acute care hospitals"", ""HospitalOwner"": ""proprietary"", ""EmergencyService"": ""yes"", ""Condition"": ""heart attack"", ""MeasureCode"": ""ami-8a"", ""MeasureName"": ""heart attack patients given pci within 90 minutes of arrival"", ""Score"": ""87%"", ""Sample"": ""15 patients"", ""Stateavg"": ""al_ami-8a""}

{""ProviderNumber"": ""10038"", ""HospitalName"": ""stringfellow memorial hospital"", ""Address1"": ""301 east 18th st"", ""Address2"": ""empty"", ""Address3"": ""empty"", ""City"": ""anniston"", ""State"": ""al"", ""ZipCode"": ""36201"", ""CountyName"": ""calhoun"", ""PhoneNumber"": ""256235x900"", ""HospitalType"": ""acute care hospitals"", ""HospitalOwner"": ""proprietary"", ""EmergencyService"": ""yes"", ""Condition"": ""heart failure"", ""MeasureCode"": ""hf-2"", ""MeasureName"": ""heart failure patients given an evaluation of left ventricular systolic (lvs) function"", ""Score"": ""100%"", ""Sample"": ""157 patients"", ""Stateavg"": ""al_hf-2""}

",,"{""CountyName"": ""calhoun""}","  {""CountyName"": ""calhoun""}"
154,"You are an expert in Cleaning Hospital Dataset. Given the dirty row Entity 1, you are required to correct the values of HospitalOwner in Entity 1.

Return in json format.

Output Format Example:

{""HospitalOwner"": """"}

Entity 1:

{""ProviderNumber"": ""10038"", ""HospitalName"": ""stringfellow memorial hospital"", ""Address1"": ""301 east 18th st"", ""Address2"": ""empty"", ""Address3"": ""empty"", ""City"": ""anniston"", ""State"": ""al"", ""ZipCode"": ""36201"", ""CountyName"": ""calhoun"", ""PhoneNumber"": ""2562358900"", ""HospitalType"": ""acute care hospitals"", ""HospitalOwner"": ""prxprietary"", ""EmergencyService"": ""yes"", ""Condition"": ""heart attack"", ""MeasureCode"": ""ami-1"", ""MeasureName"": ""heart attack patients given aspirin at arrival"", ""Score"": ""98%"", ""Sample"": ""81 patients"", ""Stateavg"": ""al_ami-1"", ""count"": 1}

Take these rows as reference:

{""ProviderNumber"": ""10038"", ""HospitalName"": ""stringfellow memorial hospital"", ""Address1"": ""301 east 18th st"", ""Address2"": ""empty"", ""Address3"": ""empty"", ""City"": ""anniston"", ""State"": ""al"", ""ZipCode"": ""36201"", ""CountyName"": ""calhoun"", ""PhoneNumber"": ""2562358900"", ""HospitalType"": ""acute care hospitals"", ""HospitalOwner"": ""proprietary"", ""EmergencyService"": ""yes"", ""Condition"": ""pneumonia"", ""MeasureCode"": ""pn-7"", ""MeasureName"": ""pneumonia patients assessed and given influenza vaccination"", ""Score"": ""91%"", ""Sample"": ""87 patients"", ""Stateavg"": ""al_pn-7""}

{""ProviderNumber"": ""10038"", ""HospitalName"": ""stringfellow memorial hospital"", ""Address1"": ""301 east 1xth st"", ""Address2"": ""empty"", ""Address3"": ""empty"", ""City"": ""anniston"", ""State"": ""al"", ""ZipCode"": ""36201"", ""CountyName"": ""calhoun"", ""PhoneNumber"": ""2562358900"", ""HospitalType"": ""acute care hospitals"", ""HospitalOwner"": ""proprietary"", ""EmergencyService"": ""yes"", ""Condition"": ""surgical infection prevention"", ""MeasureCode"": ""scip-inf-1"", ""MeasureName"": ""surgery patients who were given an antibiotic at the right time (within one hour before surgery) to help prevent infection"", ""Score"": ""99%"", ""Sample"": ""96 patients"", ""Stateavg"": ""al_scip-inf-1""}

",,"{""HospitalOwner"": ""proprietary""}","  {""HospitalOwner"": ""proprietary""}"
155,"You are an expert in Cleaning Hospital Dataset. Given the dirty row Entity 1, you are required to correct the values of ProviderNumber in Entity 1.

Return in json format.

Output Format Example:

{""ProviderNumber"": """"}

Entity 1:

{""ProviderNumber"": ""100x8"", ""HospitalName"": ""stringfellow memorial hospital"", ""Address1"": ""301 east 18th st"", ""Address2"": ""empty"", ""Address3"": ""empty"", ""City"": ""anniston"", ""State"": ""al"", ""ZipCode"": ""36201"", ""CountyName"": ""calhoun"", ""PhoneNumber"": ""2562358900"", ""HospitalType"": ""acute care hospitals"", ""HospitalOwner"": ""proprietary"", ""EmergencyService"": ""yes"", ""Condition"": ""heart attack"", ""MeasureCode"": ""ami-2"", ""MeasureName"": ""heart attack patients given aspirin at discharge"", ""Score"": ""96%"", ""Sample"": ""73 patients"", ""Stateavg"": ""al_ami-2"", ""count"": 1}

Take these rows as reference:

{""ProviderNumber"": ""10038"", ""HospitalName"": ""stringfellow memorial hospital"", ""Address1"": ""301 east 18th st"", ""Address2"": ""empty"", ""Address3"": ""empty"", ""City"": ""anniston"", ""State"": ""al"", ""ZipCode"": ""36201"", ""CountyName"": ""calhoun"", ""PhoneNumber"": ""2562358900"", ""HospitalType"": ""acute care hospitals"", ""HospitalOwner"": ""proprietary"", ""EmergencyService"": ""yes"", ""Condition"": ""heart failure"", ""MeasureCode"": ""hf-3"", ""MeasureName"": ""heart failure patients given ace inhibitor or arb for left ventricular systolic dysfunction (lvsd)"", ""Score"": ""90%"", ""Sample"": ""49 patients"", ""Stateavg"": ""al_hf-3""}

{""ProviderNumber"": ""10038"", ""HospitalName"": ""stringfellow memorial hospital"", ""Address1"": ""301 east 18th st"", ""Address2"": ""empty"", ""Address3"": ""empty"", ""City"": ""anniston"", ""State"": ""al"", ""ZipCode"": ""36201"", ""CountyName"": ""calhoun"", ""PhoneNumber"": ""2562358900"", ""HospitalType"": ""acute care hospitals"", ""HospitalOwner"": ""proprietary"", ""EmergencyService"": ""yes"", ""Condition"": ""surgical infection prevention"", ""MeasureCode"": ""scip-inf-3"", ""MeasureName"": ""surgery patients whose preventive antibiotics were stopped at the right time (within 24 hours after surgery)"", ""Score"": ""x3%"", ""Sample"": ""95 patients"", ""Stateavg"": ""al_scip-inf-3""}

",,"{""ProviderNumber"": ""10038""}","  {""ProviderNumber"": ""10038""}"
156,"You are an expert in Cleaning Hospital Dataset. Given the dirty row Entity 1, you are required to correct the values of Address1 in Entity 1.

Return in json format.

Output Format Example:

{""Address1"": """"}

Entity 1:

{""ProviderNumber"": ""10038"", ""HospitalName"": ""stringfellow memorial hospital"", ""Address1"": ""301xeastx18thxst"", ""Address2"": ""empty"", ""Address3"": ""empty"", ""City"": ""anniston"", ""State"": ""al"", ""ZipCode"": ""36201"", ""CountyName"": ""calhoun"", ""PhoneNumber"": ""2562358900"", ""HospitalType"": ""acute care hospitals"", ""HospitalOwner"": ""proprietary"", ""EmergencyService"": ""yes"", ""Condition"": ""heart attack"", ""MeasureCode"": ""ami-4"", ""MeasureName"": ""heart attack patients given smoking cessation advice/counseling"", ""Score"": ""100%"", ""Sample"": ""29 xatients"", ""Stateavg"": ""al_ami-4"", ""count"": 2}

Take these rows as reference:

{""ProviderNumber"": ""10038"", ""HospitalName"": ""stringfellow memorial hospital"", ""Address1"": ""301 east 18th st"", ""Address2"": ""empty"", ""Address3"": ""empty"", ""City"": ""anniston"", ""State"": ""al"", ""ZipCode"": ""36201"", ""CountyName"": ""calhoun"", ""PhoneNumber"": ""2562358900"", ""HospitalType"": ""acute care hospitals"", ""HospitalOwner"": ""proprietary"", ""EmergencyService"": ""xes"", ""Condition"": ""heart attack"", ""MeasureCode"": ""ami-7a"", ""MeasureName"": ""heart attack patients given fibrinolytic medication within 30 minutes of arrival"", ""Score"": ""0%"", ""Sample"": ""1 patients"", ""Stateavg"": ""al_ami-7a""}

{""ProviderNumber"": ""10038"", ""HospitalName"": ""stringfellow memorial hospital"", ""Address1"": ""301xeastx18thxst"", ""Address2"": ""empty"", ""Address3"": ""empty"", ""City"": ""anniston"", ""State"": ""al"", ""ZipCode"": ""36201"", ""CountyName"": ""calhoun"", ""PhoneNumber"": ""2562358900"", ""HospitalType"": ""acute care hospitals"", ""HospitalOwner"": ""proprietary"", ""EmergencyService"": ""yes"", ""Condition"": ""heart attack"", ""MeasureCode"": ""ami-4"", ""MeasureName"": ""heart attack patients given smoking cessation advice/counseling"", ""Score"": ""100%"", ""Sample"": ""29 xatients"", ""Stateavg"": ""al_ami-4""}

",,"{""Address1"": ""301 east 18th st""}","  {""Address1"": ""301 east 18th st""}"
157,"You are an expert in Cleaning Hospital Dataset. Given the dirty row Entity 1, you are required to correct the values of Sample in Entity 1.

Return in json format.

Output Format Example:

{""Sample"": """"}

Entity 1:

{""ProviderNumber"": ""10038"", ""HospitalName"": ""stringfellow memorial hospital"", ""Address1"": ""301xeastx18thxst"", ""Address2"": ""empty"", ""Address3"": ""empty"", ""City"": ""anniston"", ""State"": ""al"", ""ZipCode"": ""36201"", ""CountyName"": ""calhoun"", ""PhoneNumber"": ""2562358900"", ""HospitalType"": ""acute care hospitals"", ""HospitalOwner"": ""proprietary"", ""EmergencyService"": ""yes"", ""Condition"": ""heart attack"", ""MeasureCode"": ""ami-4"", ""MeasureName"": ""heart attack patients given smoking cessation advice/counseling"", ""Score"": ""100%"", ""Sample"": ""29 xatients"", ""Stateavg"": ""al_ami-4"", ""count"": 2}

Take these rows as reference:

{""ProviderNumber"": ""10038"", ""HospitalName"": ""stringfellow memorial hospital"", ""Address1"": ""301 east 18th st"", ""Address2"": ""empty"", ""Address3"": ""empty"", ""City"": ""anniston"", ""State"": ""al"", ""ZipCode"": ""36201"", ""CountyName"": ""calhoun"", ""PhoneNumber"": ""2562358900"", ""HospitalType"": ""acute care hospitals"", ""HospitalOwner"": ""proprietary"", ""EmergencyService"": ""yex"", ""Condition"": ""pneumonia"", ""MeasureCode"": ""pn-5c"", ""MeasureName"": ""pneumonia patients given initial antibiotic(s) within 6 hours after arrival"", ""Score"": ""97%"", ""Sample"": ""145 patients"", ""Stateavg"": ""al_pn-5c""}

{""ProviderNumber"": ""10038"", ""HospitalName"": ""stringfellow memorial hospital"", ""Address1"": ""301 east 18th st"", ""Address2"": ""empty"", ""Address3"": ""empty"", ""City"": ""anniston"", ""State"": ""al"", ""ZipCode"": ""36201"", ""CountyName"": ""calhoun"", ""PhoneNumber"": ""2562358900"", ""HospitalType"": ""acute care hospitals"", ""HospitalOwner"": ""proprietary"", ""EmergencyService"": ""xes"", ""Condition"": ""heart attack"", ""MeasureCode"": ""ami-7a"", ""MeasureName"": ""heart attack patients given fibrinolytic medication within 30 minutes of arrival"", ""Score"": ""0%"", ""Sample"": ""1 patients"", ""Stateavg"": ""al_ami-7a""}

",,"{""Sample"": ""29 patients""}","  {""Sample"": ""29 patients""}"
158,"You are an expert in Cleaning Hospital Dataset. Given the dirty row Entity 1, you are required to correct the values of EmergencyService in Entity 1.

Return in json format.

Output Format Example:

{""EmergencyService"": """"}

Entity 1:

{""ProviderNumber"": ""10038"", ""HospitalName"": ""stringfellow memorial hospital"", ""Address1"": ""301 east 18th st"", ""Address2"": ""empty"", ""Address3"": ""empty"", ""City"": ""anniston"", ""State"": ""al"", ""ZipCode"": ""36201"", ""CountyName"": ""calhoun"", ""PhoneNumber"": ""2562358900"", ""HospitalType"": ""acute care hospitals"", ""HospitalOwner"": ""proprietary"", ""EmergencyService"": ""xes"", ""Condition"": ""heart attack"", ""MeasureCode"": ""ami-7a"", ""MeasureName"": ""heart attack patients given fibrinolytic medication within 30 minutes of arrival"", ""Score"": ""0%"", ""Sample"": ""1 patients"", ""Stateavg"": ""al_ami-7a"", ""count"": 1}

Take these rows as reference:

{""ProviderNumber"": ""10036"", ""HospitalName"": ""andaluxia regional hoxpital"", ""Address1"": ""849 south three notch street"", ""Address2"": ""empty"", ""Address3"": ""empty"", ""City"": ""andalusia"", ""State"": ""al"", ""ZipCode"": ""36420"", ""CountyName"": ""covington"", ""PhoneNumber"": ""3342228466"", ""HospitalType"": ""acute care hospitals"", ""HospitalOwner"": ""proprietary"", ""EmergencyService"": ""no"", ""Condition"": ""surgical infection prevention"", ""MeasureCode"": ""scip-vte-2"", ""MeasureName"": ""patients who got treatment  at the right time (within 24 hours before or after their surgery) to help prevent blood clots after certain types of surgery"", ""Score"": ""80%"", ""Sample"": ""66 patients"", ""Stateavg"": ""al_scip-vte-2""}

{""ProviderNumber"": ""10038"", ""HospitalName"": ""stringfellow memorial hospital"", ""Address1"": ""301 east 18th st"", ""Address2"": ""empty"", ""Address3"": ""empty"", ""City"": ""anniston"", ""State"": ""al"", ""ZipCode"": ""36201"", ""CountyName"": ""calhoun"", ""PhoneNumber"": ""2562358900"", ""HospitalType"": ""acute care hospitals"", ""HospitalOwner"": ""proprietary"", ""EmergencyService"": ""yex"", ""Condition"": ""pneumonia"", ""MeasureCode"": ""pn-5c"", ""MeasureName"": ""pneumonia patients given initial antibiotic(s) within 6 hours after arrival"", ""Score"": ""97%"", ""Sample"": ""145 patients"", ""Stateavg"": ""al_pn-5c""}

",,"{""EmergencyService"": ""yes""}","  {""EmergencyService"": ""no""}"
159,"You are an expert in Cleaning Hospital Dataset. Given the dirty row Entity 1, you are required to correct the values of PhoneNumber in Entity 1.

Return in json format.

Output Format Example:

{""PhoneNumber"": """"}

Entity 1:

{""ProviderNumber"": ""10038"", ""HospitalName"": ""stringfellow memorial hospital"", ""Address1"": ""301 east 18th st"", ""Address2"": ""empty"", ""Address3"": ""empty"", ""City"": ""anniston"", ""State"": ""al"", ""ZipCode"": ""36201"", ""CountyName"": ""calhoun"", ""PhoneNumber"": ""256235x900"", ""HospitalType"": ""acute care hospitals"", ""HospitalOwner"": ""proprietary"", ""EmergencyService"": ""yes"", ""Condition"": ""heart failure"", ""MeasureCode"": ""hf-2"", ""MeasureName"": ""heart failure patients given an evaluation of left ventricular systolic (lvs) function"", ""Score"": ""100%"", ""Sample"": ""157 patients"", ""Stateavg"": ""al_hf-2"", ""count"": 1}

Take these rows as reference:

{""ProviderNumber"": ""10038"", ""HospitalName"": ""stringfellow memorial hospital"", ""Address1"": ""301 east 18th st"", ""Address2"": ""empty"", ""Address3"": ""empty"", ""City"": ""annxston"", ""State"": ""al"", ""ZipCode"": ""36201"", ""CountyName"": ""calhoun"", ""PhoneNumber"": ""2562358900"", ""HospitalType"": ""acute care hospitals"", ""HospitalOwner"": ""proprietary"", ""EmergencyService"": ""yes"", ""Condition"": ""surgical infection prevention"", ""MeasureCode"": ""scip-vte-1"", ""MeasureName"": ""surgery patients whose doctors ordered treatments to prevent blood clots after certain types of surgeries"", ""Score"": ""90%"", ""Sample"": ""117 patients"", ""Stateavg"": ""al_scip-vte-1""}

{""ProviderNumber"": ""10038"", ""HospitalName"": ""stringfellow memorial hospital"", ""Address1"": ""301 east 18th st"", ""Address2"": ""empty"", ""Address3"": ""empty"", ""City"": ""anniston"", ""State"": ""al"", ""ZipCode"": ""36201"", ""CountyName"": ""calhoun"", ""PhoneNumber"": ""2562358900"", ""HospitalType"": ""acute care hospitals"", ""HospitalOwner"": ""proprietary"", ""EmergencyService"": ""yes"", ""Condition"": ""heart attack"", ""MeasureCode"": ""ami-8a"", ""MeasureName"": ""heart attack patients given pci within 90 minutes of arrival"", ""Score"": ""87%"", ""Sample"": ""15 patients"", ""Stateavg"": ""al_ami-8a""}

",,"{""PhoneNumber"": ""2562358900""}","  {""PhoneNumber"": ""2562358900""}"
160,"You are an expert in Cleaning Hospital Dataset. Given the dirty row Entity 1, you are required to correct the values of CountyName in Entity 1.

Return in json format.

Output Format Example:

{""CountyName"": """"}

Entity 1:

{""ProviderNumber"": ""10038"", ""HospitalName"": ""stringfellow memorial hospital"", ""Address1"": ""301 east 18th st"", ""Address2"": ""empty"", ""Address3"": ""empty"", ""City"": ""anniston"", ""State"": ""al"", ""ZipCode"": ""36201"", ""CountyName"": ""caxhoun"", ""PhoneNumber"": ""2562358900"", ""HospitalType"": ""acute care hospitals"", ""HospitalOwner"": ""proprietary"", ""EmergencyService"": ""yes"", ""Condition"": ""pneumonia"", ""MeasureCode"": ""pn-2"", ""MeasureName"": ""pneumonia patients assessed and given pneumococcal vaccination"", ""Score"": ""97%"", ""Sample"": ""110 patients"", ""Stateavg"": ""al_pn-2"", ""count"": 1}

Take these rows as reference:

{""ProviderNumber"": ""10038"", ""HospitalName"": ""stringfellow memorial hospital"", ""Address1"": ""301xeastx18thxst"", ""Address2"": ""empty"", ""Address3"": ""empty"", ""City"": ""anniston"", ""State"": ""al"", ""ZipCode"": ""36201"", ""CountyName"": ""calhoun"", ""PhoneNumber"": ""2562358900"", ""HospitalType"": ""acute care hospitals"", ""HospitalOwner"": ""proprietary"", ""EmergencyService"": ""yes"", ""Condition"": ""heart attack"", ""MeasureCode"": ""ami-4"", ""MeasureName"": ""heart attack patients given smoking cessation advice/counseling"", ""Score"": ""100%"", ""Sample"": ""29 xatients"", ""Stateavg"": ""al_ami-4""}

{""ProviderNumber"": ""10038"", ""HospitalName"": ""stringfellow memorial hospital"", ""Address1"": ""301 east 18th st"", ""Address2"": ""empty"", ""Address3"": ""empty"", ""City"": ""anniston"", ""State"": ""al"", ""ZipCode"": ""36201"", ""CountyName"": ""calhoun"", ""PhoneNumber"": ""2562358900"", ""HospitalType"": ""acute care hospitals"", ""HospitalOwner"": ""proprietary"", ""EmergencyService"": ""yes"", ""Condition"": ""surgical infection prevention"", ""MeasureCode"": ""scip-inf-4"", ""MeasureName"": ""all heart surgery patients whose blood sugar (blood glucose) is kept under good control in the days right after surgery"", ""Score"": ""empty"", ""Sample"": ""0 patients"", ""Stateavg"": ""al_scip-inf-4""}

",,"{""CountyName"": ""calhoun""}","  {""CountyName"": ""calhoun""}"
161,"You are an expert in Cleaning Hospital Dataset. Given the dirty row Entity 1, you are required to correct the values of ZipCode in Entity 1.

Return in json format.

Output Format Example:

{""ZipCode"": """"}

Entity 1:

{""ProviderNumber"": ""10038"", ""HospitalName"": ""stringfellow memorial hospital"", ""Address1"": ""301 east 18th st"", ""Address2"": ""empty"", ""Address3"": ""empty"", ""City"": ""anniston"", ""State"": ""al"", ""ZipCode"": ""36x01"", ""CountyName"": ""calhoun"", ""PhoneNumber"": ""2562358900"", ""HospitalType"": ""acute care hospitals"", ""HospitalOwner"": ""proprietary"", ""EmergencyService"": ""yes"", ""Condition"": ""pneumonia"", ""MeasureCode"": ""pn-3b"", ""MeasureName"": ""pneumonia patients whose initial emergency room blood culture was performed prior to the administration of the first hospital dose of antibiotics"", ""Score"": ""100%"", ""Sample"": ""102 patients"", ""Stateavg"": ""al_pn-3b"", ""count"": 1}

Take these rows as reference:

{""ProviderNumber"": ""10038"", ""HospitalName"": ""stringfellow memorial hospital"", ""Address1"": ""301 east 18th st"", ""Address2"": ""empty"", ""Address3"": ""empty"", ""City"": ""anniston"", ""State"": ""al"", ""ZipCode"": ""36201"", ""CountyName"": ""calhoun"", ""PhoneNumber"": ""2562358900"", ""HospitalType"": ""acute care hospitals"", ""HospitalOwner"": ""proprietary"", ""EmergencyService"": ""yex"", ""Condition"": ""pneumonia"", ""MeasureCode"": ""pn-5c"", ""MeasureName"": ""pneumonia patients given initial antibiotic(s) within 6 hours after arrival"", ""Score"": ""97%"", ""Sample"": ""145 patients"", ""Stateavg"": ""al_pn-5c""}

{""ProviderNumber"": ""10038"", ""HospitalName"": ""stringfellow memorial hospital"", ""Address1"": ""301 east 18th st"", ""Address2"": ""empty"", ""Address3"": ""empty"", ""City"": ""annxston"", ""State"": ""al"", ""ZipCode"": ""36201"", ""CountyName"": ""calhoun"", ""PhoneNumber"": ""2562358900"", ""HospitalType"": ""acute care hospitals"", ""HospitalOwner"": ""proprietary"", ""EmergencyService"": ""yes"", ""Condition"": ""surgical infection prevention"", ""MeasureCode"": ""scip-vte-1"", ""MeasureName"": ""surgery patients whose doctors ordered treatments to prevent blood clots after certain types of surgeries"", ""Score"": ""90%"", ""Sample"": ""117 patients"", ""Stateavg"": ""al_scip-vte-1""}

",,"{""ZipCode"": ""36201""}","  {""ZipCode"": ""36201""}"
162,"You are an expert in Cleaning Hospital Dataset. Given the dirty row Entity 1, you are required to correct the values of EmergencyService in Entity 1.

Return in json format.

Output Format Example:

{""EmergencyService"": """"}

Entity 1:

{""ProviderNumber"": ""10038"", ""HospitalName"": ""stringfellow memorial hospital"", ""Address1"": ""301 east 18th st"", ""Address2"": ""empty"", ""Address3"": ""empty"", ""City"": ""anniston"", ""State"": ""al"", ""ZipCode"": ""36201"", ""CountyName"": ""calhoun"", ""PhoneNumber"": ""2562358900"", ""HospitalType"": ""acute care hospitals"", ""HospitalOwner"": ""proprietary"", ""EmergencyService"": ""yex"", ""Condition"": ""pneumonia"", ""MeasureCode"": ""pn-5c"", ""MeasureName"": ""pneumonia patients given initial antibiotic(s) within 6 hours after arrival"", ""Score"": ""97%"", ""Sample"": ""145 patients"", ""Stateavg"": ""al_pn-5c"", ""count"": 1}

Take these rows as reference:

{""ProviderNumber"": ""10038"", ""HospitalName"": ""stringfellow memorial hospital"", ""Address1"": ""301 east 18th st"", ""Address2"": ""empty"", ""Address3"": ""empty"", ""City"": ""anniston"", ""State"": ""al"", ""ZipCode"": ""36201"", ""CountyName"": ""calhoun"", ""PhoneNumber"": ""2562358900"", ""HospitalType"": ""acute care hospitals"", ""HospitalOwner"": ""proprietary"", ""EmergencyService"": ""yes"", ""Condition"": ""pneumonia"", ""MeasureCode"": ""pn-6"", ""MeasureName"": ""pneumonia patients given the most appropriate initial antibiotic(s)"", ""Score"": ""92%"", ""Sample"": ""99 patients"", ""Stateavg"": ""al_pn-6""}

{""ProviderNumber"": ""10038"", ""HospitalName"": ""stringfellow memorial hospital"", ""Address1"": ""301 east 1xth st"", ""Address2"": ""empty"", ""Address3"": ""empty"", ""City"": ""anniston"", ""State"": ""al"", ""ZipCode"": ""36201"", ""CountyName"": ""calhoun"", ""PhoneNumber"": ""2562358900"", ""HospitalType"": ""acute care hospitals"", ""HospitalOwner"": ""proprietary"", ""EmergencyService"": ""yes"", ""Condition"": ""surgical infection prevention"", ""MeasureCode"": ""scip-inf-1"", ""MeasureName"": ""surgery patients who were given an antibiotic at the right time (within one hour before surgery) to help prevent infection"", ""Score"": ""99%"", ""Sample"": ""96 patients"", ""Stateavg"": ""al_scip-inf-1""}

",,"{""EmergencyService"": ""yes""}","  {""EmergencyService"": ""yes""}"
163,"You are an expert in Cleaning Hospital Dataset. Given the dirty row Entity 1, you are required to correct the values of ZipCode in Entity 1.

Return in json format.

Output Format Example:

{""ZipCode"": """"}

Entity 1:

{""ProviderNumber"": ""10055"", ""HospitalName"": ""flowers hospital"", ""Address1"": ""4370 west main street"", ""Address2"": ""empty"", ""Address3"": ""empty"", ""City"": ""dothan"", ""State"": ""al"", ""ZipCode"": ""3x305"", ""CountyName"": ""houston"", ""PhoneNumber"": ""3347935000"", ""HospitalType"": ""acute care hospitals"", ""HospitalOwner"": ""proxrietary"", ""EmergencyService"": ""yex"", ""Condition"": ""heart failure"", ""MeasureCode"": ""hf-3"", ""MeasureName"": ""heart failure patients given ace inhibitor or arb for left ventricular systolic dysfunction (lvsd)"", ""Score"": ""100%"", ""Sample"": ""94 patients"", ""Stateavg"": ""al_hf-3"", ""count"": 3}

Take these rows as reference:

{""ProviderNumber"": ""10055"", ""HospitalName"": ""flowers hospital"", ""Address1"": ""4370 west main street"", ""Address2"": ""empty"", ""Address3"": ""empty"", ""City"": ""dothan"", ""State"": ""al"", ""ZipCode"": ""3x305"", ""CountyName"": ""houston"", ""PhoneNumber"": ""3347935000"", ""HospitalType"": ""acute care hospitals"", ""HospitalOwner"": ""proxrietary"", ""EmergencyService"": ""yex"", ""Condition"": ""heart failure"", ""MeasureCode"": ""hf-3"", ""MeasureName"": ""heart failure patients given ace inhibitor or arb for left ventricular systolic dysfunction (lvsd)"", ""Score"": ""100%"", ""Sample"": ""94 patients"", ""Stateavg"": ""al_hf-3""}

{""ProviderNumber"": ""10055"", ""HospitalName"": ""floxers hospital"", ""Address1"": ""4370 west main street"", ""Address2"": ""empty"", ""Address3"": ""empty"", ""City"": ""dothan"", ""State"": ""al"", ""ZipCode"": ""36305"", ""CountyName"": ""houston"", ""PhoneNumber"": ""3347935000"", ""HospitalType"": ""acute care hospitals"", ""HospitalOwner"": ""proprietary"", ""EmergencyService"": ""yes"", ""Condition"": ""pneumonia"", ""MeasureCode"": ""pn-5c"", ""MeasureName"": ""pneumonia patients given initial antibiotic(s) within 6 hours after arrival"", ""Score"": ""99%"", ""Sample"": ""146 patients"", ""Stateavg"": ""al_pn-5c""}

",,"{""ZipCode"": ""36305""}","  {""ZipCode"": ""36305""}"
164,"You are an expert in Cleaning Hospital Dataset. Given the dirty row Entity 1, you are required to correct the values of HospitalOwner in Entity 1.

Return in json format.

Output Format Example:

{""HospitalOwner"": """"}

Entity 1:

{""ProviderNumber"": ""10055"", ""HospitalName"": ""flowers hospital"", ""Address1"": ""4370 west main street"", ""Address2"": ""empty"", ""Address3"": ""empty"", ""City"": ""dothan"", ""State"": ""al"", ""ZipCode"": ""3x305"", ""CountyName"": ""houston"", ""PhoneNumber"": ""3347935000"", ""HospitalType"": ""acute care hospitals"", ""HospitalOwner"": ""proxrietary"", ""EmergencyService"": ""yex"", ""Condition"": ""heart failure"", ""MeasureCode"": ""hf-3"", ""MeasureName"": ""heart failure patients given ace inhibitor or arb for left ventricular systolic dysfunction (lvsd)"", ""Score"": ""100%"", ""Sample"": ""94 patients"", ""Stateavg"": ""al_hf-3"", ""count"": 3}

Take these rows as reference:

{""ProviderNumber"": ""10055"", ""HospitalName"": ""flowers hospital"", ""Address1"": ""4370xwestxmainxstreet"", ""Address2"": ""empty"", ""Address3"": ""empty"", ""City"": ""dothan"", ""State"": ""al"", ""ZipCode"": ""36305"", ""CountyName"": ""houston"", ""PhoneNumber"": ""3347935000"", ""HospitalType"": ""acute care hospitals"", ""HospitalOwner"": ""proprietary"", ""EmergencyService"": ""yes"", ""Condition"": ""pneumonia"", ""MeasureCode"": ""pn-2"", ""MeasureName"": ""pneumonia patients assessed and given pneumococcal vaccination"", ""Score"": ""100%"", ""Sample"": ""166 patients"", ""Stateavg"": ""al_pnx2""}

{""ProviderNumber"": ""10055"", ""HospitalName"": ""flowers hospital"", ""Address1"": ""4370 west main street"", ""Address2"": ""empty"", ""Address3"": ""empty"", ""City"": ""dothan"", ""State"": ""al"", ""ZipCode"": ""36305"", ""CountyName"": ""houston"", ""PhoneNumber"": ""3347935000"", ""HospitalType"": ""acute care hospitals"", ""HospitalOwner"": ""proprietary"", ""EmergencyService"": ""yes"", ""Condition"": ""surgical infection prevention"", ""MeasureCode"": ""scip-inf-3"", ""MeasureName"": ""surgery patients whose preventive antibiotics were stopped at the right time (within 24 hours after surgery)"", ""Score"": ""99%"", ""Sample"": ""882 patients"", ""Stateavg"": ""al_scip-inf-3""}

",,"{""HospitalOwner"": ""proprietary""}","  {""HospitalOwner"": ""proprietary""}"
165,"You are an expert in Cleaning Hospital Dataset. Given the dirty row Entity 1, you are required to correct the values of EmergencyService in Entity 1.

Return in json format.

Output Format Example:

{""EmergencyService"": """"}

Entity 1:

{""ProviderNumber"": ""10055"", ""HospitalName"": ""flowers hospital"", ""Address1"": ""4370 west main street"", ""Address2"": ""empty"", ""Address3"": ""empty"", ""City"": ""dothan"", ""State"": ""al"", ""ZipCode"": ""3x305"", ""CountyName"": ""houston"", ""PhoneNumber"": ""3347935000"", ""HospitalType"": ""acute care hospitals"", ""HospitalOwner"": ""proxrietary"", ""EmergencyService"": ""yex"", ""Condition"": ""heart failure"", ""MeasureCode"": ""hf-3"", ""MeasureName"": ""heart failure patients given ace inhibitor or arb for left ventricular systolic dysfunction (lvsd)"", ""Score"": ""100%"", ""Sample"": ""94 patients"", ""Stateavg"": ""al_hf-3"", ""count"": 3}

Take these rows as reference:

{""ProviderNumber"": ""10055"", ""HospitalName"": ""flowers hospital"", ""Address1"": ""4370 west main street"", ""Address2"": ""empty"", ""Address3"": ""empty"", ""City"": ""dothan"", ""State"": ""al"", ""ZipCode"": ""36305"", ""CountyName"": ""houston"", ""PhoneNumber"": ""3347935000"", ""HospitalType"": ""acute care hospitals"", ""HospitalOwner"": ""proprietary"", ""EmergencyService"": ""yes"", ""Condition"": ""pneumonia"", ""MeasureCode"": ""pn-6"", ""MeasureName"": ""pneumonia patients given the most appropriate initial antibiotic(s)"", ""Score"": ""99%"", ""Sample"": ""112 patients"", ""Stateavg"": ""al_pn-6""}

{""ProviderNumber"": ""10038"", ""HospitalName"": ""stringfellow memorial hospital"", ""Address1"": ""301 east 18th st"", ""Address2"": ""empty"", ""Address3"": ""empty"", ""City"": ""anniston"", ""State"": ""al"", ""ZipCode"": ""36201"", ""CountyName"": ""calhoun"", ""PhoneNumber"": ""2562358900"", ""HospitalType"": ""acute care hospitals"", ""HospitalOwner"": ""proprietary"", ""EmergencyService"": ""yes"", ""Condition"": ""surgical infection prevention"", ""MeasureCode"": ""scip-card-2"", ""MeasureName"": ""surgery patients who were taking heart drugs called beta blockers before coming to the hospital who were kept on the beta blockers during the period just before and after their surgery"", ""Score"": ""83%"", ""Sample"": ""23 patients"", ""Stateavg"": ""al_scip-card-2""}

",,"{""EmergencyService"": ""yes""}","  {""EmergencyService"": ""yes""}"
166,"You are an expert in Cleaning Hospital Dataset. Given the dirty row Entity 1, you are required to correct the values of Address1 in Entity 1.

Return in json format.

Output Format Example:

{""Address1"": """"}

Entity 1:

{""ProviderNumber"": ""10055"", ""HospitalName"": ""flowers hospital"", ""Address1"": ""4370xwestxmainxstreet"", ""Address2"": ""empty"", ""Address3"": ""empty"", ""City"": ""dothan"", ""State"": ""al"", ""ZipCode"": ""36305"", ""CountyName"": ""houston"", ""PhoneNumber"": ""3347935000"", ""HospitalType"": ""acute care hospitals"", ""HospitalOwner"": ""proprietary"", ""EmergencyService"": ""yes"", ""Condition"": ""pneumonia"", ""MeasureCode"": ""pn-2"", ""MeasureName"": ""pneumonia patients assessed and given pneumococcal vaccination"", ""Score"": ""100%"", ""Sample"": ""166 patients"", ""Stateavg"": ""al_pnx2"", ""count"": 2}

Take these rows as reference:

{""ProviderNumber"": ""10055"", ""HospitalName"": ""flowers hospital"", ""Address1"": ""4370 west main street"", ""Address2"": ""empty"", ""Address3"": ""empty"", ""City"": ""dothan"", ""State"": ""al"", ""ZipCode"": ""36305"", ""CountyName"": ""houston"", ""PhoneNumber"": ""3347935000"", ""HospitalType"": ""acute care hospitals"", ""HospitalOwner"": ""proprietary"", ""EmergencyService"": ""yes"", ""Condition"": ""pneumonia"", ""MeasureCode"": ""pn-6"", ""MeasureName"": ""pneumonia patients given the most appropriate initial antibiotic(s)"", ""Score"": ""99%"", ""Sample"": ""112 patients"", ""Stateavg"": ""al_pn-6""}

{""ProviderNumber"": ""10055"", ""HospitalName"": ""flowers hospital"", ""Address1"": ""4370 west main street"", ""Address2"": ""empty"", ""Address3"": ""empty"", ""City"": ""dothan"", ""State"": ""al"", ""ZipCode"": ""3x305"", ""CountyName"": ""houston"", ""PhoneNumber"": ""3347935000"", ""HospitalType"": ""acute care hospitals"", ""HospitalOwner"": ""proxrietary"", ""EmergencyService"": ""yex"", ""Condition"": ""heart failure"", ""MeasureCode"": ""hf-3"", ""MeasureName"": ""heart failure patients given ace inhibitor or arb for left ventricular systolic dysfunction (lvsd)"", ""Score"": ""100%"", ""Sample"": ""94 patients"", ""Stateavg"": ""al_hf-3""}

",,"{""Address1"": ""4370 west main street""}","  {""Address1"": ""4370 west main street""}"
167,"You are an expert in Cleaning Hospital Dataset. Given the dirty row Entity 1, you are required to correct the values of Stateavg in Entity 1.

Return in json format.

Output Format Example:

{""Stateavg"": """"}

Entity 1:

{""ProviderNumber"": ""10055"", ""HospitalName"": ""flowers hospital"", ""Address1"": ""4370xwestxmainxstreet"", ""Address2"": ""empty"", ""Address3"": ""empty"", ""City"": ""dothan"", ""State"": ""al"", ""ZipCode"": ""36305"", ""CountyName"": ""houston"", ""PhoneNumber"": ""3347935000"", ""HospitalType"": ""acute care hospitals"", ""HospitalOwner"": ""proprietary"", ""EmergencyService"": ""yes"", ""Condition"": ""pneumonia"", ""MeasureCode"": ""pn-2"", ""MeasureName"": ""pneumonia patients assessed and given pneumococcal vaccination"", ""Score"": ""100%"", ""Sample"": ""166 patients"", ""Stateavg"": ""al_pnx2"", ""count"": 2}

Take these rows as reference:

{""ProviderNumber"": ""10055"", ""HospitalName"": ""flowers hospital"", ""Address1"": ""4370 west main street"", ""Address2"": ""empty"", ""Address3"": ""empty"", ""City"": ""dothan"", ""State"": ""al"", ""ZipCode"": ""36305"", ""CountyName"": ""houston"", ""PhoneNumber"": ""3347935000"", ""HospitalType"": ""acute care hospitals"", ""HospitalOwner"": ""proprietary"", ""EmergencyService"": ""yes"", ""Condition"": ""pneumonia"", ""MeasureCode"": ""pn-6"", ""MeasureName"": ""pneumonia patients given the most appropriate initial antibiotic(s)"", ""Score"": ""99%"", ""Sample"": ""112 patients"", ""Stateavg"": ""al_pn-6""}

{""ProviderNumber"": ""10055"", ""HospitalName"": ""flowers hospital"", ""Address1"": ""4370 west main street"", ""Address2"": ""empty"", ""Address3"": ""empty"", ""City"": ""dothan"", ""State"": ""al"", ""ZipCode"": ""36305"", ""CountyName"": ""houston"", ""PhoneNumber"": ""3347935000"", ""HospitalType"": ""acute care hospitals"", ""HospitalOwner"": ""proprietary"", ""EmergencyService"": ""yes"", ""Condition"": ""pneumonia"", ""MeasureCode"": ""pn-6"", ""MeasureName"": ""pneumonia patients given the most appropriate initial antibiotic(s)"", ""Score"": ""99%"", ""Sample"": ""112 patients"", ""Stateavg"": ""al_pn-6""}

",,"{""Stateavg"": ""al_pn-2""}","  {""Stateavg"": ""al_pn-2""}"
168,"You are an expert in Cleaning Hospital Dataset. Given the dirty row Entity 1, you are required to correct the values of Score in Entity 1.

Return in json format.

Output Format Example:

{""Score"": """"}

Entity 1:

{""ProviderNumber"": ""10055"", ""HospitalName"": ""flowers hospital"", ""Address1"": ""4370 west main street"", ""Address2"": ""empty"", ""Address3"": ""empty"", ""City"": ""dothan"", ""State"": ""al"", ""ZipCode"": ""36305"", ""CountyName"": ""houston"", ""PhoneNumber"": ""3347935000"", ""HospitalType"": ""acute care hospitals"", ""HospitalOwner"": ""proprietary"", ""EmergencyService"": ""yes"", ""Condition"": ""pneumonia"", ""MeasureCode"": ""pn-4"", ""MeasureName"": ""pneumonia patients given smoking cessation advice/counseling"", ""Score"": ""x00%"", ""Sample"": ""77 patients"", ""Stateavg"": ""al_pn-4"", ""count"": 1}

Take these rows as reference:

{""ProviderNumber"": ""10055"", ""HospitalName"": ""flowers hospital"", ""Address1"": ""4370 west main street"", ""Address2"": ""empty"", ""Address3"": ""empty"", ""City"": ""dothan"", ""State"": ""al"", ""ZipCode"": ""x6x05"", ""CountyName"": ""houston"", ""PhoneNumber"": ""3347935000"", ""HospitalType"": ""acute care hospitals"", ""HospitalOwner"": ""proprietary"", ""EmergencyService"": ""yes"", ""Condition"": ""surgical infection prevention"", ""MeasureCode"": ""scip-card-2"", ""MeasureName"": ""surgery patients who were taking heart drugs called beta blockers before coming to the hospital who were kept on the beta blockers during the period just before and after their surgery"", ""Score"": ""100%"", ""Sample"": ""147 patients"", ""Stateavg"": ""al_scip-card-2""}

{""ProviderNumber"": ""10055"", ""HospitalName"": ""flowers hospital"", ""Address1"": ""4370xwestxmainxstreet"", ""Address2"": ""empty"", ""Address3"": ""empty"", ""City"": ""dothan"", ""State"": ""al"", ""ZipCode"": ""36305"", ""CountyName"": ""houston"", ""PhoneNumber"": ""3347935000"", ""HospitalType"": ""acute care hospitals"", ""HospitalOwner"": ""proprietary"", ""EmergencyService"": ""yes"", ""Condition"": ""pneumonia"", ""MeasureCode"": ""pn-2"", ""MeasureName"": ""pneumonia patients assessed and given pneumococcal vaccination"", ""Score"": ""100%"", ""Sample"": ""166 patients"", ""Stateavg"": ""al_pnx2""}

",,"{""Score"": ""100%""}","  {""Score"": ""100%""}"
169,"You are an expert in Cleaning Hospital Dataset. Given the dirty row Entity 1, you are required to correct the values of HospitalName in Entity 1.

Return in json format.

Output Format Example:

{""HospitalName"": """"}

Entity 1:

{""ProviderNumber"": ""10055"", ""HospitalName"": ""floxers hospital"", ""Address1"": ""4370 west main street"", ""Address2"": ""empty"", ""Address3"": ""empty"", ""City"": ""dothan"", ""State"": ""al"", ""ZipCode"": ""36305"", ""CountyName"": ""houston"", ""PhoneNumber"": ""3347935000"", ""HospitalType"": ""acute care hospitals"", ""HospitalOwner"": ""proprietary"", ""EmergencyService"": ""yes"", ""Condition"": ""pneumonia"", ""MeasureCode"": ""pn-5c"", ""MeasureName"": ""pneumonia patients given initial antibiotic(s) within 6 hours after arrival"", ""Score"": ""99%"", ""Sample"": ""146 patients"", ""Stateavg"": ""al_pn-5c"", ""count"": 1}

Take these rows as reference:

{""ProviderNumber"": ""10055"", ""HospitalName"": ""floxers hospital"", ""Address1"": ""4370 west main street"", ""Address2"": ""empty"", ""Address3"": ""empty"", ""City"": ""dothan"", ""State"": ""al"", ""ZipCode"": ""36305"", ""CountyName"": ""houston"", ""PhoneNumber"": ""3347935000"", ""HospitalType"": ""acute care hospitals"", ""HospitalOwner"": ""proprietary"", ""EmergencyService"": ""yes"", ""Condition"": ""pneumonia"", ""MeasureCode"": ""pn-5c"", ""MeasureName"": ""pneumonia patients given initial antibiotic(s) within 6 hours after arrival"", ""Score"": ""99%"", ""Sample"": ""146 patients"", ""Stateavg"": ""al_pn-5c""}

{""ProviderNumber"": ""10055"", ""HospitalName"": ""flowers hospital"", ""Address1"": ""4370 west main street"", ""Address2"": ""empty"", ""Address3"": ""empty"", ""City"": ""dothan"", ""State"": ""al"", ""ZipCode"": ""36305"", ""CountyName"": ""houston"", ""PhoneNumber"": ""3347935000"", ""HospitalType"": ""acute care hospitals"", ""HospitalOwner"": ""proprietary"", ""EmergencyService"": ""yes"", ""Condition"": ""pneumonia"", ""MeasureCode"": ""pn-6"", ""MeasureName"": ""pneumonia patients given the most appropriate initial antibiotic(s)"", ""Score"": ""99%"", ""Sample"": ""112 patients"", ""Stateavg"": ""al_pn-6""}

",,"{""HospitalName"": ""flowers hospital""}","  {""HospitalName"": ""flowers hospital""}"
170,"You are an expert in Cleaning Hospital Dataset. Given the dirty row Entity 1, you are required to correct the values of ZipCode in Entity 1.

Return in json format.

Output Format Example:

{""ZipCode"": """"}

Entity 1:

{""ProviderNumber"": ""10055"", ""HospitalName"": ""flowers hospital"", ""Address1"": ""4370 west main street"", ""Address2"": ""empty"", ""Address3"": ""empty"", ""City"": ""dothan"", ""State"": ""al"", ""ZipCode"": ""x6x05"", ""CountyName"": ""houston"", ""PhoneNumber"": ""3347935000"", ""HospitalType"": ""acute care hospitals"", ""HospitalOwner"": ""proprietary"", ""EmergencyService"": ""yes"", ""Condition"": ""surgical infection prevention"", ""MeasureCode"": ""scip-card-2"", ""MeasureName"": ""surgery patients who were taking heart drugs called beta blockers before coming to the hospital who were kept on the beta blockers during the period just before and after their surgery"", ""Score"": ""100%"", ""Sample"": ""147 patients"", ""Stateavg"": ""al_scip-card-2"", ""count"": 1}

Take these rows as reference:

{""ProviderNumber"": ""10055"", ""HospitalName"": ""flowers hospital"", ""Address1"": ""4370 west main street"", ""Address2"": ""empty"", ""Address3"": ""empty"", ""City"": ""dothan"", ""State"": ""al"", ""ZipCode"": ""x6x05"", ""CountyName"": ""houston"", ""PhoneNumber"": ""3347935000"", ""HospitalType"": ""acute care hospitals"", ""HospitalOwner"": ""proprietary"", ""EmergencyService"": ""yes"", ""Condition"": ""surgical infection prevention"", ""MeasureCode"": ""scip-card-2"", ""MeasureName"": ""surgery patients who were taking heart drugs called beta blockers before coming to the hospital who were kept on the beta blockers during the period just before and after their surgery"", ""Score"": ""100%"", ""Sample"": ""147 patients"", ""Stateavg"": ""al_scip-card-2""}

{""ProviderNumber"": ""10038"", ""HospitalName"": ""stringfellow memorial hospital"", ""Address1"": ""301 east 18th st"", ""Address2"": ""empty"", ""Address3"": ""empty"", ""City"": ""anniston"", ""State"": ""al"", ""ZipCode"": ""36201"", ""CountyName"": ""calhoun"", ""PhoneNumber"": ""2562358900"", ""HospitalType"": ""acute care hospitals"", ""HospitalOwner"": ""proprietary"", ""EmergencyService"": ""yes"", ""Condition"": ""surgical infection prevention"", ""MeasureCode"": ""scip-card-2"", ""MeasureName"": ""surgery patients who were taking heart drugs called beta blockers before coming to the hospital who were kept on the beta blockers during the period just before and after their surgery"", ""Score"": ""83%"", ""Sample"": ""23 patients"", ""Stateavg"": ""al_scip-card-2""}

",,"{""ZipCode"": ""36305""}","  {""ZipCode"": ""36005""}"
171,"You are an expert in Cleaning Hospital Dataset. Given the dirty row Entity 1, you are required to correct the values of PhoneNumber in Entity 1.

Return in json format.

Output Format Example:

{""PhoneNumber"": """"}

Entity 1:

{""ProviderNumber"": ""10055"", ""HospitalName"": ""flowers hospital"", ""Address1"": ""4370 west main street"", ""Address2"": ""empty"", ""Address3"": ""empty"", ""City"": ""dothan"", ""State"": ""al"", ""ZipCode"": ""36305"", ""CountyName"": ""houston"", ""PhoneNumber"": ""xx479x5000"", ""HospitalType"": ""acute care hospitals"", ""HospitalOwner"": ""proprietary"", ""EmergencyService"": ""yes"", ""Condition"": ""surgical infection prevention"", ""MeasureCode"": ""scip-inf-2"", ""MeasureName"": ""surgery patients who were given the  right kind  of antibiotic to help prevent infection"", ""Score"": ""100%"", ""Sample"": ""957 patients"", ""Stateavg"": ""al_scip-inf-2"", ""count"": 1}

Take these rows as reference:

{""ProviderNumber"": ""10055"", ""HospitalName"": ""flowers hospital"", ""Address1"": ""4370 west main street"", ""Address2"": ""empty"", ""Address3"": ""empty"", ""City"": ""dothan"", ""State"": ""al"", ""ZipCode"": ""36305"", ""CountyName"": ""houston"", ""PhoneNumber"": ""3347935000"", ""HospitalType"": ""acute care hospitals"", ""HospitalOwner"": ""proprietary"", ""EmergencyService"": ""yes"", ""Condition"": ""surgical infection prevention"", ""MeasureCode"": ""scip-inf-4"", ""MeasureName"": ""all heart surgery patients whose blood sugar (blood glucose) is kept under good control in the days right after surgery"", ""Score"": ""98%"", ""Sample"": ""165 patients"", ""Stateavg"": ""al_scip-inf-4""}

{""ProviderNumber"": ""10055"", ""HospitalName"": ""flowers hospital"", ""Address1"": ""4370 west main street"", ""Address2"": ""empty"", ""Address3"": ""empty"", ""City"": ""dothan"", ""State"": ""al"", ""ZipCode"": ""36305"", ""CountyName"": ""houston"", ""PhoneNumber"": ""xx479x5000"", ""HospitalType"": ""acute care hospitals"", ""HospitalOwner"": ""proprietary"", ""EmergencyService"": ""yes"", ""Condition"": ""surgical infection prevention"", ""MeasureCode"": ""scip-inf-2"", ""MeasureName"": ""surgery patients who were given the  right kind  of antibiotic to help prevent infection"", ""Score"": ""100%"", ""Sample"": ""957 patients"", ""Stateavg"": ""al_scip-inf-2""}

",,"{""PhoneNumber"": ""3347935000""}","  {""PhoneNumber"": ""3347935000""}"
172,"You are an expert in Cleaning Hospital Dataset. Given the dirty row Entity 1, you are required to correct the values of CountyName in Entity 1.

Return in json format.

Output Format Example:

{""CountyName"": """"}

Entity 1:

{""ProviderNumber"": ""10055"", ""HospitalName"": ""flowers hospital"", ""Address1"": ""4370 west main street"", ""Address2"": ""empty"", ""Address3"": ""empty"", ""City"": ""dothan"", ""State"": ""al"", ""ZipCode"": ""36305"", ""CountyName"": ""housxon"", ""PhoneNumber"": ""3347935000"", ""HospitalType"": ""acute care hospitals"", ""HospitalOwner"": ""proprietary"", ""EmergencyService"": ""yes"", ""Condition"": ""surgical infection prevention"", ""MeasureCode"": ""scip-vte-1"", ""MeasureName"": ""surgery pxtients whose doctors ordered trextments to prevent blood clots xfter certxin types of surgeries"", ""Score"": ""100%"", ""Sample"": ""497 patients"", ""Stateavg"": ""al_scip-vte-1"", ""count"": 2}

Take these rows as reference:

{""ProviderNumber"": ""10055"", ""HospitalName"": ""flowers hospital"", ""Address1"": ""4370xwestxmainxstreet"", ""Address2"": ""empty"", ""Address3"": ""empty"", ""City"": ""dothan"", ""State"": ""al"", ""ZipCode"": ""36305"", ""CountyName"": ""houston"", ""PhoneNumber"": ""3347935000"", ""HospitalType"": ""acute care hospitals"", ""HospitalOwner"": ""proprietary"", ""EmergencyService"": ""yes"", ""Condition"": ""pneumonia"", ""MeasureCode"": ""pn-2"", ""MeasureName"": ""pneumonia patients assessed and given pneumococcal vaccination"", ""Score"": ""100%"", ""Sample"": ""166 patients"", ""Stateavg"": ""al_pnx2""}

{""ProviderNumber"": ""10055"", ""HospitalName"": ""flowers hospital"", ""Address1"": ""4370 west main street"", ""Address2"": ""empty"", ""Address3"": ""empty"", ""City"": ""dothan"", ""State"": ""al"", ""ZipCode"": ""36305"", ""CountyName"": ""houston"", ""PhoneNumber"": ""xx479x5000"", ""HospitalType"": ""acute care hospitals"", ""HospitalOwner"": ""proprietary"", ""EmergencyService"": ""yes"", ""Condition"": ""surgical infection prevention"", ""MeasureCode"": ""scip-inf-2"", ""MeasureName"": ""surgery patients who were given the  right kind  of antibiotic to help prevent infection"", ""Score"": ""100%"", ""Sample"": ""957 patients"", ""Stateavg"": ""al_scip-inf-2""}

",,"{""CountyName"": ""houston""}","  {""CountyName"": ""houston""}"
173,"You are an expert in Cleaning Hospital Dataset. Given the dirty row Entity 1, you are required to correct the values of MeasureName in Entity 1.

Return in json format.

Output Format Example:

{""MeasureName"": """"}

Entity 1:

{""ProviderNumber"": ""10055"", ""HospitalName"": ""flowers hospital"", ""Address1"": ""4370 west main street"", ""Address2"": ""empty"", ""Address3"": ""empty"", ""City"": ""dothan"", ""State"": ""al"", ""ZipCode"": ""36305"", ""CountyName"": ""housxon"", ""PhoneNumber"": ""3347935000"", ""HospitalType"": ""acute care hospitals"", ""HospitalOwner"": ""proprietary"", ""EmergencyService"": ""yes"", ""Condition"": ""surgical infection prevention"", ""MeasureCode"": ""scip-vte-1"", ""MeasureName"": ""surgery pxtients whose doctors ordered trextments to prevent blood clots xfter certxin types of surgeries"", ""Score"": ""100%"", ""Sample"": ""497 patients"", ""Stateavg"": ""al_scip-vte-1"", ""count"": 2}

Take these rows as reference:

{""ProviderNumber"": ""10055"", ""HospitalName"": ""flowers hospital"", ""Address1"": ""4370 west main street"", ""Address2"": ""empty"", ""Address3"": ""empty"", ""City"": ""dothan"", ""State"": ""al"", ""ZipCode"": ""36305"", ""CountyName"": ""houston"", ""PhoneNumber"": ""3347935000"", ""HospitalType"": ""acute care hospitals"", ""HospitalOwner"": ""proprietary"", ""EmergencyService"": ""yes"", ""Condition"": ""surgical infection prevention"", ""MeasureCode"": ""scip-inf-4"", ""MeasureName"": ""all heart surgery patients whose blood sugar (blood glucose) is kept under good control in the days right after surgery"", ""Score"": ""98%"", ""Sample"": ""165 patients"", ""Stateavg"": ""al_scip-inf-4""}

{""ProviderNumber"": ""10055"", ""HospitalName"": ""flowers hospital"", ""Address1"": ""4370 west main street"", ""Address2"": ""empty"", ""Address3"": ""empty"", ""City"": ""dothan"", ""State"": ""al"", ""ZipCode"": ""36305"", ""CountyName"": ""houston"", ""PhoneNumber"": ""3347935000"", ""HospitalType"": ""acute care hospitals"", ""HospitalOwner"": ""proprietary"", ""EmergencyService"": ""yes"", ""Condition"": ""surgical infection prevention"", ""MeasureCode"": ""scip-inf-4"", ""MeasureName"": ""all heart surgery patients whose blood sugar (blood glucose) is kept under good control in the days right after surgery"", ""Score"": ""98%"", ""Sample"": ""165 patients"", ""Stateavg"": ""al_scip-inf-4""}

",,"{""MeasureName"": ""surgery patients whose doctors ordered treatments to prevent blood clots after certain types of surgeries""}","  {""MeasureName"": ""surgery patients whose doctors ordered treatments to prevent blood clots after certain types of surgeries""}"
174,"You are an expert in Cleaning Hospital Dataset. Given the dirty row Entity 1, you are required to correct the values of Stateavg in Entity 1.

Return in json format.

Output Format Example:

{""Stateavg"": """"}

Entity 1:

{""ProviderNumber"": ""10055"", ""HospitalName"": ""flowers hospital"", ""Address1"": ""4370 west main street"", ""Address2"": ""empty"", ""Address3"": ""empty"", ""City"": ""dothan"", ""State"": ""al"", ""ZipCode"": ""36305"", ""CountyName"": ""houston"", ""PhoneNumber"": ""3347935000"", ""HospitalType"": ""acute care hospitals"", ""HospitalOwner"": ""proprietary"", ""EmergencyService"": ""yes"", ""Condition"": ""surgical infection prevention"", ""MeasureCode"": ""scip-vte-2"", ""MeasureName"": ""patients who got treatment  at the right time (within 24 hours before or after their surgery) to help prevent blood clots after certain types of surgery"", ""Score"": ""100%"", ""Sample"": ""497 patients"", ""Stateavg"": ""al_scipxvtex2"", ""count"": 1}

Take these rows as reference:

{""ProviderNumber"": ""10055"", ""HospitalName"": ""flowers hospital"", ""Address1"": ""4370 west main street"", ""Address2"": ""empty"", ""Address3"": ""empty"", ""City"": ""dothan"", ""State"": ""al"", ""ZipCode"": ""3x305"", ""CountyName"": ""houston"", ""PhoneNumber"": ""3347935000"", ""HospitalType"": ""acute care hospitals"", ""HospitalOwner"": ""proxrietary"", ""EmergencyService"": ""yex"", ""Condition"": ""heart failure"", ""MeasureCode"": ""hf-3"", ""MeasureName"": ""heart failure patients given ace inhibitor or arb for left ventricular systolic dysfunction (lvsd)"", ""Score"": ""100%"", ""Sample"": ""94 patients"", ""Stateavg"": ""al_hf-3""}

{""ProviderNumber"": ""10055"", ""HospitalName"": ""flowers hospital"", ""Address1"": ""4370xwestxmainxstreet"", ""Address2"": ""empty"", ""Address3"": ""empty"", ""City"": ""dothan"", ""State"": ""al"", ""ZipCode"": ""36305"", ""CountyName"": ""houston"", ""PhoneNumber"": ""3347935000"", ""HospitalType"": ""acute care hospitals"", ""HospitalOwner"": ""proprietary"", ""EmergencyService"": ""yes"", ""Condition"": ""pneumonia"", ""MeasureCode"": ""pn-2"", ""MeasureName"": ""pneumonia patients assessed and given pneumococcal vaccination"", ""Score"": ""100%"", ""Sample"": ""166 patients"", ""Stateavg"": ""al_pnx2""}

",,"{""Stateavg"": ""al_scip-vte-2""}","  {""Stateavg"": ""al_scip-vte-2""}"
175,"You are an expert in Cleaning Hospital Dataset. Given the dirty row Entity 1, you are required to correct the values of MeasureCode in Entity 1.

Return in json format.

Output Format Example:

{""MeasureCode"": """"}

Entity 1:

{""ProviderNumber"": ""10056"", ""HospitalName"": ""st vincents hospital"", ""Address1"": ""810 st vincents drive"", ""Address2"": ""empty"", ""Address3"": ""empty"", ""City"": ""birmingham"", ""State"": ""al"", ""ZipCode"": ""35205"", ""CountyName"": ""jefferson"", ""PhoneNumber"": ""2059397000"", ""HospitalType"": ""acute care hospitals"", ""HospitalOwner"": ""voluntary non-profit - other"", ""EmergencyService"": ""yes"", ""Condition"": ""heart attack"", ""MeasureCode"": ""amix2"", ""MeasureName"": ""heart attack patients given aspirin at discharge"", ""Score"": ""98%"", ""Sample"": ""260 patients"", ""Stateavg"": ""al_ami-2"", ""count"": 1}

Take these rows as reference:

{""ProviderNumber"": ""10056"", ""HospitalName"": ""st vincents hospital"", ""Address1"": ""810 st vxncents drxve"", ""Address2"": ""empty"", ""Address3"": ""empty"", ""City"": ""birmingham"", ""State"": ""al"", ""ZipCode"": ""35205"", ""CountyName"": ""jefferson"", ""PhoneNumber"": ""2059397000"", ""HospitalType"": ""acute care hospitals"", ""HospitalOwner"": ""voluntary non-profit - other"", ""EmergencyService"": ""yxs"", ""Condition"": ""heart attack"", ""MeasureCode"": ""ami-3"", ""MeasureName"": ""heart attack patients given ace inhibitor or arb for left ventricular systolic dysfunction (lvsd)"", ""Score"": ""85%"", ""Sample"": ""41 patients"", ""Stateavg"": ""al_ami-3""}

{""ProviderNumber"": ""10055"", ""HospitalName"": ""flowers hospital"", ""Address1"": ""4370 west main street"", ""Address2"": ""empty"", ""Address3"": ""empty"", ""City"": ""dothan"", ""State"": ""al"", ""ZipCode"": ""36305"", ""CountyName"": ""houston"", ""PhoneNumber"": ""3347935000"", ""HospitalType"": ""acute care hospitals"", ""HospitalOwner"": ""proprietary"", ""EmergencyService"": ""yes"", ""Condition"": ""surgical infection prevention"", ""MeasureCode"": ""scip-vte-2"", ""MeasureName"": ""patients who got treatment  at the right time (within 24 hours before or after their surgery) to help prevent blood clots after certain types of surgery"", ""Score"": ""100%"", ""Sample"": ""497 patients"", ""Stateavg"": ""al_scipxvtex2""}

",,"{""MeasureCode"": ""ami-2""}","  {""MeasureCode"": ""ami-2""}"
176,"You are an expert in Cleaning Hospital Dataset. Given the dirty row Entity 1, you are required to correct the values of Address1 in Entity 1.

Return in json format.

Output Format Example:

{""Address1"": """"}

Entity 1:

{""ProviderNumber"": ""10056"", ""HospitalName"": ""st vincents hospital"", ""Address1"": ""810 st vxncents drxve"", ""Address2"": ""empty"", ""Address3"": ""empty"", ""City"": ""birmingham"", ""State"": ""al"", ""ZipCode"": ""35205"", ""CountyName"": ""jefferson"", ""PhoneNumber"": ""2059397000"", ""HospitalType"": ""acute care hospitals"", ""HospitalOwner"": ""voluntary non-profit - other"", ""EmergencyService"": ""yxs"", ""Condition"": ""heart attack"", ""MeasureCode"": ""ami-3"", ""MeasureName"": ""heart attack patients given ace inhibitor or arb for left ventricular systolic dysfunction (lvsd)"", ""Score"": ""85%"", ""Sample"": ""41 patients"", ""Stateavg"": ""al_ami-3"", ""count"": 2}

Take these rows as reference:

{""ProviderNumber"": ""10056"", ""HospitalName"": ""st vincents hospital"", ""Address1"": ""810 st vxncents drxve"", ""Address2"": ""empty"", ""Address3"": ""empty"", ""City"": ""birmingham"", ""State"": ""al"", ""ZipCode"": ""35205"", ""CountyName"": ""jefferson"", ""PhoneNumber"": ""2059397000"", ""HospitalType"": ""acute care hospitals"", ""HospitalOwner"": ""voluntary non-profit - other"", ""EmergencyService"": ""yxs"", ""Condition"": ""heart attack"", ""MeasureCode"": ""ami-3"", ""MeasureName"": ""heart attack patients given ace inhibitor or arb for left ventricular systolic dysfunction (lvsd)"", ""Score"": ""85%"", ""Sample"": ""41 patients"", ""Stateavg"": ""al_ami-3""}

{""ProviderNumber"": ""10056"", ""HospitalName"": ""st vincents hospital"", ""Address1"": ""810 st vincents drive"", ""Address2"": ""empty"", ""Address3"": ""empty"", ""City"": ""birmingham"", ""State"": ""al"", ""ZipCode"": ""35205"", ""CountyName"": ""jefferson"", ""PhoneNumber"": ""2059397000"", ""HospitalType"": ""acute care hospitals"", ""HospitalOwner"": ""voluntary non-profit - other"", ""EmergencyService"": ""yes"", ""Condition"": ""heart attack"", ""MeasureCode"": ""ami-4"", ""MeasureName"": ""heart attack patients given smoking cessation advice/counseling"", ""Score"": ""100%"", ""Sample"": ""63 patients"", ""Stateavg"": ""al_ami-4""}

",,"{""Address1"": ""810 st vincents drive""}","  {""Address1"": ""810 st vincents drive""}"
177,"You are an expert in Cleaning Hospital Dataset. Given the dirty row Entity 1, you are required to correct the values of EmergencyService in Entity 1.

Return in json format.

Output Format Example:

{""EmergencyService"": """"}

Entity 1:

{""ProviderNumber"": ""10056"", ""HospitalName"": ""st vincents hospital"", ""Address1"": ""810 st vxncents drxve"", ""Address2"": ""empty"", ""Address3"": ""empty"", ""City"": ""birmingham"", ""State"": ""al"", ""ZipCode"": ""35205"", ""CountyName"": ""jefferson"", ""PhoneNumber"": ""2059397000"", ""HospitalType"": ""acute care hospitals"", ""HospitalOwner"": ""voluntary non-profit - other"", ""EmergencyService"": ""yxs"", ""Condition"": ""heart attack"", ""MeasureCode"": ""ami-3"", ""MeasureName"": ""heart attack patients given ace inhibitor or arb for left ventricular systolic dysfunction (lvsd)"", ""Score"": ""85%"", ""Sample"": ""41 patients"", ""Stateavg"": ""al_ami-3"", ""count"": 2}

Take these rows as reference:

{""ProviderNumber"": ""10056"", ""HospitalName"": ""st vincents hospital"", ""Address1"": ""810 st vincents drive"", ""Address2"": ""empty"", ""Address3"": ""empty"", ""City"": ""birmingham"", ""State"": ""al"", ""ZipCode"": ""35205"", ""CountyName"": ""jefferson"", ""PhoneNumber"": ""2059397000"", ""HospitalType"": ""acute care hospitals"", ""HospitalOwner"": ""voluntary non-profit - other"", ""EmergencyService"": ""yes"", ""Condition"": ""heart attack"", ""MeasureCode"": ""ami-4"", ""MeasureName"": ""heart attack patients given smoking cessation advice/counseling"", ""Score"": ""100%"", ""Sample"": ""63 patients"", ""Stateavg"": ""al_ami-4""}

{""ProviderNumber"": ""10055"", ""HospitalName"": ""flowers hospital"", ""Address1"": ""4370 west main street"", ""Address2"": ""empty"", ""Address3"": ""empty"", ""City"": ""dothan"", ""State"": ""al"", ""ZipCode"": ""36305"", ""CountyName"": ""houston"", ""PhoneNumber"": ""3347935000"", ""HospitalType"": ""acute care hospitals"", ""HospitalOwner"": ""proprietary"", ""EmergencyService"": ""yes"", ""Condition"": ""surgical infection prevention"", ""MeasureCode"": ""scip-vte-2"", ""MeasureName"": ""patients who got treatment  at the right time (within 24 hours before or after their surgery) to help prevent blood clots after certain types of surgery"", ""Score"": ""100%"", ""Sample"": ""497 patients"", ""Stateavg"": ""al_scipxvtex2""}

",,"{""EmergencyService"": ""yes""}","  {""EmergencyService"": ""yes""}"
178,"You are an expert in Cleaning Hospital Dataset. Given the dirty row Entity 1, you are required to correct the values of Sample in Entity 1.

Return in json format.

Output Format Example:

{""Sample"": """"}

Entity 1:

{""ProviderNumber"": ""10086"", ""HospitalName"": ""northwest medical center"", ""Address1"": ""1530 u s highway 43"", ""Address2"": ""empty"", ""Address3"": ""empty"", ""City"": ""winfield"", ""State"": ""al"", ""ZipCode"": ""35594"", ""CountyName"": ""marion"", ""PhoneNumber"": ""2054877736"", ""HospitalType"": ""acute care hospitals"", ""HospitalOwner"": ""proprietary"", ""EmergencyService"": ""yes"", ""Condition"": ""heart attack"", ""MeasureCode"": ""ami-1"", ""MeasureName"": ""heart attack patients given aspirin at arrival"", ""Score"": ""100%"", ""Sample"": ""1x patients"", ""Stateavg"": ""al_ami-1"", ""count"": 1}

Take these rows as reference:

{""ProviderNumber"": ""10086"", ""HospitalName"": ""northwest medical center"", ""Address1"": ""1530 u s highway 43"", ""Address2"": ""empty"", ""Address3"": ""empty"", ""City"": ""winfield"", ""State"": ""al"", ""ZipCode"": ""35594"", ""CountyName"": ""marion"", ""PhoneNumber"": ""2054877736"", ""HospitalType"": ""acute care hospitals"", ""HospitalOwner"": ""proprietary"", ""EmergencyService"": ""yes"", ""Condition"": ""surgical infection prevention"", ""MeasureCode"": ""scip-card-2"", ""MeasureName"": ""surgery patients who were taking heart drugs called beta blockers before coming to the hospital who were kept on the beta blockers during the period just before and after their surgery"", ""Score"": ""89%"", ""Sample"": ""19 patients"", ""Stateavg"": ""al_scip-card-2""}

{""ProviderNumber"": ""10086"", ""HospitalName"": ""northwest medical center"", ""Address1"": ""1530 u s highway 43"", ""Address2"": ""empty"", ""Address3"": ""empty"", ""City"": ""winfield"", ""State"": ""al"", ""ZipCode"": ""35594"", ""CountyName"": ""marion"", ""PhoneNumber"": ""2054877736"", ""HospitalType"": ""acute care hospitals"", ""HospitalOwner"": ""proprietary"", ""EmergencyService"": ""yes"", ""Condition"": ""heart attack"", ""MeasureCode"": ""ami-4"", ""MeasureName"": ""heart attack patients given smoking cessation advice/counseling"", ""Score"": ""100%"", ""Sample"": ""1 patients"", ""Stateavg"": ""al_ami-4""}

",,"{""Sample"": ""10 patients""}","  {""Sample"": ""1 patients""}"
179,"You are an expert in Cleaning Hospital Dataset. Given the dirty row Entity 1, you are required to correct the values of State in Entity 1.

Return in json format.

Output Format Example:

{""State"": """"}

Entity 1:

{""ProviderNumber"": ""10086"", ""HospitalName"": ""northwest medical center"", ""Address1"": ""1530 u s highway 43"", ""Address2"": ""empty"", ""Address3"": ""empty"", ""City"": ""winfield"", ""State"": ""ax"", ""ZipCode"": ""35594"", ""CountyName"": ""marion"", ""PhoneNumber"": ""2054877736"", ""HospitalType"": ""acute care hospitals"", ""HospitalOwner"": ""prxprietary"", ""EmergencyService"": ""yes"", ""Condition"": ""heart attack"", ""MeasureCode"": ""ami-3"", ""MeasureName"": ""heart attack patients given ace inhibitor or arb for left ventricular systolic dysfunction (lvsd)"", ""Score"": ""100%"", ""Sample"": ""2 patients"", ""Stateavg"": ""al_ami-3"", ""count"": 2}

Take these rows as reference:

{""ProviderNumber"": ""100x6"", ""HospitalName"": ""northwest medical center"", ""Address1"": ""1530 u s highway 43"", ""Address2"": ""empty"", ""Address3"": ""empty"", ""City"": ""winfield"", ""State"": ""al"", ""ZipCode"": ""35594"", ""CountyName"": ""marion"", ""PhoneNumber"": ""2054877736"", ""HospitalType"": ""acute care hospitals"", ""HospitalOwner"": ""proprietary"", ""EmergencyService"": ""yes"", ""Condition"": ""heart attack"", ""MeasureCode"": ""ami-8a"", ""MeasureName"": ""heart attack patients given pci within 90 minutes of arrival"", ""Score"": ""empty"", ""Sample"": ""0 patients"", ""Stateavg"": ""al_ami-8a""}

{""ProviderNumber"": ""100x6"", ""HospitalName"": ""northwest medical center"", ""Address1"": ""1530 u s highway 43"", ""Address2"": ""empty"", ""Address3"": ""empty"", ""City"": ""winfield"", ""State"": ""al"", ""ZipCode"": ""35594"", ""CountyName"": ""marion"", ""PhoneNumber"": ""2054877736"", ""HospitalType"": ""acute care hospitals"", ""HospitalOwner"": ""proprietary"", ""EmergencyService"": ""yes"", ""Condition"": ""heart attack"", ""MeasureCode"": ""ami-8a"", ""MeasureName"": ""heart attack patients given pci within 90 minutes of arrival"", ""Score"": ""empty"", ""Sample"": ""0 patients"", ""Stateavg"": ""al_ami-8a""}

",,"{""State"": ""al""}","  {""State"": ""al""}"
180,"You are an expert in Cleaning Hospital Dataset. Given the dirty row Entity 1, you are required to correct the values of HospitalOwner in Entity 1.

Return in json format.

Output Format Example:

{""HospitalOwner"": """"}

Entity 1:

{""ProviderNumber"": ""10086"", ""HospitalName"": ""northwest medical center"", ""Address1"": ""1530 u s highway 43"", ""Address2"": ""empty"", ""Address3"": ""empty"", ""City"": ""winfield"", ""State"": ""ax"", ""ZipCode"": ""35594"", ""CountyName"": ""marion"", ""PhoneNumber"": ""2054877736"", ""HospitalType"": ""acute care hospitals"", ""HospitalOwner"": ""prxprietary"", ""EmergencyService"": ""yes"", ""Condition"": ""heart attack"", ""MeasureCode"": ""ami-3"", ""MeasureName"": ""heart attack patients given ace inhibitor or arb for left ventricular systolic dysfunction (lvsd)"", ""Score"": ""100%"", ""Sample"": ""2 patients"", ""Stateavg"": ""al_ami-3"", ""count"": 2}

Take these rows as reference:

{""ProviderNumber"": ""100x6"", ""HospitalName"": ""northwest medical center"", ""Address1"": ""1530 u s highway 43"", ""Address2"": ""empty"", ""Address3"": ""empty"", ""City"": ""winfield"", ""State"": ""al"", ""ZipCode"": ""35594"", ""CountyName"": ""marion"", ""PhoneNumber"": ""2054877736"", ""HospitalType"": ""acute care hospitals"", ""HospitalOwner"": ""proprietary"", ""EmergencyService"": ""yes"", ""Condition"": ""heart attack"", ""MeasureCode"": ""ami-8a"", ""MeasureName"": ""heart attack patients given pci within 90 minutes of arrival"", ""Score"": ""empty"", ""Sample"": ""0 patients"", ""Stateavg"": ""al_ami-8a""}

{""ProviderNumber"": ""10086"", ""HospitalName"": ""northwest medical center"", ""Address1"": ""1530 u s highway 43"", ""Address2"": ""empty"", ""Address3"": ""empty"", ""City"": ""winfield"", ""State"": ""al"", ""ZipCode"": ""3xx94"", ""CountyName"": ""marion"", ""PhoneNumber"": ""2054877736"", ""HospitalType"": ""acute care hospitals"", ""HospitalOwner"": ""proprietary"", ""EmergencyService"": ""yes"", ""Condition"": ""surgical infection prevention"", ""MeasureCode"": ""scip-inf-4"", ""MeasureName"": ""all heart surgery patients whose blood sugar (blood glucose) is kept under good control in the days right after surgery"", ""Score"": ""empty"", ""Sample"": ""0 patients"", ""Stateavg"": ""al_scip-inf-4""}

",,"{""HospitalOwner"": ""proprietary""}","  {""HospitalOwner"": ""proprietary""}"
181,"You are an expert in Cleaning Hospital Dataset. Given the dirty row Entity 1, you are required to correct the values of ProviderNumber in Entity 1.

Return in json format.

Output Format Example:

{""ProviderNumber"": """"}

Entity 1:

{""ProviderNumber"": ""100x6"", ""HospitalName"": ""northwest medical center"", ""Address1"": ""1530 u s highway 43"", ""Address2"": ""empty"", ""Address3"": ""empty"", ""City"": ""winfield"", ""State"": ""al"", ""ZipCode"": ""35594"", ""CountyName"": ""marion"", ""PhoneNumber"": ""2054877736"", ""HospitalType"": ""acute care hospitals"", ""HospitalOwner"": ""proprietary"", ""EmergencyService"": ""yes"", ""Condition"": ""heart attack"", ""MeasureCode"": ""ami-8a"", ""MeasureName"": ""heart attack patients given pci within 90 minutes of arrival"", ""Score"": ""empty"", ""Sample"": ""0 patients"", ""Stateavg"": ""al_ami-8a"", ""count"": 1}

Take these rows as reference:

{""ProviderNumber"": ""10086"", ""HospitalName"": ""northwest medical center"", ""Address1"": ""1530 u s highway 43"", ""Address2"": ""empty"", ""Address3"": ""empty"", ""City"": ""winfield"", ""State"": ""al"", ""ZipCode"": ""35594"", ""CountyName"": ""marion"", ""PhoneNumber"": ""2054877736"", ""HospitalType"": ""acute care hospitals"", ""HospitalOwner"": ""proprietary"", ""EmergencyService"": ""yes"", ""Condition"": ""surgical infection prevention"", ""MeasureCode"": ""scip-inf-6"", ""MeasureName"": ""surgery patients needing hair removed from the surgical area before surgery who had hair removed using a safer method (electric clippers or hair removal cream c not a razor)"", ""Score"": ""100%"", ""Sample"": ""146 patients"", ""Stateavg"": ""al_scip-inf-6""}

{""ProviderNumber"": ""10086"", ""HospitalName"": ""northwest medical center"", ""Address1"": ""1530 u s highway 43"", ""Address2"": ""empty"", ""Address3"": ""empty"", ""City"": ""winfield"", ""State"": ""al"", ""ZipCode"": ""3xx94"", ""CountyName"": ""marion"", ""PhoneNumber"": ""2054877736"", ""HospitalType"": ""acute care hospitals"", ""HospitalOwner"": ""proprietary"", ""EmergencyService"": ""yes"", ""Condition"": ""surgical infection prevention"", ""MeasureCode"": ""scip-inf-4"", ""MeasureName"": ""all heart surgery patients whose blood sugar (blood glucose) is kept under good control in the days right after surgery"", ""Score"": ""empty"", ""Sample"": ""0 patients"", ""Stateavg"": ""al_scip-inf-4""}

",,"{""ProviderNumber"": ""10086""}","  {""ProviderNumber"": ""10086""}"
182,"You are an expert in Cleaning Hospital Dataset. Given the dirty row Entity 1, you are required to correct the values of Address1 in Entity 1.

Return in json format.

Output Format Example:

{""Address1"": """"}

Entity 1:

{""ProviderNumber"": ""10086"", ""HospitalName"": ""northwest medical center"", ""Address1"": ""1530xuxsxhighwayx43"", ""Address2"": ""empty"", ""Address3"": ""empty"", ""City"": ""winfield"", ""State"": ""al"", ""ZipCode"": ""35594"", ""CountyName"": ""marion"", ""PhoneNumber"": ""2054877736"", ""HospitalType"": ""acute care hospitals"", ""HospitalOwner"": ""proprietary"", ""EmergencyService"": ""yes"", ""Condition"": ""heart failure"", ""MeasureCode"": ""hf-3"", ""MeasureName"": ""heart failure patients given ace inhibitor or arb for left ventricular systolic dysfunction (lvsd)"", ""Score"": ""85%"", ""Sample"": ""13 patients"", ""Stateavg"": ""al_hf-3"", ""count"": 1}

Take these rows as reference:

{""ProviderNumber"": ""10086"", ""HospitalName"": ""northwest medical center"", ""Address1"": ""1530 u s highway 43"", ""Address2"": ""empty"", ""Address3"": ""empty"", ""City"": ""winfield"", ""State"": ""al"", ""ZipCode"": ""35594"", ""CountyName"": ""marion"", ""PhoneNumber"": ""2054877736"", ""HospitalType"": ""acute care hospitals"", ""HospitalOwner"": ""proprietary"", ""EmergencyService"": ""yes"", ""Condition"": ""heart attack"", ""MeasureCode"": ""ami-5"", ""MeasureName"": ""heart attack patients given beta blocker at discharge"", ""Score"": ""100%"", ""Sample"": ""8 patients"", ""Stateavg"": ""al_ami-5""}

{""ProviderNumber"": ""10086"", ""HospitalName"": ""northwest medical center"", ""Address1"": ""1530xuxsxhighwayx43"", ""Address2"": ""empty"", ""Address3"": ""empty"", ""City"": ""winfield"", ""State"": ""al"", ""ZipCode"": ""35594"", ""CountyName"": ""marion"", ""PhoneNumber"": ""2054877736"", ""HospitalType"": ""acute care hospitals"", ""HospitalOwner"": ""proprietary"", ""EmergencyService"": ""yes"", ""Condition"": ""heart failure"", ""MeasureCode"": ""hf-3"", ""MeasureName"": ""heart failure patients given ace inhibitor or arb for left ventricular systolic dysfunction (lvsd)"", ""Score"": ""85%"", ""Sample"": ""13 patients"", ""Stateavg"": ""al_hf-3""}

",,"{""Address1"": ""1530 u s highway 43""}","  {""Address1"": ""1530 u s highway 43""}"
183,"You are an expert in Cleaning Hospital Dataset. Given the dirty row Entity 1, you are required to correct the values of ZipCode in Entity 1.

Return in json format.

Output Format Example:

{""ZipCode"": """"}

Entity 1:

{""ProviderNumber"": ""10086"", ""HospitalName"": ""northwest medical center"", ""Address1"": ""1530 u s highway 43"", ""Address2"": ""empty"", ""Address3"": ""empty"", ""City"": ""winfield"", ""State"": ""al"", ""ZipCode"": ""3xx94"", ""CountyName"": ""marion"", ""PhoneNumber"": ""2054877736"", ""HospitalType"": ""acute care hospitals"", ""HospitalOwner"": ""proprietary"", ""EmergencyService"": ""yes"", ""Condition"": ""pnxumonia"", ""MeasureCode"": ""pn-3b"", ""MeasureName"": ""pneumonia patients whose initial emergency room blood culture was performed prior to the administration of the first hospital dose of antibiotics"", ""Score"": ""98%"", ""Sample"": ""59 patients"", ""Stateavg"": ""al_pn-3b"", ""count"": 2}

Take these rows as reference:

{""ProviderNumber"": ""10086"", ""HospitalName"": ""northwest medical center"", ""Address1"": ""1530 u s highway 43"", ""Address2"": ""empty"", ""Address3"": ""empty"", ""City"": ""winfield"", ""State"": ""ax"", ""ZipCode"": ""35594"", ""CountyName"": ""marion"", ""PhoneNumber"": ""2054877736"", ""HospitalType"": ""acute care hospitals"", ""HospitalOwner"": ""prxprietary"", ""EmergencyService"": ""yes"", ""Condition"": ""heart attack"", ""MeasureCode"": ""ami-3"", ""MeasureName"": ""heart attack patients given ace inhibitor or arb for left ventricular systolic dysfunction (lvsd)"", ""Score"": ""100%"", ""Sample"": ""2 patients"", ""Stateavg"": ""al_ami-3""}

{""ProviderNumber"": ""10086"", ""HospitalName"": ""northwest medical center"", ""Address1"": ""1530 u s highway 43"", ""Address2"": ""empty"", ""Address3"": ""empty"", ""City"": ""winfield"", ""State"": ""al"", ""ZipCode"": ""35594"", ""CountyName"": ""marion"", ""PhoneNumber"": ""2054877736"", ""HospitalType"": ""acute care hospitals"", ""HospitalOwner"": ""proprietary"", ""EmergencyService"": ""yes"", ""Condition"": ""heart attack"", ""MeasureCode"": ""ami-4"", ""MeasureName"": ""heart attack patients given smoking cessation advice/counseling"", ""Score"": ""100%"", ""Sample"": ""1 patients"", ""Stateavg"": ""al_ami-4""}

",,"{""ZipCode"": ""35594""}","  {""ZipCode"": ""35594""}"
184,"You are an expert in Cleaning Hospital Dataset. Given the dirty row Entity 1, you are required to correct the values of Condition in Entity 1.

Return in json format.

Output Format Example:

{""Condition"": """"}

Entity 1:

{""ProviderNumber"": ""10086"", ""HospitalName"": ""northwest medical center"", ""Address1"": ""1530 u s highway 43"", ""Address2"": ""empty"", ""Address3"": ""empty"", ""City"": ""winfield"", ""State"": ""al"", ""ZipCode"": ""3xx94"", ""CountyName"": ""marion"", ""PhoneNumber"": ""2054877736"", ""HospitalType"": ""acute care hospitals"", ""HospitalOwner"": ""proprietary"", ""EmergencyService"": ""yes"", ""Condition"": ""pnxumonia"", ""MeasureCode"": ""pn-3b"", ""MeasureName"": ""pneumonia patients whose initial emergency room blood culture was performed prior to the administration of the first hospital dose of antibiotics"", ""Score"": ""98%"", ""Sample"": ""59 patients"", ""Stateavg"": ""al_pn-3b"", ""count"": 2}

Take these rows as reference:

{""ProviderNumber"": ""10086"", ""HospitalName"": ""northwest medical center"", ""Address1"": ""1530 u s highway 43"", ""Address2"": ""empty"", ""Address3"": ""empty"", ""City"": ""winfield"", ""State"": ""ax"", ""ZipCode"": ""35594"", ""CountyName"": ""marion"", ""PhoneNumber"": ""2054877736"", ""HospitalType"": ""acute care hospitals"", ""HospitalOwner"": ""prxprietary"", ""EmergencyService"": ""yes"", ""Condition"": ""heart attack"", ""MeasureCode"": ""ami-3"", ""MeasureName"": ""heart attack patients given ace inhibitor or arb for left ventricular systolic dysfunction (lvsd)"", ""Score"": ""100%"", ""Sample"": ""2 patients"", ""Stateavg"": ""al_ami-3""}

{""ProviderNumber"": ""10086"", ""HospitalName"": ""northwest medical center"", ""Address1"": ""1530 u s highway 43"", ""Address2"": ""empty"", ""Address3"": ""empty"", ""City"": ""winfield"", ""State"": ""al"", ""ZipCode"": ""35594"", ""CountyName"": ""marion"", ""PhoneNumber"": ""2054877736"", ""HospitalType"": ""acute care hospitals"", ""HospitalOwner"": ""proprietary"", ""EmergencyService"": ""yes"", ""Condition"": ""heart attack"", ""MeasureCode"": ""ami-5"", ""MeasureName"": ""heart attack patients given beta blocker at discharge"", ""Score"": ""100%"", ""Sample"": ""8 patients"", ""Stateavg"": ""al_ami-5""}

",,"{""Condition"": ""pneumonia""}","  {""Condition"": ""pneumonia""}"
185,"You are an expert in Cleaning Hospital Dataset. Given the dirty row Entity 1, you are required to correct the values of City in Entity 1.

Return in json format.

Output Format Example:

{""City"": """"}

Entity 1:

{""ProviderNumber"": ""10086"", ""HospitalName"": ""northwest medical center"", ""Address1"": ""1530 u s highway 43"", ""Address2"": ""empty"", ""Address3"": ""empty"", ""City"": ""winfielx"", ""State"": ""al"", ""ZipCode"": ""35594"", ""CountyName"": ""marion"", ""PhoneNumber"": ""2054877736"", ""HospitalType"": ""acute care hospitals"", ""HospitalOwner"": ""proprietary"", ""EmergencyService"": ""yes"", ""Condition"": ""pneumonia"", ""MeasureCode"": ""pn-4"", ""MeasureName"": ""pneumonia patients given smoking cessation advice/counseling"", ""Score"": ""98%"", ""Sample"": ""40 patients"", ""Stateavg"": ""al_pn-4"", ""count"": 1}

Take these rows as reference:

{""ProviderNumber"": ""10086"", ""HospitalName"": ""northwest medical center"", ""Address1"": ""1530 u s highway 43"", ""Address2"": ""empty"", ""Address3"": ""empty"", ""City"": ""winfielx"", ""State"": ""al"", ""ZipCode"": ""35594"", ""CountyName"": ""marion"", ""PhoneNumber"": ""2054877736"", ""HospitalType"": ""acute care hospitals"", ""HospitalOwner"": ""proprietary"", ""EmergencyService"": ""yes"", ""Condition"": ""pneumonia"", ""MeasureCode"": ""pn-4"", ""MeasureName"": ""pneumonia patients given smoking cessation advice/counseling"", ""Score"": ""98%"", ""Sample"": ""40 patients"", ""Stateavg"": ""al_pn-4""}

{""ProviderNumber"": ""10086"", ""HospitalName"": ""northwest medical center"", ""Address1"": ""1530 u s highway 43"", ""Address2"": ""empty"", ""Address3"": ""empty"", ""City"": ""winfield"", ""State"": ""al"", ""ZipCode"": ""3xx94"", ""CountyName"": ""marion"", ""PhoneNumber"": ""2054877736"", ""HospitalType"": ""acute care hospitals"", ""HospitalOwner"": ""proprietary"", ""EmergencyService"": ""yes"", ""Condition"": ""surgical infection prevention"", ""MeasureCode"": ""scip-inf-4"", ""MeasureName"": ""all heart surgery patients whose blood sugar (blood glucose) is kept under good control in the days right after surgery"", ""Score"": ""empty"", ""Sample"": ""0 patients"", ""Stateavg"": ""al_scip-inf-4""}

",,"{""City"": ""winfield""}","  {""City"": ""winfield""}"
186,"You are an expert in Cleaning Hospital Dataset. Given the dirty row Entity 1, you are required to correct the values of Condition in Entity 1.

Return in json format.

Output Format Example:

{""Condition"": """"}

Entity 1:

{""ProviderNumber"": ""10086"", ""HospitalName"": ""northwest medical center"", ""Address1"": ""1530 u s highway 43"", ""Address2"": ""empty"", ""Address3"": ""empty"", ""City"": ""winfield"", ""State"": ""al"", ""ZipCode"": ""35594"", ""CountyName"": ""marion"", ""PhoneNumber"": ""2054877736"", ""HospitalType"": ""acute care hospitals"", ""HospitalOwner"": ""proprietary"", ""EmergencyService"": ""yes"", ""Condition"": ""pnexmonia"", ""MeasureCode"": ""pn-6"", ""MeasureName"": ""pneumonia patients given the most appropriate initial antibiotic(s)"", ""Score"": ""100%"", ""Sample"": ""62 patients"", ""Stateavg"": ""al_pn-6"", ""count"": 1}

Take these rows as reference:

{""ProviderNumber"": ""10086"", ""HospitalName"": ""northwest medical center"", ""Address1"": ""1530 u s highway 43"", ""Address2"": ""empty"", ""Address3"": ""empty"", ""City"": ""winfield"", ""State"": ""al"", ""ZipCode"": ""35594"", ""CountyName"": ""marion"", ""PhoneNumber"": ""2054877736"", ""HospitalType"": ""acute care hospitals"", ""HospitalOwner"": ""proprietary"", ""EmergencyService"": ""yes"", ""Condition"": ""heart attack"", ""MeasureCode"": ""ami-5"", ""MeasureName"": ""heart attack patients given beta blocker at discharge"", ""Score"": ""100%"", ""Sample"": ""8 patients"", ""Stateavg"": ""al_ami-5""}

{""ProviderNumber"": ""10086"", ""HospitalName"": ""northwest medical center"", ""Address1"": ""1530 u s highway 43"", ""Address2"": ""empty"", ""Address3"": ""empty"", ""City"": ""winfield"", ""State"": ""ax"", ""ZipCode"": ""35594"", ""CountyName"": ""marion"", ""PhoneNumber"": ""2054877736"", ""HospitalType"": ""acute care hospitals"", ""HospitalOwner"": ""prxprietary"", ""EmergencyService"": ""yes"", ""Condition"": ""heart attack"", ""MeasureCode"": ""ami-3"", ""MeasureName"": ""heart attack patients given ace inhibitor or arb for left ventricular systolic dysfunction (lvsd)"", ""Score"": ""100%"", ""Sample"": ""2 patients"", ""Stateavg"": ""al_ami-3""}

",,"{""Condition"": ""pneumonia""}","  {""Condition"": ""pneumonia""}"
187,"You are an expert in Cleaning Hospital Dataset. Given the dirty row Entity 1, you are required to correct the values of Stateavg in Entity 1.

Return in json format.

Output Format Example:

{""Stateavg"": """"}

Entity 1:

{""ProviderNumber"": ""10086"", ""HospitalName"": ""northwest medical center"", ""Address1"": ""1530 u s highway 43"", ""Address2"": ""empty"", ""Address3"": ""empty"", ""City"": ""winfield"", ""State"": ""al"", ""ZipCode"": ""35594"", ""CountyName"": ""marion"", ""PhoneNumber"": ""2054877736"", ""HospitalType"": ""acute care hospitals"", ""HospitalOwner"": ""proprietary"", ""EmergencyService"": ""yes"", ""Condition"": ""pneumonia"", ""MeasureCode"": ""pn-7"", ""MeasureName"": ""pneumonia patients assessed and given influenza vaccination"", ""Score"": ""82%"", ""Sample"": ""45 patients"", ""Stateavg"": ""alxpn-7"", ""count"": 1}

Take these rows as reference:

{""ProviderNumber"": ""10086"", ""HospitalName"": ""northwest medical center"", ""Address1"": ""1530 u s highway 43"", ""Address2"": ""empty"", ""Address3"": ""empty"", ""City"": ""winfield"", ""State"": ""al"", ""ZipCode"": ""35594"", ""CountyName"": ""marion"", ""PhoneNumber"": ""2054877736"", ""HospitalType"": ""acute care hospitals"", ""HospitalOwner"": ""proprietary"", ""EmergencyService"": ""yes"", ""Condition"": ""heart failure"", ""MeasureCode"": ""hf-4"", ""MeasureName"": ""heart failure patients given smoking cessation advice/counseling"", ""Score"": ""100%"", ""Sample"": ""14 patients"", ""Stateavg"": ""al_hf-4""}

{""ProviderNumber"": ""10086"", ""HospitalName"": ""northwest medical center"", ""Address1"": ""1530 u s highway 43"", ""Address2"": ""empty"", ""Address3"": ""empty"", ""City"": ""winfield"", ""State"": ""al"", ""ZipCode"": ""35594"", ""CountyName"": ""marion"", ""PhoneNumber"": ""2054877736"", ""HospitalType"": ""acute care hospitals"", ""HospitalOwner"": ""proprietary"", ""EmergencyService"": ""yes"", ""Condition"": ""heart attack"", ""MeasureCode"": ""ami-1"", ""MeasureName"": ""heart attack patients given aspirin at arrival"", ""Score"": ""100%"", ""Sample"": ""1x patients"", ""Stateavg"": ""al_ami-1""}

",,"{""Stateavg"": ""al_pn-7""}","  {""Stateavg"": ""al_pn-7""}"
188,"You are an expert in Cleaning Hospital Dataset. Given the dirty row Entity 1, you are required to correct the values of Stateavg in Entity 1.

Return in json format.

Output Format Example:

{""Stateavg"": """"}

Entity 1:

{""ProviderNumber"": ""10086"", ""HospitalName"": ""northwest medical center"", ""Address1"": ""1530 u s highway 43"", ""Address2"": ""empty"", ""Address3"": ""empty"", ""City"": ""winfield"", ""State"": ""al"", ""ZipCode"": ""35594"", ""CountyName"": ""marion"", ""PhoneNumber"": ""2054877736"", ""HospitalType"": ""acute care hospitals"", ""HospitalOwner"": ""proprietary"", ""EmergencyService"": ""yes"", ""Condition"": ""surgical infection prevention"", ""MeasureCode"": ""scip-inf-2"", ""MeasureName"": ""surgery patients who were given the  right kind  of antibiotic to help prevent infection"", ""Score"": ""99%"", ""Sample"": ""103 patients"", ""Stateavg"": ""al_sxip-inf-2"", ""count"": 1}

Take these rows as reference:

{""ProviderNumber"": ""10086"", ""HospitalName"": ""northwest medical center"", ""Address1"": ""1530 u s highway 43"", ""Address2"": ""empty"", ""Address3"": ""empty"", ""City"": ""winfield"", ""State"": ""al"", ""ZipCode"": ""35594"", ""CountyName"": ""marion"", ""PhoneNumber"": ""2054877736"", ""HospitalType"": ""acute care hospitals"", ""HospitalOwner"": ""proprietary"", ""EmergencyService"": ""yes"", ""Condition"": ""heart failure"", ""MeasureCode"": ""hf-1"", ""MeasureName"": ""heart failure patients given discharge instructions"", ""Score"": ""90%"", ""Sample"": ""48 patients"", ""Stateavg"": ""al_hf-1""}

{""ProviderNumber"": ""10086"", ""HospitalName"": ""northwest medical center"", ""Address1"": ""1530 u s highway 43"", ""Address2"": ""empty"", ""Address3"": ""empty"", ""City"": ""winfield"", ""State"": ""al"", ""ZipCode"": ""35594"", ""CountyName"": ""marion"", ""PhoneNumber"": ""2054877736"", ""HospitalType"": ""acute care hospitals"", ""HospitalOwner"": ""proprietary"", ""EmergencyService"": ""yes"", ""Condition"": ""heart attack"", ""MeasureCode"": ""ami-5"", ""MeasureName"": ""heart attack patients given beta blocker at discharge"", ""Score"": ""100%"", ""Sample"": ""8 patients"", ""Stateavg"": ""al_ami-5""}

",,"{""Stateavg"": ""al_scip-inf-2""}","  {""Stateavg"": ""al_scip-inf-2""}"
189,"You are an expert in Cleaning Hospital Dataset. Given the dirty row Entity 1, you are required to correct the values of EmergencyService in Entity 1.

Return in json format.

Output Format Example:

{""EmergencyService"": """"}

Entity 1:

{""ProviderNumber"": ""10086"", ""HospitalName"": ""northwest medical center"", ""Address1"": ""1530 u s highway 43"", ""Address2"": ""empty"", ""Address3"": ""empty"", ""City"": ""winfield"", ""State"": ""al"", ""ZipCode"": ""35594"", ""CountyName"": ""marion"", ""PhoneNumber"": ""2054877736"", ""HospitalType"": ""acute care hospitals"", ""HospitalOwner"": ""proprietary"", ""EmergencyService"": ""yex"", ""Condition"": ""surgical infection prevention"", ""MeasureCode"": ""scip-inf-3"", ""MeasureName"": ""surgery patients whose preventive antibiotics were stopped at the right time (within 24 hours after surgery)"", ""Score"": ""94%"", ""Sample"": ""98 patients"", ""Stateavg"": ""al_scip-inf-3"", ""count"": 1}

Take these rows as reference:

{""ProviderNumber"": ""10086"", ""HospitalName"": ""northwest medical center"", ""Address1"": ""1530 u s highway 43"", ""Address2"": ""empty"", ""Address3"": ""empty"", ""City"": ""winfield"", ""State"": ""al"", ""ZipCode"": ""35594"", ""CountyName"": ""marion"", ""PhoneNumber"": ""2054877736"", ""HospitalType"": ""acute care hospitals"", ""HospitalOwner"": ""proprietary"", ""EmergencyService"": ""yes"", ""Condition"": ""pneumonia"", ""MeasureCode"": ""pn-7"", ""MeasureName"": ""pneumonia patients assessed and given influenza vaccination"", ""Score"": ""82%"", ""Sample"": ""45 patients"", ""Stateavg"": ""alxpn-7""}

{""ProviderNumber"": ""10086"", ""HospitalName"": ""northwest medical center"", ""Address1"": ""1530 u s highway 43"", ""Address2"": ""empty"", ""Address3"": ""empty"", ""City"": ""winfield"", ""State"": ""al"", ""ZipCode"": ""35594"", ""CountyName"": ""marion"", ""PhoneNumber"": ""2054877736"", ""HospitalType"": ""acute care hospitals"", ""HospitalOwner"": ""proprietary"", ""EmergencyService"": ""yes"", ""Condition"": ""heart attack"", ""MeasureCode"": ""ami-5"", ""MeasureName"": ""heart attack patients given beta blocker at discharge"", ""Score"": ""100%"", ""Sample"": ""8 patients"", ""Stateavg"": ""al_ami-5""}

",,"{""EmergencyService"": ""yes""}","  {""EmergencyService"": ""yes""}"
190,"You are an expert in Cleaning Hospital Dataset. Given the dirty row Entity 1, you are required to correct the values of ZipCode in Entity 1.

Return in json format.

Output Format Example:

{""ZipCode"": """"}

Entity 1:

{""ProviderNumber"": ""10086"", ""HospitalName"": ""northwest medical center"", ""Address1"": ""1530 u s highway 43"", ""Address2"": ""empty"", ""Address3"": ""empty"", ""City"": ""winfield"", ""State"": ""al"", ""ZipCode"": ""3xx94"", ""CountyName"": ""marion"", ""PhoneNumber"": ""2054877736"", ""HospitalType"": ""acute care hospitals"", ""HospitalOwner"": ""proprietary"", ""EmergencyService"": ""yes"", ""Condition"": ""surgical infection prevention"", ""MeasureCode"": ""scip-inf-4"", ""MeasureName"": ""all heart surgery patients whose blood sugar (blood glucose) is kept under good control in the days right after surgery"", ""Score"": ""empty"", ""Sample"": ""0 patients"", ""Stateavg"": ""al_scip-inf-4"", ""count"": 1}

Take these rows as reference:

{""ProviderNumber"": ""10086"", ""HospitalName"": ""northwest medical center"", ""Address1"": ""1530 u s highway 43"", ""Address2"": ""empty"", ""Address3"": ""empty"", ""City"": ""winfield"", ""State"": ""al"", ""ZipCode"": ""3xx94"", ""CountyName"": ""marion"", ""PhoneNumber"": ""2054877736"", ""HospitalType"": ""acute care hospitals"", ""HospitalOwner"": ""proprietary"", ""EmergencyService"": ""yes"", ""Condition"": ""surgical infection prevention"", ""MeasureCode"": ""scip-inf-4"", ""MeasureName"": ""all heart surgery patients whose blood sugar (blood glucose) is kept under good control in the days right after surgery"", ""Score"": ""empty"", ""Sample"": ""0 patients"", ""Stateavg"": ""al_scip-inf-4""}

{""ProviderNumber"": ""10086"", ""HospitalName"": ""northwest medical center"", ""Address1"": ""1530 u s highway 43"", ""Address2"": ""empty"", ""Address3"": ""empty"", ""City"": ""winfield"", ""State"": ""al"", ""ZipCode"": ""35594"", ""CountyName"": ""marion"", ""PhoneNumber"": ""2054877736"", ""HospitalType"": ""acute care hospitals"", ""HospitalOwner"": ""proprietary"", ""EmergencyService"": ""yes"", ""Condition"": ""heart failure"", ""MeasureCode"": ""hf-4"", ""MeasureName"": ""heart failure patients given smoking cessation advice/counseling"", ""Score"": ""100%"", ""Sample"": ""14 patients"", ""Stateavg"": ""al_hf-4""}

",,"{""ZipCode"": ""35594""}","  {""ZipCode"": ""35594""}"
191,"You are an expert in Cleaning Hospital Dataset. Given the dirty row Entity 1, you are required to correct the values of Score in Entity 1.

Return in json format.

Output Format Example:

{""Score"": """"}

Entity 1:

{""ProviderNumber"": ""10086"", ""HospitalName"": ""northwest medical center"", ""Address1"": ""1530 u s highway 43"", ""Address2"": ""empty"", ""Address3"": ""empty"", ""City"": ""winfield"", ""State"": ""al"", ""ZipCode"": ""35594"", ""CountyName"": ""marion"", ""PhoneNumber"": ""2054877736"", ""HospitalType"": ""acute care hospitals"", ""HospitalOwner"": ""proprietary"", ""EmergencyService"": ""yes"", ""Condition"": ""surgical infection prevention"", ""MeasureCode"": ""scip-vte-2"", ""MeasureName"": ""patients who got treatment  at the right time (within 24 hours before or after their surgery) to help prevent blood clots after certain types of surgery"", ""Score"": ""x5%"", ""Sample"": ""58 patients"", ""Stateavg"": ""al_scip-vte-2"", ""count"": 1}

Take these rows as reference:

{""ProviderNumber"": ""10086"", ""HospitalName"": ""northwest medical center"", ""Address1"": ""1530 u s highway 43"", ""Address2"": ""empty"", ""Address3"": ""empty"", ""City"": ""winfield"", ""State"": ""al"", ""ZipCode"": ""35594"", ""CountyName"": ""marion"", ""PhoneNumber"": ""2054877736"", ""HospitalType"": ""acute care hospitals"", ""HospitalOwner"": ""proprietary"", ""EmergencyService"": ""yes"", ""Condition"": ""pneumonia"", ""MeasureCode"": ""pn-7"", ""MeasureName"": ""pneumonia patients assessed and given influenza vaccination"", ""Score"": ""82%"", ""Sample"": ""45 patients"", ""Stateavg"": ""alxpn-7""}

{""ProviderNumber"": ""10086"", ""HospitalName"": ""northwest medical center"", ""Address1"": ""1530 u s highway 43"", ""Address2"": ""empty"", ""Address3"": ""empty"", ""City"": ""winfield"", ""State"": ""al"", ""ZipCode"": ""35594"", ""CountyName"": ""marion"", ""PhoneNumber"": ""2054877736"", ""HospitalType"": ""acute care hospitals"", ""HospitalOwner"": ""proprietary"", ""EmergencyService"": ""yes"", ""Condition"": ""pneumonia"", ""MeasureCode"": ""pn-7"", ""MeasureName"": ""pneumonia patients assessed and given influenza vaccination"", ""Score"": ""82%"", ""Sample"": ""45 patients"", ""Stateavg"": ""alxpn-7""}

",,"{""Score"": ""95%""}","  {""Score"": ""85%""}"
192,"You are an expert in Cleaning Hospital Dataset. Given the dirty row Entity 1, you are required to correct the values of MeasureName in Entity 1.

Return in json format.

Output Format Example:

{""MeasureName"": """"}

Entity 1:

{""ProviderNumber"": ""10087"", ""HospitalName"": ""univ of south alabama medical center"", ""Address1"": ""2451 fillingim street"", ""Address2"": ""empty"", ""Address3"": ""empty"", ""City"": ""mobile"", ""State"": ""al"", ""ZipCode"": ""36617"", ""CountyName"": ""mobile"", ""PhoneNumber"": ""2514717110"", ""HospitalType"": ""acute care hospitals"", ""HospitalOwner"": ""government - state"", ""EmergencyService"": ""yes"", ""Condition"": ""heart attack"", ""MeasureCode"": ""ami-2"", ""MeasureName"": ""heaxt attack patients given aspixin at dischaxge"", ""Score"": ""97%"", ""Sample"": ""91 patients"", ""Stateavg"": ""al_ami-2"", ""count"": 1}

Take these rows as reference:

{""ProviderNumber"": ""10086"", ""HospitalName"": ""northwest medical center"", ""Address1"": ""1530 u s highway 43"", ""Address2"": ""empty"", ""Address3"": ""empty"", ""City"": ""winfield"", ""State"": ""al"", ""ZipCode"": ""35594"", ""CountyName"": ""marion"", ""PhoneNumber"": ""2054877736"", ""HospitalType"": ""acute care hospitals"", ""HospitalOwner"": ""proprietary"", ""EmergencyService"": ""yes"", ""Condition"": ""surgical infection prevention"", ""MeasureCode"": ""scip-vte-2"", ""MeasureName"": ""patients who got treatment  at the right time (within 24 hours before or after their surgery) to help prevent blood clots after certain types of surgery"", ""Score"": ""x5%"", ""Sample"": ""58 patients"", ""Stateavg"": ""al_scip-vte-2""}

{""ProviderNumber"": ""10087"", ""HospitalName"": ""univ of south alabama medical center"", ""Address1"": ""2451 fillingim street"", ""Address2"": ""empty"", ""Address3"": ""empty"", ""City"": ""mobile"", ""State"": ""al"", ""ZipCode"": ""36617"", ""CountyName"": ""mobile"", ""PhoneNumber"": ""2514717110"", ""HospitalType"": ""acute care hospitals"", ""HospitalOwner"": ""government - state"", ""EmergencyService"": ""yxs"", ""Condition"": ""heart failure"", ""MeasureCode"": ""hf-4"", ""MeasureName"": ""heart xailure patients given smoking cessation advice/counseling"", ""Score"": ""100%"", ""Sample"": ""45 patients"", ""Stateavg"": ""al_hf-4""}

",,"{""MeasureName"": ""heart attack patients given aspirin at discharge""}","  {""MeasureName"": ""heart attack patients given aspirin at discharge""}"
193,"You are an expert in Cleaning Hospital Dataset. Given the dirty row Entity 1, you are required to correct the values of PhoneNumber in Entity 1.

Return in json format.

Output Format Example:

{""PhoneNumber"": """"}

Entity 1:

{""ProviderNumber"": ""10087"", ""HospitalName"": ""univ of south alabama medical center"", ""Address1"": ""2451 fillingim street"", ""Address2"": ""empty"", ""Address3"": ""empty"", ""City"": ""mobile"", ""State"": ""al"", ""ZipCode"": ""36617"", ""CountyName"": ""mobile"", ""PhoneNumber"": ""25x47x7xx0"", ""HospitalType"": ""acute care hospitals"", ""HospitalOwner"": ""government - state"", ""EmergencyService"": ""yes"", ""Condition"": ""heart attack"", ""MeasureCode"": ""ami-3"", ""MeasureName"": ""heart attack patients given ace inhibitor or arb for left ventricular systolic dysfunction (lvsd)"", ""Score"": ""100%"", ""Sample"": ""22 patients"", ""Stateavg"": ""al_ami-3"", ""count"": 1}

Take these rows as reference:

{""ProviderNumber"": ""10087"", ""HospitalName"": ""univ of south alabama medical center"", ""Address1"": ""2451 fillingim street"", ""Address2"": ""empty"", ""Address3"": ""empty"", ""City"": ""mobile"", ""State"": ""al"", ""ZipCode"": ""36617"", ""CountyName"": ""mobile"", ""PhoneNumber"": ""2514717110"", ""HospitalType"": ""acute care hospitals"", ""HospitalOwner"": ""government - state"", ""EmergencyService"": ""yxs"", ""Condition"": ""heart failure"", ""MeasureCode"": ""hf-4"", ""MeasureName"": ""heart xailure patients given smoking cessation advice/counseling"", ""Score"": ""100%"", ""Sample"": ""45 patients"", ""Stateavg"": ""al_hf-4""}

{""ProviderNumber"": ""10086"", ""HospitalName"": ""northwest medical center"", ""Address1"": ""1530 u s highway 43"", ""Address2"": ""empty"", ""Address3"": ""empty"", ""City"": ""winfield"", ""State"": ""al"", ""ZipCode"": ""35594"", ""CountyName"": ""marion"", ""PhoneNumber"": ""2054877736"", ""HospitalType"": ""acute care hospitals"", ""HospitalOwner"": ""proprietary"", ""EmergencyService"": ""yes"", ""Condition"": ""surgical infection prevention"", ""MeasureCode"": ""scip-vte-2"", ""MeasureName"": ""patients who got treatment  at the right time (within 24 hours before or after their surgery) to help prevent blood clots after certain types of surgery"", ""Score"": ""x5%"", ""Sample"": ""58 patients"", ""Stateavg"": ""al_scip-vte-2""}

",,"{""PhoneNumber"": ""2514717110""}","  {""PhoneNumber"": ""2514717110""}"
194,"You are an expert in Cleaning Hospital Dataset. Given the dirty row Entity 1, you are required to correct the values of HospitalName in Entity 1.

Return in json format.

Output Format Example:

{""HospitalName"": """"}

Entity 1:

{""ProviderNumber"": ""10087"", ""HospitalName"": ""univ ox south alabama medical center"", ""Address1"": ""2451 fillingim street"", ""Address2"": ""empty"", ""Address3"": ""empty"", ""City"": ""mobile"", ""State"": ""al"", ""ZipCode"": ""36617"", ""CountyName"": ""mobile"", ""PhoneNumber"": ""25x47x7xx0"", ""HospitalType"": ""acute care hospitals"", ""HospitalOwner"": ""government - state"", ""EmergencyService"": ""yes"", ""Condition"": ""heart attack"", ""MeasureCode"": ""ami-7a"", ""MeasureName"": ""heart attack patients given fibrinolytic medication within 30 minutes of arrival"", ""Score"": ""empty"", ""Sample"": ""0 patients"", ""Stateavg"": ""al_ami-7a"", ""count"": 2}

Take these rows as reference:

{""ProviderNumber"": ""10087"", ""HospitalName"": ""univ of south alabama medical center"", ""Address1"": ""2451 fillingim street"", ""Address2"": ""empty"", ""Address3"": ""empty"", ""City"": ""mobile"", ""State"": ""al"", ""ZipCode"": ""36617"", ""CountyName"": ""mobile"", ""PhoneNumber"": ""2514717110"", ""HospitalType"": ""acute care hospitals"", ""HospitalOwner"": ""government - state"", ""EmergencyService"": ""yes"", ""Condition"": ""heart attack"", ""MeasureCode"": ""ami-4"", ""MeasureName"": ""heart attack patients given smoking cessation advice/counseling"", ""Score"": ""100%"", ""Sample"": ""58 patients"", ""Stateavg"": ""al_ami-4""}

{""ProviderNumber"": ""10087"", ""HospitalName"": ""univ of south alabama medical center"", ""Address1"": ""2451 fillingim street"", ""Address2"": ""empty"", ""Address3"": ""empty"", ""City"": ""mobile"", ""State"": ""al"", ""ZipCode"": ""36617"", ""CountyName"": ""mobile"", ""PhoneNumber"": ""25x47x7xx0"", ""HospitalType"": ""acute care hospitals"", ""HospitalOwner"": ""government - state"", ""EmergencyService"": ""yes"", ""Condition"": ""heart attack"", ""MeasureCode"": ""ami-3"", ""MeasureName"": ""heart attack patients given ace inhibitor or arb for left ventricular systolic dysfunction (lvsd)"", ""Score"": ""100%"", ""Sample"": ""22 patients"", ""Stateavg"": ""al_ami-3""}

",,"{""HospitalName"": ""univ of south alabama medical center""}","  {""HospitalName"": ""univ of south alabama medical center""}"
195,"You are an expert in Cleaning Hospital Dataset. Given the dirty row Entity 1, you are required to correct the values of PhoneNumber in Entity 1.

Return in json format.

Output Format Example:

{""PhoneNumber"": """"}

Entity 1:

{""ProviderNumber"": ""10087"", ""HospitalName"": ""univ ox south alabama medical center"", ""Address1"": ""2451 fillingim street"", ""Address2"": ""empty"", ""Address3"": ""empty"", ""City"": ""mobile"", ""State"": ""al"", ""ZipCode"": ""36617"", ""CountyName"": ""mobile"", ""PhoneNumber"": ""25x47x7xx0"", ""HospitalType"": ""acute care hospitals"", ""HospitalOwner"": ""government - state"", ""EmergencyService"": ""yes"", ""Condition"": ""heart attack"", ""MeasureCode"": ""ami-7a"", ""MeasureName"": ""heart attack patients given fibrinolytic medication within 30 minutes of arrival"", ""Score"": ""empty"", ""Sample"": ""0 patients"", ""Stateavg"": ""al_ami-7a"", ""count"": 2}

Take these rows as reference:

{""ProviderNumber"": ""10086"", ""HospitalName"": ""northwest medical center"", ""Address1"": ""1530 u s highway 43"", ""Address2"": ""empty"", ""Address3"": ""empty"", ""City"": ""winfield"", ""State"": ""al"", ""ZipCode"": ""35594"", ""CountyName"": ""marion"", ""PhoneNumber"": ""2054877736"", ""HospitalType"": ""acute care hospitals"", ""HospitalOwner"": ""proprietary"", ""EmergencyService"": ""yes"", ""Condition"": ""surgical infection prevention"", ""MeasureCode"": ""scip-vte-2"", ""MeasureName"": ""patients who got treatment  at the right time (within 24 hours before or after their surgery) to help prevent blood clots after certain types of surgery"", ""Score"": ""x5%"", ""Sample"": ""58 patients"", ""Stateavg"": ""al_scip-vte-2""}

{""ProviderNumber"": ""10087"", ""HospitalName"": ""univ of south alabama medical center"", ""Address1"": ""2451 fillingim street"", ""Address2"": ""empty"", ""Address3"": ""empty"", ""City"": ""mobile"", ""State"": ""al"", ""ZipCode"": ""36617"", ""CountyName"": ""mobile"", ""PhoneNumber"": ""2514717110"", ""HospitalType"": ""acute care hospitals"", ""HospitalOwner"": ""government - state"", ""EmergencyService"": ""yes"", ""Condition"": ""heart attack"", ""MeasureCode"": ""ami-4"", ""MeasureName"": ""heart attack patients given smoking cessation advice/counseling"", ""Score"": ""100%"", ""Sample"": ""58 patients"", ""Stateavg"": ""al_ami-4""}

",,"{""PhoneNumber"": ""2514717110""}","  {""PhoneNumber"": ""2514717110""}"
196,"You are an expert in Cleaning Hospital Dataset. Given the dirty row Entity 1, you are required to correct the values of HospitalName in Entity 1.

Return in json format.

Output Format Example:

{""HospitalName"": """"}

Entity 1:

{""ProviderNumber"": ""10087"", ""HospitalName"": ""xniv of soxth alabama medical center"", ""Address1"": ""2451 fillingim street"", ""Address2"": ""empty"", ""Address3"": ""empty"", ""City"": ""mobile"", ""State"": ""al"", ""ZipCode"": ""36617"", ""CountyName"": ""mobile"", ""PhoneNumber"": ""2514717110"", ""HospitalType"": ""acute care hospitals"", ""HospitalOwner"": ""government - state"", ""EmergencyService"": ""yes"", ""Condition"": ""heart attack"", ""MeasureCode"": ""ami-8a"", ""MeasureName"": ""heart attack patients given pci within 90 minutes of arrival"", ""Score"": ""50%"", ""Sample"": ""16 patients"", ""Stateavg"": ""al_ami-8a"", ""count"": 1}

Take these rows as reference:

{""ProviderNumber"": ""10087"", ""HospitalName"": ""univ of south alabama medical center"", ""Address1"": ""2451 fillingim street"", ""Address2"": ""empty"", ""Address3"": ""empty"", ""City"": ""mobile"", ""State"": ""al"", ""ZipCode"": ""36617"", ""CountyName"": ""mobile"", ""PhoneNumber"": ""2514717110"", ""HospitalType"": ""acute care hospitals"", ""HospitalOwner"": ""government - state"", ""EmergencyService"": ""yxs"", ""Condition"": ""heart failure"", ""MeasureCode"": ""hf-4"", ""MeasureName"": ""heart xailure patients given smoking cessation advice/counseling"", ""Score"": ""100%"", ""Sample"": ""45 patients"", ""Stateavg"": ""al_hf-4""}

{""ProviderNumber"": ""10087"", ""HospitalName"": ""univ of south alabama medical center"", ""Address1"": ""2451 fillingim street"", ""Address2"": ""empty"", ""Address3"": ""empty"", ""City"": ""mobile"", ""State"": ""al"", ""ZipCode"": ""36617"", ""CountyName"": ""mobile"", ""PhoneNumber"": ""25x47x7xx0"", ""HospitalType"": ""acute care hospitals"", ""HospitalOwner"": ""government - state"", ""EmergencyService"": ""yes"", ""Condition"": ""heart attack"", ""MeasureCode"": ""ami-3"", ""MeasureName"": ""heart attack patients given ace inhibitor or arb for left ventricular systolic dysfunction (lvsd)"", ""Score"": ""100%"", ""Sample"": ""22 patients"", ""Stateavg"": ""al_ami-3""}

",,"{""HospitalName"": ""univ of south alabama medical center""}","  {""HospitalName"": ""univ of south alabama medical center""}"
197,"You are an expert in Cleaning Hospital Dataset. Given the dirty row Entity 1, you are required to correct the values of State in Entity 1.

Return in json format.

Output Format Example:

{""State"": """"}

Entity 1:

{""ProviderNumber"": ""10087"", ""HospitalName"": ""univ of south alabama medical center"", ""Address1"": ""2451 fillingim street"", ""Address2"": ""empty"", ""Address3"": ""empty"", ""City"": ""mobile"", ""State"": ""xl"", ""ZipCode"": ""36617"", ""CountyName"": ""mobile"", ""PhoneNumber"": ""25x47x7xx0"", ""HospitalType"": ""acute care hospitals"", ""HospitalOwner"": ""government - state"", ""EmergencyService"": ""yes"", ""Condition"": ""hxart failurx"", ""MeasureCode"": ""hf-1"", ""MeasureName"": ""heart failure patients given discharge instructions"", ""Score"": ""83%"", ""Sample"": ""146 patients"", ""Stateavg"": ""al_hf-1"", ""count"": 3}

Take these rows as reference:

{""ProviderNumber"": ""10086"", ""HospitalName"": ""northwest medical center"", ""Address1"": ""1530 u s highway 43"", ""Address2"": ""empty"", ""Address3"": ""empty"", ""City"": ""winfield"", ""State"": ""al"", ""ZipCode"": ""35594"", ""CountyName"": ""marion"", ""PhoneNumber"": ""2054877736"", ""HospitalType"": ""acute care hospitals"", ""HospitalOwner"": ""proprietary"", ""EmergencyService"": ""yes"", ""Condition"": ""surgical infection prevention"", ""MeasureCode"": ""scip-vte-2"", ""MeasureName"": ""patients who got treatment  at the right time (within 24 hours before or after their surgery) to help prevent blood clots after certain types of surgery"", ""Score"": ""x5%"", ""Sample"": ""58 patients"", ""Stateavg"": ""al_scip-vte-2""}

{""ProviderNumber"": ""10087"", ""HospitalName"": ""univ of south alabama medical center"", ""Address1"": ""2451 fillingim street"", ""Address2"": ""empty"", ""Address3"": ""empty"", ""City"": ""mobile"", ""State"": ""al"", ""ZipCode"": ""36617"", ""CountyName"": ""mobile"", ""PhoneNumber"": ""25x47x7xx0"", ""HospitalType"": ""acute care hospitals"", ""HospitalOwner"": ""government - state"", ""EmergencyService"": ""yes"", ""Condition"": ""heart attack"", ""MeasureCode"": ""ami-3"", ""MeasureName"": ""heart attack patients given ace inhibitor or arb for left ventricular systolic dysfunction (lvsd)"", ""Score"": ""100%"", ""Sample"": ""22 patients"", ""Stateavg"": ""al_ami-3""}

",,"{""State"": ""al""}","  {""State"": ""al""}"
198,"You are an expert in Cleaning Hospital Dataset. Given the dirty row Entity 1, you are required to correct the values of PhoneNumber in Entity 1.

Return in json format.

Output Format Example:

{""PhoneNumber"": """"}

Entity 1:

{""ProviderNumber"": ""10087"", ""HospitalName"": ""univ of south alabama medical center"", ""Address1"": ""2451 fillingim street"", ""Address2"": ""empty"", ""Address3"": ""empty"", ""City"": ""mobile"", ""State"": ""xl"", ""ZipCode"": ""36617"", ""CountyName"": ""mobile"", ""PhoneNumber"": ""25x47x7xx0"", ""HospitalType"": ""acute care hospitals"", ""HospitalOwner"": ""government - state"", ""EmergencyService"": ""yes"", ""Condition"": ""hxart failurx"", ""MeasureCode"": ""hf-1"", ""MeasureName"": ""heart failure patients given discharge instructions"", ""Score"": ""83%"", ""Sample"": ""146 patients"", ""Stateavg"": ""al_hf-1"", ""count"": 3}

Take these rows as reference:

{""ProviderNumber"": ""10087"", ""HospitalName"": ""univ of south alabama medical center"", ""Address1"": ""2451 fillingim street"", ""Address2"": ""empty"", ""Address3"": ""empty"", ""City"": ""mobile"", ""State"": ""al"", ""ZipCode"": ""36617"", ""CountyName"": ""mobile"", ""PhoneNumber"": ""25x47x7xx0"", ""HospitalType"": ""acute care hospitals"", ""HospitalOwner"": ""government - state"", ""EmergencyService"": ""yes"", ""Condition"": ""heart attack"", ""MeasureCode"": ""ami-3"", ""MeasureName"": ""heart attack patients given ace inhibitor or arb for left ventricular systolic dysfunction (lvsd)"", ""Score"": ""100%"", ""Sample"": ""22 patients"", ""Stateavg"": ""al_ami-3""}

{""ProviderNumber"": ""10087"", ""HospitalName"": ""univ of south alabama medical center"", ""Address1"": ""2451 fillingim street"", ""Address2"": ""empty"", ""Address3"": ""empty"", ""City"": ""mobile"", ""State"": ""al"", ""ZipCode"": ""36617"", ""CountyName"": ""mobile"", ""PhoneNumber"": ""2514717110"", ""HospitalType"": ""acute care hospitals"", ""HospitalOwner"": ""government - state"", ""EmergencyService"": ""yes"", ""Condition"": ""heart attack"", ""MeasureCode"": ""ami-4"", ""MeasureName"": ""heart attack patients given smoking cessation advice/counseling"", ""Score"": ""100%"", ""Sample"": ""58 patients"", ""Stateavg"": ""al_ami-4""}

",,"{""PhoneNumber"": ""2514717110""}","  {""PhoneNumber"": ""2514717110""}"
199,"You are an expert in Cleaning Hospital Dataset. Given the dirty row Entity 1, you are required to correct the values of Condition in Entity 1.

Return in json format.

Output Format Example:

{""Condition"": """"}

Entity 1:

{""ProviderNumber"": ""10087"", ""HospitalName"": ""univ of south alabama medical center"", ""Address1"": ""2451 fillingim street"", ""Address2"": ""empty"", ""Address3"": ""empty"", ""City"": ""mobile"", ""State"": ""xl"", ""ZipCode"": ""36617"", ""CountyName"": ""mobile"", ""PhoneNumber"": ""25x47x7xx0"", ""HospitalType"": ""acute care hospitals"", ""HospitalOwner"": ""government - state"", ""EmergencyService"": ""yes"", ""Condition"": ""hxart failurx"", ""MeasureCode"": ""hf-1"", ""MeasureName"": ""heart failure patients given discharge instructions"", ""Score"": ""83%"", ""Sample"": ""146 patients"", ""Stateavg"": ""al_hf-1"", ""count"": 3}

Take these rows as reference:

{""ProviderNumber"": ""10087"", ""HospitalName"": ""univ of south alabama medical center"", ""Address1"": ""2451 fillingim street"", ""Address2"": ""empty"", ""Address3"": ""empty"", ""City"": ""mobile"", ""State"": ""al"", ""ZipCode"": ""36617"", ""CountyName"": ""mobile"", ""PhoneNumber"": ""25x47x7xx0"", ""HospitalType"": ""acute care hospitals"", ""HospitalOwner"": ""government - state"", ""EmergencyService"": ""yes"", ""Condition"": ""heart attack"", ""MeasureCode"": ""ami-3"", ""MeasureName"": ""heart attack patients given ace inhibitor or arb for left ventricular systolic dysfunction (lvsd)"", ""Score"": ""100%"", ""Sample"": ""22 patients"", ""Stateavg"": ""al_ami-3""}

{""ProviderNumber"": ""10087"", ""HospitalName"": ""univ of south alabama medical center"", ""Address1"": ""2451 fillingim street"", ""Address2"": ""empty"", ""Address3"": ""empty"", ""City"": ""mobile"", ""State"": ""al"", ""ZipCode"": ""36617"", ""CountyName"": ""mobile"", ""PhoneNumber"": ""2514717110"", ""HospitalType"": ""acute care hospitals"", ""HospitalOwner"": ""government - state"", ""EmergencyService"": ""yes"", ""Condition"": ""heart failure"", ""MeasureCode"": ""hf-2"", ""MeasureName"": ""heart failure patients given an evaluation of left ventricular systolic (lvs) function"", ""Score"": ""98%"", ""Sample"": ""150 patients"", ""Stateavg"": ""al_hx-2""}

",,"{""Condition"": ""heart failure""}","  {""Condition"": ""heart failure""}"
200,"You are an expert in Cleaning Hospital Dataset. Given the dirty row Entity 1, you are required to correct the values of Stateavg in Entity 1.

Return in json format.

Output Format Example:

{""Stateavg"": """"}

Entity 1:

{""ProviderNumber"": ""10087"", ""HospitalName"": ""univ of south alabama medical center"", ""Address1"": ""2451 fillingim street"", ""Address2"": ""empty"", ""Address3"": ""empty"", ""City"": ""mobile"", ""State"": ""al"", ""ZipCode"": ""36617"", ""CountyName"": ""mobile"", ""PhoneNumber"": ""2514717110"", ""HospitalType"": ""acute care hospitals"", ""HospitalOwner"": ""government - state"", ""EmergencyService"": ""yes"", ""Condition"": ""heart failure"", ""MeasureCode"": ""hf-2"", ""MeasureName"": ""heart failure patients given an evaluation of left ventricular systolic (lvs) function"", ""Score"": ""98%"", ""Sample"": ""150 patients"", ""Stateavg"": ""al_hx-2"", ""count"": 1}

Take these rows as reference:

{""ProviderNumber"": ""10087"", ""HospitalName"": ""univ of south alabama medical center"", ""Address1"": ""2451 fillingim street"", ""Address2"": ""empty"", ""Address3"": ""empty"", ""City"": ""mobile"", ""State"": ""al"", ""ZipCode"": ""36617"", ""CountyName"": ""mobile"", ""PhoneNumber"": ""2514717110"", ""HospitalType"": ""acute care hospitals"", ""HospitalOwner"": ""government - state"", ""EmergencyService"": ""yes"", ""Condition"": ""heart attack"", ""MeasureCode"": ""ami-4"", ""MeasureName"": ""heart attack patients given smoking cessation advice/counseling"", ""Score"": ""100%"", ""Sample"": ""58 patients"", ""Stateavg"": ""al_ami-4""}

{""ProviderNumber"": ""10087"", ""HospitalName"": ""univ of south alabama medical center"", ""Address1"": ""2451 fillingim street"", ""Address2"": ""empty"", ""Address3"": ""empty"", ""City"": ""mobile"", ""State"": ""al"", ""ZipCode"": ""36617"", ""CountyName"": ""mobile"", ""PhoneNumber"": ""2514717110"", ""HospitalType"": ""acute care hospitals"", ""HospitalOwner"": ""government - state"", ""EmergencyService"": ""yxs"", ""Condition"": ""heart failure"", ""MeasureCode"": ""hf-4"", ""MeasureName"": ""heart xailure patients given smoking cessation advice/counseling"", ""Score"": ""100%"", ""Sample"": ""45 patients"", ""Stateavg"": ""al_hf-4""}

",,"{""Stateavg"": ""al_hf-2""}","  {""Stateavg"": ""al_hf-2""}"
201,"You are an expert in Cleaning Hospital Dataset. Given the dirty row Entity 1, you are required to correct the values of EmergencyService in Entity 1.

Return in json format.

Output Format Example:

{""EmergencyService"": """"}

Entity 1:

{""ProviderNumber"": ""10087"", ""HospitalName"": ""univ of south alabama medical center"", ""Address1"": ""2451 fillingim street"", ""Address2"": ""empty"", ""Address3"": ""empty"", ""City"": ""mobile"", ""State"": ""al"", ""ZipCode"": ""36617"", ""CountyName"": ""mobile"", ""PhoneNumber"": ""2514717110"", ""HospitalType"": ""acute care hospitals"", ""HospitalOwner"": ""government - state"", ""EmergencyService"": ""yxs"", ""Condition"": ""heart failure"", ""MeasureCode"": ""hf-4"", ""MeasureName"": ""heart xailure patients given smoking cessation advice/counseling"", ""Score"": ""100%"", ""Sample"": ""45 patients"", ""Stateavg"": ""al_hf-4"", ""count"": 2}

Take these rows as reference:

{""ProviderNumber"": ""10086"", ""HospitalName"": ""northwest medical center"", ""Address1"": ""1530 u s highway 43"", ""Address2"": ""empty"", ""Address3"": ""empty"", ""City"": ""winfield"", ""State"": ""al"", ""ZipCode"": ""35594"", ""CountyName"": ""marion"", ""PhoneNumber"": ""2054877736"", ""HospitalType"": ""acute care hospitals"", ""HospitalOwner"": ""proprietary"", ""EmergencyService"": ""yes"", ""Condition"": ""surgical infection prevention"", ""MeasureCode"": ""scip-vte-2"", ""MeasureName"": ""patients who got treatment  at the right time (within 24 hours before or after their surgery) to help prevent blood clots after certain types of surgery"", ""Score"": ""x5%"", ""Sample"": ""58 patients"", ""Stateavg"": ""al_scip-vte-2""}

{""ProviderNumber"": ""10087"", ""HospitalName"": ""univ of south alabama medical center"", ""Address1"": ""2451 fillingim street"", ""Address2"": ""empty"", ""Address3"": ""empty"", ""City"": ""mobile"", ""State"": ""al"", ""ZipCode"": ""36617"", ""CountyName"": ""mobile"", ""PhoneNumber"": ""25x47x7xx0"", ""HospitalType"": ""acute care hospitals"", ""HospitalOwner"": ""government - state"", ""EmergencyService"": ""yes"", ""Condition"": ""heart attack"", ""MeasureCode"": ""ami-3"", ""MeasureName"": ""heart attack patients given ace inhibitor or arb for left ventricular systolic dysfunction (lvsd)"", ""Score"": ""100%"", ""Sample"": ""22 patients"", ""Stateavg"": ""al_ami-3""}

",,"{""EmergencyService"": ""yes""}","  {""EmergencyService"": ""yes""}"
202,"You are an expert in Cleaning Hospital Dataset. Given the dirty row Entity 1, you are required to correct the values of MeasureName in Entity 1.

Return in json format.

Output Format Example:

{""MeasureName"": """"}

Entity 1:

{""ProviderNumber"": ""10087"", ""HospitalName"": ""univ of south alabama medical center"", ""Address1"": ""2451 fillingim street"", ""Address2"": ""empty"", ""Address3"": ""empty"", ""City"": ""mobile"", ""State"": ""al"", ""ZipCode"": ""36617"", ""CountyName"": ""mobile"", ""PhoneNumber"": ""2514717110"", ""HospitalType"": ""acute care hospitals"", ""HospitalOwner"": ""government - state"", ""EmergencyService"": ""yxs"", ""Condition"": ""heart failure"", ""MeasureCode"": ""hf-4"", ""MeasureName"": ""heart xailure patients given smoking cessation advice/counseling"", ""Score"": ""100%"", ""Sample"": ""45 patients"", ""Stateavg"": ""al_hf-4"", ""count"": 2}

Take these rows as reference:

{""ProviderNumber"": ""10087"", ""HospitalName"": ""univ of south alabama medical center"", ""Address1"": ""2451 fillingim street"", ""Address2"": ""empty"", ""Address3"": ""empty"", ""City"": ""mobile"", ""State"": ""al"", ""ZipCode"": ""36617"", ""CountyName"": ""mobile"", ""PhoneNumber"": ""2514717110"", ""HospitalType"": ""acute care hospitals"", ""HospitalOwner"": ""government - state"", ""EmergencyService"": ""yes"", ""Condition"": ""heart failure"", ""MeasureCode"": ""hf-2"", ""MeasureName"": ""heart failure patients given an evaluation of left ventricular systolic (lvs) function"", ""Score"": ""98%"", ""Sample"": ""150 patients"", ""Stateavg"": ""al_hx-2""}

{""ProviderNumber"": ""10086"", ""HospitalName"": ""northwest medical center"", ""Address1"": ""1530 u s highway 43"", ""Address2"": ""empty"", ""Address3"": ""empty"", ""City"": ""winfield"", ""State"": ""al"", ""ZipCode"": ""35594"", ""CountyName"": ""marion"", ""PhoneNumber"": ""2054877736"", ""HospitalType"": ""acute care hospitals"", ""HospitalOwner"": ""proprietary"", ""EmergencyService"": ""yes"", ""Condition"": ""surgical infection prevention"", ""MeasureCode"": ""scip-vte-2"", ""MeasureName"": ""patients who got treatment  at the right time (within 24 hours before or after their surgery) to help prevent blood clots after certain types of surgery"", ""Score"": ""x5%"", ""Sample"": ""58 patients"", ""Stateavg"": ""al_scip-vte-2""}

",,"{""MeasureName"": ""heart failure patients given smoking cessation advice/counseling""}","  {""MeasureName"": ""heart failure patients given smoking cessation advice/counseling""}"
203,"You are an expert in Cleaning Hospital Dataset. Given the dirty row Entity 1, you are required to correct the values of MeasureCode in Entity 1.

Return in json format.

Output Format Example:

{""MeasureCode"": """"}

Entity 1:

{""ProviderNumber"": ""10087"", ""HospitalName"": ""univ of south alabama medical center"", ""Address1"": ""2451 fillingim street"", ""Address2"": ""empty"", ""Address3"": ""empty"", ""City"": ""mobile"", ""State"": ""al"", ""ZipCode"": ""36617"", ""CountyName"": ""mobile"", ""PhoneNumber"": ""2514717110"", ""HospitalType"": ""acute care hospitals"", ""HospitalOwner"": ""government - state"", ""EmergencyService"": ""yes"", ""Condition"": ""pneumonia"", ""MeasureCode"": ""pn-xb"", ""MeasureName"": ""pneumonia patients whose initial emergency room blood culture was performed prior to the administration of the first hospital dose of antibiotics"", ""Score"": ""89%"", ""Sample"": ""35 patients"", ""Stateavg"": ""al_pn-3b"", ""count"": 1}

Take these rows as reference:

{""ProviderNumber"": ""10087"", ""HospitalName"": ""univ of south alabama medical center"", ""Address1"": ""2451 fillingim street"", ""Address2"": ""empty"", ""Address3"": ""empty"", ""City"": ""mobile"", ""State"": ""al"", ""ZipCode"": ""36617"", ""CountyName"": ""mobile"", ""PhoneNumber"": ""2514717110"", ""HospitalType"": ""acute care hospitals"", ""HospitalOwner"": ""government - state"", ""EmergencyService"": ""yes"", ""Condition"": ""heart failure"", ""MeasureCode"": ""hf-2"", ""MeasureName"": ""heart failure patients given an evaluation of left ventricular systolic (lvs) function"", ""Score"": ""98%"", ""Sample"": ""150 patients"", ""Stateavg"": ""al_hx-2""}

{""ProviderNumber"": ""10087"", ""HospitalName"": ""univ of south alabama medical center"", ""Address1"": ""2451 fillingim street"", ""Address2"": ""empty"", ""Address3"": ""empty"", ""City"": ""mobile"", ""State"": ""al"", ""ZipCode"": ""36617"", ""CountyName"": ""mobile"", ""PhoneNumber"": ""2514717110"", ""HospitalType"": ""acute care hospitals"", ""HospitalOwner"": ""government - state"", ""EmergencyService"": ""yes"", ""Condition"": ""heart failure"", ""MeasureCode"": ""hf-2"", ""MeasureName"": ""heart failure patients given an evaluation of left ventricular systolic (lvs) function"", ""Score"": ""98%"", ""Sample"": ""150 patients"", ""Stateavg"": ""al_hx-2""}

",,"{""MeasureCode"": ""pn-3b""}","  {""MeasureCode"": ""pn-3b""}"
204,"You are an expert in Cleaning Hospital Dataset. Given the dirty row Entity 1, you are required to correct the values of Address1 in Entity 1.

Return in json format.

Output Format Example:

{""Address1"": """"}

Entity 1:

{""ProviderNumber"": ""10108"", ""HospitalName"": ""prattville baptist hospital"", ""Address1"": ""124xsxmemorialxdr"", ""Address2"": ""empty"", ""Address3"": ""empty"", ""City"": ""prattville"", ""State"": ""al"", ""ZipCode"": ""36067"", ""CountyName"": ""autauga"", ""PhoneNumber"": ""33x361x267"", ""HospitalType"": ""acute care hospitals"", ""HospitalOwner"": ""voluntary non-profit - private"", ""EmergencyService"": ""yes"", ""Condition"": ""heart attack"", ""MeasureCode"": ""ami-3"", ""MeasureName"": ""heart attack patients given ace inhibitor or arb for left ventricular systolic dysfunction (lvsd)"", ""Score"": ""67%"", ""Sample"": ""3 patients"", ""Stateavg"": ""al_ami-3"", ""count"": 2}

Take these rows as reference:

{""ProviderNumber"": ""10108"", ""HospitalName"": ""prattville baptist hospital"", ""Address1"": ""124 s memorial dr"", ""Address2"": ""empty"", ""Address3"": ""empty"", ""City"": ""prattville"", ""State"": ""al"", ""ZipCode"": ""36067"", ""CountyName"": ""autauga"", ""PhoneNumber"": ""3343614267"", ""HospitalType"": ""acute care hospitals"", ""HospitalOwner"": ""voluntary non-profit - private"", ""EmergencyService"": ""yes"", ""Condition"": ""heart attack"", ""MeasureCode"": ""ami-4"", ""MeasureName"": ""heart attack patients given smoking cessation advice/counseling"", ""Score"": ""empty"", ""Sample"": ""0 patients"", ""Stateavg"": ""al_ami-4""}

{""ProviderNumber"": ""10108"", ""HospitalName"": ""prattville baptist hospital"", ""Address1"": ""124 s memorial dr"", ""Address2"": ""empty"", ""Address3"": ""empty"", ""City"": ""prattville"", ""State"": ""ax"", ""ZipCode"": ""36067"", ""CountyName"": ""autauga"", ""PhoneNumber"": ""3343614267"", ""HospitalType"": ""acute care hospitals"", ""HospitalOwner"": ""voluntary non-profit - private"", ""EmergencyService"": ""yes"", ""Condition"": ""pneumonia"", ""MeasureCode"": ""pn-2"", ""MeasureName"": ""pneumonia patients assessed and given pneumococcal vaccination"", ""Score"": ""94%"", ""Sample"": ""116 patients"", ""Stateavg"": ""al_pn-2""}

",,"{""Address1"": ""124 s memorial dr""}","  {""Address1"": ""124 s memorial dr""}"
205,"You are an expert in Cleaning Hospital Dataset. Given the dirty row Entity 1, you are required to correct the values of PhoneNumber in Entity 1.

Return in json format.

Output Format Example:

{""PhoneNumber"": """"}

Entity 1:

{""ProviderNumber"": ""10108"", ""HospitalName"": ""prattville baptist hospital"", ""Address1"": ""124xsxmemorialxdr"", ""Address2"": ""empty"", ""Address3"": ""empty"", ""City"": ""prattville"", ""State"": ""al"", ""ZipCode"": ""36067"", ""CountyName"": ""autauga"", ""PhoneNumber"": ""33x361x267"", ""HospitalType"": ""acute care hospitals"", ""HospitalOwner"": ""voluntary non-profit - private"", ""EmergencyService"": ""yes"", ""Condition"": ""heart attack"", ""MeasureCode"": ""ami-3"", ""MeasureName"": ""heart attack patients given ace inhibitor or arb for left ventricular systolic dysfunction (lvsd)"", ""Score"": ""67%"", ""Sample"": ""3 patients"", ""Stateavg"": ""al_ami-3"", ""count"": 2}

Take these rows as reference:

{""ProviderNumber"": ""10108"", ""HospitalName"": ""prattville baptist hospital"", ""Address1"": ""124 s memorial dr"", ""Address2"": ""empty"", ""Address3"": ""empty"", ""City"": ""prattville"", ""State"": ""al"", ""ZipCode"": ""36067"", ""CountyName"": ""autauga"", ""PhoneNumber"": ""3343614267"", ""HospitalType"": ""acute care hospitals"", ""HospitalOwner"": ""voluntary non-profit - private"", ""EmergencyService"": ""yes"", ""Condition"": ""pneumonia"", ""MeasureCode"": ""pn-3b"", ""MeasureName"": ""pneumonia patients whose initial emergency room blood culture was performed prior to the administration of the first hospital dose of antibiotics"", ""Score"": ""95%"", ""Sample"": ""138 patients"", ""Stateavg"": ""al_pn-3b""}

{""ProviderNumber"": ""10108"", ""HospitalName"": ""prattville baptist hospital"", ""Address1"": ""124xsxmemorialxdr"", ""Address2"": ""empty"", ""Address3"": ""empty"", ""City"": ""prattville"", ""State"": ""al"", ""ZipCode"": ""36067"", ""CountyName"": ""autauga"", ""PhoneNumber"": ""33x361x267"", ""HospitalType"": ""acute care hospitals"", ""HospitalOwner"": ""voluntary non-profit - private"", ""EmergencyService"": ""yes"", ""Condition"": ""heart attack"", ""MeasureCode"": ""ami-3"", ""MeasureName"": ""heart attack patients given ace inhibitor or arb for left ventricular systolic dysfunction (lvsd)"", ""Score"": ""67%"", ""Sample"": ""3 patients"", ""Stateavg"": ""al_ami-3""}

",,"{""PhoneNumber"": ""3343614267""}","  {""PhoneNumber"": ""3343614267""}"
206,"You are an expert in Cleaning Hospital Dataset. Given the dirty row Entity 1, you are required to correct the values of MeasureCode in Entity 1.

Return in json format.

Output Format Example:

{""MeasureCode"": """"}

Entity 1:

{""ProviderNumber"": ""10108"", ""HospitalName"": ""prattville baptist hospital"", ""Address1"": ""124 s memorial dr"", ""Address2"": ""empty"", ""Address3"": ""empty"", ""City"": ""prattville"", ""State"": ""al"", ""ZipCode"": ""36067"", ""CountyName"": ""autauga"", ""PhoneNumber"": ""3343614267"", ""HospitalType"": ""acute care hospitals"", ""HospitalOwner"": ""voluntary non-profit - private"", ""EmergencyService"": ""yes"", ""Condition"": ""heart failure"", ""MeasureCode"": ""hx-1"", ""MeasureName"": ""heart failure patients given discharge instructions"", ""Score"": ""96%"", ""Sample"": ""75 patients"", ""Stateavg"": ""al_hf-1"", ""count"": 1}

Take these rows as reference:

{""ProviderNumber"": ""10108"", ""HospitalName"": ""prattville baptist hospital"", ""Address1"": ""124 s memorial dr"", ""Address2"": ""empty"", ""Address3"": ""empty"", ""City"": ""prattville"", ""State"": ""al"", ""ZipCode"": ""36067"", ""CountyName"": ""autauga"", ""PhoneNumber"": ""3343614267"", ""HospitalType"": ""acute care hospitals"", ""HospitalOwner"": ""voluntary non-profit - private"", ""EmergencyService"": ""yes"", ""Condition"": ""heart attack"", ""MeasureCode"": ""ami-4"", ""MeasureName"": ""heart attack patients given smoking cessation advice/counseling"", ""Score"": ""empty"", ""Sample"": ""0 patients"", ""Stateavg"": ""al_ami-4""}

{""ProviderNumber"": ""10108"", ""HospitalName"": ""prattville baptist hospital"", ""Address1"": ""124 s memorial dr"", ""Address2"": ""empty"", ""Address3"": ""empty"", ""City"": ""prattville"", ""State"": ""ax"", ""ZipCode"": ""36067"", ""CountyName"": ""autauga"", ""PhoneNumber"": ""3343614267"", ""HospitalType"": ""acute care hospitals"", ""HospitalOwner"": ""voluntary non-profit - private"", ""EmergencyService"": ""yes"", ""Condition"": ""pneumonia"", ""MeasureCode"": ""pn-2"", ""MeasureName"": ""pneumonia patients assessed and given pneumococcal vaccination"", ""Score"": ""94%"", ""Sample"": ""116 patients"", ""Stateavg"": ""al_pn-2""}

",,"{""MeasureCode"": ""hf-1""}","  {""MeasureCode"": ""hf-1""}"
207,"You are an expert in Cleaning Hospital Dataset. Given the dirty row Entity 1, you are required to correct the values of Condition in Entity 1.

Return in json format.

Output Format Example:

{""Condition"": """"}

Entity 1:

{""ProviderNumber"": ""10108"", ""HospitalName"": ""prattville baptist hospital"", ""Address1"": ""124 s memorial dr"", ""Address2"": ""empty"", ""Address3"": ""empty"", ""City"": ""prattville"", ""State"": ""al"", ""ZipCode"": ""36067"", ""CountyName"": ""autauga"", ""PhoneNumber"": ""3343614267"", ""HospitalType"": ""acute care hospitals"", ""HospitalOwner"": ""voluntary non-profit - private"", ""EmergencyService"": ""yes"", ""Condition"": ""hxart failurx"", ""MeasureCode"": ""hf-3"", ""MeasureName"": ""heart failure patients given ace inhibitor or arb for left ventricular systolic dysfunction (lvsd)"", ""Score"": ""94%"", ""Sample"": ""18 patients"", ""Stateavg"": ""al_hf-3"", ""count"": 1}

Take these rows as reference:

{""ProviderNumber"": ""10108"", ""HospitalName"": ""prattville baptist hospital"", ""Address1"": ""124 s memorial dr"", ""Address2"": ""empty"", ""Address3"": ""empty"", ""City"": ""prattville"", ""State"": ""al"", ""ZipCode"": ""36067"", ""CountyName"": ""autauga"", ""PhoneNumber"": ""3343614267"", ""HospitalType"": ""acute care hospitals"", ""HospitalOwner"": ""voluntary non-profit - private"", ""EmergencyService"": ""yes"", ""Condition"": ""heart attack"", ""MeasureCode"": ""ami-4"", ""MeasureName"": ""heart attack patients given smoking cessation advice/counseling"", ""Score"": ""empty"", ""Sample"": ""0 patients"", ""Stateavg"": ""al_ami-4""}

{""ProviderNumber"": ""10108"", ""HospitalName"": ""prattville baptist hospital"", ""Address1"": ""124 s memorial dr"", ""Address2"": ""empty"", ""Address3"": ""empty"", ""City"": ""prattville"", ""State"": ""al"", ""ZipCode"": ""36067"", ""CountyName"": ""autauga"", ""PhoneNumber"": ""3343614267"", ""HospitalType"": ""acute care hospitals"", ""HospitalOwner"": ""voluntary non-profit - private"", ""EmergencyService"": ""yes"", ""Condition"": ""hxart failurx"", ""MeasureCode"": ""hf-3"", ""MeasureName"": ""heart failure patients given ace inhibitor or arb for left ventricular systolic dysfunction (lvsd)"", ""Score"": ""94%"", ""Sample"": ""18 patients"", ""Stateavg"": ""al_hf-3""}

",,"{""Condition"": ""heart failure""}","  {""Condition"": ""heart failure""}"
208,"You are an expert in Cleaning Hospital Dataset. Given the dirty row Entity 1, you are required to correct the values of State in Entity 1.

Return in json format.

Output Format Example:

{""State"": """"}

Entity 1:

{""ProviderNumber"": ""10108"", ""HospitalName"": ""prattville baptist hospital"", ""Address1"": ""124 s memorial dr"", ""Address2"": ""empty"", ""Address3"": ""empty"", ""City"": ""prattville"", ""State"": ""ax"", ""ZipCode"": ""36067"", ""CountyName"": ""autauga"", ""PhoneNumber"": ""3343614267"", ""HospitalType"": ""acute care hospitals"", ""HospitalOwner"": ""voluntary non-profit - private"", ""EmergencyService"": ""yes"", ""Condition"": ""pneumonia"", ""MeasureCode"": ""pn-2"", ""MeasureName"": ""pneumonia patients assessed and given pneumococcal vaccination"", ""Score"": ""94%"", ""Sample"": ""116 patients"", ""Stateavg"": ""al_pn-2"", ""count"": 1}

Take these rows as reference:

{""ProviderNumber"": ""10108"", ""HospitalName"": ""prattville baptist hospital"", ""Address1"": ""124 s memorial dr"", ""Address2"": ""empty"", ""Address3"": ""empty"", ""City"": ""prattville"", ""State"": ""al"", ""ZipCode"": ""3x0x7"", ""CountyName"": ""autauga"", ""PhoneNumber"": ""3343614267"", ""HospitalType"": ""acute care hospitals"", ""HospitalOwner"": ""voluntary non-profit - private"", ""EmergencyService"": ""yes"", ""Condition"": ""pneumonia"", ""MeasureCode"": ""pn-6"", ""MeasureName"": ""pneumonia patients given the most appropriate initial antibiotic(s)"", ""Score"": ""92%"", ""Sample"": ""93 patients"", ""Stateavg"": ""al_pn-6""}

{""ProviderNumber"": ""10108"", ""HospitalName"": ""prattville baptist hospital"", ""Address1"": ""124 s memorial dr"", ""Address2"": ""empty"", ""Address3"": ""empty"", ""City"": ""prattville"", ""State"": ""al"", ""ZipCode"": ""36067"", ""CountyName"": ""autauga"", ""PhoneNumber"": ""3343614267"", ""HospitalType"": ""acute care hospitals"", ""HospitalOwner"": ""voluntary non-profit - private"", ""EmergencyService"": ""yes"", ""Condition"": ""heart attack"", ""MeasureCode"": ""ami-5"", ""MeasureName"": ""heart attack patients given beta blocker at discharge"", ""Score"": ""100%"", ""Sample"": ""5 patients"", ""Stateavg"": ""al_ami-5""}

",,"{""State"": ""al""}","  {""State"": ""al""}"
209,"You are an expert in Cleaning Hospital Dataset. Given the dirty row Entity 1, you are required to correct the values of Score in Entity 1.

Return in json format.

Output Format Example:

{""Score"": """"}

Entity 1:

{""ProviderNumber"": ""10108"", ""HospitalName"": ""prattville baptist hospital"", ""Address1"": ""124 s memorial dr"", ""Address2"": ""empty"", ""Address3"": ""empty"", ""City"": ""prattville"", ""State"": ""al"", ""ZipCode"": ""36067"", ""CountyName"": ""autauga"", ""PhoneNumber"": ""3343614267"", ""HospitalType"": ""acute care hospitals"", ""HospitalOwner"": ""voluntary non-profit - private"", ""EmergencyService"": ""yes"", ""Condition"": ""pneumonia"", ""MeasureCode"": ""pn-5c"", ""MeasureName"": ""pneumonia patients given initial antibiotic(s) within 6 hours after arrival"", ""Score"": ""x4%"", ""Sample"": ""131 patients"", ""Stateavg"": ""al_pn-5c"", ""count"": 1}

Take these rows as reference:

{""ProviderNumber"": ""10108"", ""HospitalName"": ""prattville baptist hospital"", ""Address1"": ""124 s memorial dr"", ""Address2"": ""empty"", ""Address3"": ""empty"", ""City"": ""prattville"", ""State"": ""ax"", ""ZipCode"": ""36067"", ""CountyName"": ""autauga"", ""PhoneNumber"": ""3343614267"", ""HospitalType"": ""acute care hospitals"", ""HospitalOwner"": ""voluntary non-profit - private"", ""EmergencyService"": ""yes"", ""Condition"": ""pneumonia"", ""MeasureCode"": ""pn-2"", ""MeasureName"": ""pneumonia patients assessed and given pneumococcal vaccination"", ""Score"": ""94%"", ""Sample"": ""116 patients"", ""Stateavg"": ""al_pn-2""}

{""ProviderNumber"": ""10108"", ""HospitalName"": ""prattville baptist hospital"", ""Address1"": ""124 s memorial dr"", ""Address2"": ""empty"", ""Address3"": ""empty"", ""City"": ""prattville"", ""State"": ""al"", ""ZipCode"": ""3x0x7"", ""CountyName"": ""autauga"", ""PhoneNumber"": ""3343614267"", ""HospitalType"": ""acute care hospitals"", ""HospitalOwner"": ""voluntary non-profit - private"", ""EmergencyService"": ""yes"", ""Condition"": ""pneumonia"", ""MeasureCode"": ""pn-6"", ""MeasureName"": ""pneumonia patients given the most appropriate initial antibiotic(s)"", ""Score"": ""92%"", ""Sample"": ""93 patients"", ""Stateavg"": ""al_pn-6""}

",,"{""Score"": ""94%""}","  {""Score"": ""94%""}"
210,"You are an expert in Cleaning Hospital Dataset. Given the dirty row Entity 1, you are required to correct the values of ZipCode in Entity 1.

Return in json format.

Output Format Example:

{""ZipCode"": """"}

Entity 1:

{""ProviderNumber"": ""10108"", ""HospitalName"": ""prattville baptist hospital"", ""Address1"": ""124 s memorial dr"", ""Address2"": ""empty"", ""Address3"": ""empty"", ""City"": ""prattville"", ""State"": ""al"", ""ZipCode"": ""3x0x7"", ""CountyName"": ""autauga"", ""PhoneNumber"": ""3343614267"", ""HospitalType"": ""acute care hospitals"", ""HospitalOwner"": ""voluntary non-profit - private"", ""EmergencyService"": ""yes"", ""Condition"": ""pneumonia"", ""MeasureCode"": ""pn-6"", ""MeasureName"": ""pneumonia patients given the most appropriate initial antibiotic(s)"", ""Score"": ""92%"", ""Sample"": ""93 patients"", ""Stateavg"": ""al_pn-6"", ""count"": 1}

Take these rows as reference:

{""ProviderNumber"": ""10108"", ""HospitalName"": ""prattville baptist hospital"", ""Address1"": ""124 s memorial dr"", ""Address2"": ""empty"", ""Address3"": ""empty"", ""City"": ""prattville"", ""State"": ""al"", ""ZipCode"": ""36067"", ""CountyName"": ""autauga"", ""PhoneNumber"": ""3343614267"", ""HospitalType"": ""acute care hospitals"", ""HospitalOwner"": ""voluntary non-profit - private"", ""EmergencyService"": ""yes"", ""Condition"": ""heart failure"", ""MeasureCode"": ""hx-1"", ""MeasureName"": ""heart failure patients given discharge instructions"", ""Score"": ""96%"", ""Sample"": ""75 patients"", ""Stateavg"": ""al_hf-1""}

{""ProviderNumber"": ""10108"", ""HospitalName"": ""prattville baptist hospital"", ""Address1"": ""124 s memorial dr"", ""Address2"": ""empty"", ""Address3"": ""empty"", ""City"": ""prattville"", ""State"": ""al"", ""ZipCode"": ""36067"", ""CountyName"": ""autauga"", ""PhoneNumber"": ""3343614267"", ""HospitalType"": ""acute care hospitals"", ""HospitalOwner"": ""voluntary non-profit - private"", ""EmergencyService"": ""yes"", ""Condition"": ""heart attack"", ""MeasureCode"": ""ami-4"", ""MeasureName"": ""heart attack patients given smoking cessation advice/counseling"", ""Score"": ""empty"", ""Sample"": ""0 patients"", ""Stateavg"": ""al_ami-4""}

",,"{""ZipCode"": ""36067""}","  {""ZipCode"": ""36067""}"
211,"You are an expert in Cleaning Hospital Dataset. Given the dirty row Entity 1, you are required to correct the values of ProviderNumber in Entity 1.

Return in json format.

Output Format Example:

{""ProviderNumber"": """"}

Entity 1:

{""ProviderNumber"": ""x0x08"", ""HospitalName"": ""prattville baptist hospital"", ""Address1"": ""124 s memorial dr"", ""Address2"": ""empty"", ""Address3"": ""empty"", ""City"": ""prattville"", ""State"": ""al"", ""ZipCode"": ""36067"", ""CountyName"": ""autauga"", ""PhoneNumber"": ""3343614267"", ""HospitalType"": ""acute care hospitals"", ""HospitalOwner"": ""voluntary non-profit - private"", ""EmergencyService"": ""yes"", ""Condition"": ""surgical infection prevention"", ""MeasureCode"": ""scip-card-2"", ""MeasureName"": ""surgery patients who were taking heart drugs called beta blockers before coming to the hospital who were kept on the beta blockers during the period just before and after their surgery"", ""Score"": ""100%"", ""Sample"": ""1 patients"", ""Stateavg"": ""al_scip-card-2"", ""count"": 1}

Take these rows as reference:

{""ProviderNumber"": ""10108"", ""HospitalName"": ""prattville baptist hospital"", ""Address1"": ""124 s memorial dr"", ""Address2"": ""empty"", ""Address3"": ""empty"", ""City"": ""prattville"", ""State"": ""al"", ""ZipCode"": ""36067"", ""CountyName"": ""autauga"", ""PhoneNumber"": ""3343614267"", ""HospitalType"": ""acute care hospitals"", ""HospitalOwner"": ""voluntary non-profit - private"", ""EmergencyService"": ""yes"", ""Condition"": ""pneumonia"", ""MeasureCode"": ""pn-3b"", ""MeasureName"": ""pneumonia patients whose initial emergency room blood culture was performed prior to the administration of the first hospital dose of antibiotics"", ""Score"": ""95%"", ""Sample"": ""138 patients"", ""Stateavg"": ""al_pn-3b""}

{""ProviderNumber"": ""10087"", ""HospitalName"": ""univ of south alabama medical center"", ""Address1"": ""2451 fillingim street"", ""Address2"": ""empty"", ""Address3"": ""empty"", ""City"": ""mobile"", ""State"": ""al"", ""ZipCode"": ""36617"", ""CountyName"": ""mobile"", ""PhoneNumber"": ""2514717110"", ""HospitalType"": ""acute care hospitals"", ""HospitalOwner"": ""government - state"", ""EmergencyService"": ""yes"", ""Condition"": ""pneumonia"", ""MeasureCode"": ""pn-xb"", ""MeasureName"": ""pneumonia patients whose initial emergency room blood culture was performed prior to the administration of the first hospital dose of antibiotics"", ""Score"": ""89%"", ""Sample"": ""35 patients"", ""Stateavg"": ""al_pn-3b""}

",,"{""ProviderNumber"": ""10108""}","  {""ProviderNumber"": ""10087""}"
212,"You are an expert in Cleaning Hospital Dataset. Given the dirty row Entity 1, you are required to correct the values of MeasureCode in Entity 1.

Return in json format.

Output Format Example:

{""MeasureCode"": """"}

Entity 1:

{""ProviderNumber"": ""10108"", ""HospitalName"": ""prattville baptist hospital"", ""Address1"": ""124 s memorial dr"", ""Address2"": ""empty"", ""Address3"": ""empty"", ""City"": ""prattville"", ""State"": ""al"", ""ZipCode"": ""36067"", ""CountyName"": ""autauga"", ""PhoneNumber"": ""3343614267"", ""HospitalType"": ""acute care hospitals"", ""HospitalOwner"": ""voluntary non-profit - private"", ""EmergencyService"": ""yes"", ""Condition"": ""surgical infection prevention"", ""MeasureCode"": ""scipxinfx1"", ""MeasureName"": ""surgery patients who were given an antibiotic at the right time (within one hour before surgery) to help prevent infection"", ""Score"": ""90%"", ""Sample"": ""10 patients"", ""Stateavg"": ""al_scip-inf-1"", ""count"": 1}

Take these rows as reference:

{""ProviderNumber"": ""10108"", ""HospitalName"": ""prattville baptist hospital"", ""Address1"": ""124 s memorial dr"", ""Address2"": ""empty"", ""Address3"": ""empty"", ""City"": ""prattville"", ""State"": ""al"", ""ZipCode"": ""36067"", ""CountyName"": ""autauga"", ""PhoneNumber"": ""3343614267"", ""HospitalType"": ""acute care hospitals"", ""HospitalOwner"": ""voluntary non-profit - private"", ""EmergencyService"": ""yes"", ""Condition"": ""pneumonia"", ""MeasureCode"": ""pn-3b"", ""MeasureName"": ""pneumonia patients whose initial emergency room blood culture was performed prior to the administration of the first hospital dose of antibiotics"", ""Score"": ""95%"", ""Sample"": ""138 patients"", ""Stateavg"": ""al_pn-3b""}

{""ProviderNumber"": ""10108"", ""HospitalName"": ""prattville baptist hospital"", ""Address1"": ""124 s memorial dr"", ""Address2"": ""empty"", ""Address3"": ""empty"", ""City"": ""prattville"", ""State"": ""al"", ""ZipCode"": ""36067"", ""CountyName"": ""autauga"", ""PhoneNumber"": ""3343614267"", ""HospitalType"": ""acute care hospitals"", ""HospitalOwner"": ""voluntary non-profit - private"", ""EmergencyService"": ""yes"", ""Condition"": ""hxart failurx"", ""MeasureCode"": ""hf-3"", ""MeasureName"": ""heart failure patients given ace inhibitor or arb for left ventricular systolic dysfunction (lvsd)"", ""Score"": ""94%"", ""Sample"": ""18 patients"", ""Stateavg"": ""al_hf-3""}

",,"{""MeasureCode"": ""scip-inf-1""}","  {""MeasureCode"": ""scip-inf-1""}"
213,"You are an expert in Cleaning Hospital Dataset. Given the dirty row Entity 1, you are required to correct the values of EmergencyService in Entity 1.

Return in json format.

Output Format Example:

{""EmergencyService"": """"}

Entity 1:

{""ProviderNumber"": ""10108"", ""HospitalName"": ""prattville baptist hospital"", ""Address1"": ""124 s memorial dr"", ""Address2"": ""empty"", ""Address3"": ""empty"", ""City"": ""prattville"", ""State"": ""al"", ""ZipCode"": ""36067"", ""CountyName"": ""autauga"", ""PhoneNumber"": ""3343614267"", ""HospitalType"": ""acute care hospitals"", ""HospitalOwner"": ""voluntary non-profit - private"", ""EmergencyService"": ""yxs"", ""Condition"": ""surgical infection prevention"", ""MeasureCode"": ""scip-inf-2"", ""MeasureName"": ""surgery patients who were given the  right kind  of antibiotic to help prevent infection"", ""Score"": ""90%"", ""Sample"": ""10 patients"", ""Stateavg"": ""al_scip-inf-2"", ""count"": 1}

Take these rows as reference:

{""ProviderNumber"": ""10108"", ""HospitalName"": ""prattville baptist hospital"", ""Address1"": ""124 s memorial dr"", ""Address2"": ""empty"", ""Address3"": ""empty"", ""City"": ""prattville"", ""State"": ""al"", ""ZipCode"": ""36067"", ""CountyName"": ""autauga"", ""PhoneNumber"": ""3343614267"", ""HospitalType"": ""acute care hospitals"", ""HospitalOwner"": ""voluntary non-profit - private"", ""EmergencyService"": ""yes"", ""Condition"": ""hxart failurx"", ""MeasureCode"": ""hf-3"", ""MeasureName"": ""heart failure patients given ace inhibitor or arb for left ventricular systolic dysfunction (lvsd)"", ""Score"": ""94%"", ""Sample"": ""18 patients"", ""Stateavg"": ""al_hf-3""}

{""ProviderNumber"": ""10108"", ""HospitalName"": ""prattville baptist hospital"", ""Address1"": ""124xsxmemorialxdr"", ""Address2"": ""empty"", ""Address3"": ""empty"", ""City"": ""prattville"", ""State"": ""al"", ""ZipCode"": ""36067"", ""CountyName"": ""autauga"", ""PhoneNumber"": ""33x361x267"", ""HospitalType"": ""acute care hospitals"", ""HospitalOwner"": ""voluntary non-profit - private"", ""EmergencyService"": ""yes"", ""Condition"": ""heart attack"", ""MeasureCode"": ""ami-3"", ""MeasureName"": ""heart attack patients given ace inhibitor or arb for left ventricular systolic dysfunction (lvsd)"", ""Score"": ""67%"", ""Sample"": ""3 patients"", ""Stateavg"": ""al_ami-3""}

",,"{""EmergencyService"": ""yes""}","  {""EmergencyService"": ""yes""}"
214,"You are an expert in Cleaning Hospital Dataset. Given the dirty row Entity 1, you are required to correct the values of Address1 in Entity 1.

Return in json format.

Output Format Example:

{""Address1"": """"}

Entity 1:

{""ProviderNumber"": ""10108"", ""HospitalName"": ""prattville baptist hospital"", ""Address1"": ""124 s mxmorial dr"", ""Address2"": ""empty"", ""Address3"": ""empty"", ""City"": ""prattville"", ""State"": ""al"", ""ZipCode"": ""36067"", ""CountyName"": ""autauga"", ""PhoneNumber"": ""3343614267"", ""HospitalType"": ""acute care hosxitals"", ""HospitalOwner"": ""voluntary non-profit - private"", ""EmergencyService"": ""yes"", ""Condition"": ""surgical infection prevention"", ""MeasureCode"": ""scip-inf-3"", ""MeasureName"": ""surgery patients whose preventive antibiotics were stopped at the right time (within 24 hours after surgery)"", ""Score"": ""1xx%"", ""Sample"": ""10 patients"", ""Stateavg"": ""al_scip-inf-3"", ""count"": 3}

Take these rows as reference:

{""ProviderNumber"": ""10108"", ""HospitalName"": ""prattville baptist hospital"", ""Address1"": ""124 s memorial dr"", ""Address2"": ""empty"", ""Address3"": ""empty"", ""City"": ""prattville"", ""State"": ""al"", ""ZipCode"": ""36067"", ""CountyName"": ""autauga"", ""PhoneNumber"": ""3343614267"", ""HospitalType"": ""acute care hospitals"", ""HospitalOwner"": ""voluntary non-profit - private"", ""EmergencyService"": ""yes"", ""Condition"": ""pneumonia"", ""MeasureCode"": ""pn-3b"", ""MeasureName"": ""pneumonia patients whose initial emergency room blood culture was performed prior to the administration of the first hospital dose of antibiotics"", ""Score"": ""95%"", ""Sample"": ""138 patients"", ""Stateavg"": ""al_pn-3b""}

{""ProviderNumber"": ""10087"", ""HospitalName"": ""univ of south alabama medical center"", ""Address1"": ""2451 fillingim street"", ""Address2"": ""empty"", ""Address3"": ""empty"", ""City"": ""mobile"", ""State"": ""al"", ""ZipCode"": ""36617"", ""CountyName"": ""mobile"", ""PhoneNumber"": ""2514717110"", ""HospitalType"": ""acute care hospitals"", ""HospitalOwner"": ""government - state"", ""EmergencyService"": ""yes"", ""Condition"": ""pneumonia"", ""MeasureCode"": ""pn-xb"", ""MeasureName"": ""pneumonia patients whose initial emergency room blood culture was performed prior to the administration of the first hospital dose of antibiotics"", ""Score"": ""89%"", ""Sample"": ""35 patients"", ""Stateavg"": ""al_pn-3b""}

",,"{""Address1"": ""124 s memorial dr""}","  {""Address1"": ""124 s memorial dr""}"
215,"You are an expert in Cleaning Hospital Dataset. Given the dirty row Entity 1, you are required to correct the values of HospitalType in Entity 1.

Return in json format.

Output Format Example:

{""HospitalType"": """"}

Entity 1:

{""ProviderNumber"": ""10108"", ""HospitalName"": ""prattville baptist hospital"", ""Address1"": ""124 s mxmorial dr"", ""Address2"": ""empty"", ""Address3"": ""empty"", ""City"": ""prattville"", ""State"": ""al"", ""ZipCode"": ""36067"", ""CountyName"": ""autauga"", ""PhoneNumber"": ""3343614267"", ""HospitalType"": ""acute care hosxitals"", ""HospitalOwner"": ""voluntary non-profit - private"", ""EmergencyService"": ""yes"", ""Condition"": ""surgical infection prevention"", ""MeasureCode"": ""scip-inf-3"", ""MeasureName"": ""surgery patients whose preventive antibiotics were stopped at the right time (within 24 hours after surgery)"", ""Score"": ""1xx%"", ""Sample"": ""10 patients"", ""Stateavg"": ""al_scip-inf-3"", ""count"": 3}

Take these rows as reference:

{""ProviderNumber"": ""10108"", ""HospitalName"": ""prattville baptist hospital"", ""Address1"": ""124 s memorial dr"", ""Address2"": ""empty"", ""Address3"": ""empty"", ""City"": ""prattville"", ""State"": ""al"", ""ZipCode"": ""36067"", ""CountyName"": ""autauga"", ""PhoneNumber"": ""3343614267"", ""HospitalType"": ""acute care hospitals"", ""HospitalOwner"": ""voluntary non-profit - private"", ""EmergencyService"": ""yes"", ""Condition"": ""heart attack"", ""MeasureCode"": ""ami-7a"", ""MeasureName"": ""heart attack patients given fibrinolytic medication within 30 minutes of arrival"", ""Score"": ""empty"", ""Sample"": ""0 patients"", ""Stateavg"": ""al_ami-7a""}

{""ProviderNumber"": ""10108"", ""HospitalName"": ""prattville baptist hospital"", ""Address1"": ""124 s memorial dr"", ""Address2"": ""empty"", ""Address3"": ""empty"", ""City"": ""prattville"", ""State"": ""al"", ""ZipCode"": ""36067"", ""CountyName"": ""autauga"", ""PhoneNumber"": ""3343614267"", ""HospitalType"": ""acute care hospitals"", ""HospitalOwner"": ""voluntary non-profit - private"", ""EmergencyService"": ""yes"", ""Condition"": ""heart attack"", ""MeasureCode"": ""ami-7a"", ""MeasureName"": ""heart attack patients given fibrinolytic medication within 30 minutes of arrival"", ""Score"": ""empty"", ""Sample"": ""0 patients"", ""Stateavg"": ""al_ami-7a""}

",,"{""HospitalType"": ""acute care hospitals""}","  {""HospitalType"": ""acute care hospitals""}"
216,"You are an expert in Cleaning Hospital Dataset. Given the dirty row Entity 1, you are required to correct the values of Score in Entity 1.

Return in json format.

Output Format Example:

{""Score"": """"}

Entity 1:

{""ProviderNumber"": ""10108"", ""HospitalName"": ""prattville baptist hospital"", ""Address1"": ""124 s mxmorial dr"", ""Address2"": ""empty"", ""Address3"": ""empty"", ""City"": ""prattville"", ""State"": ""al"", ""ZipCode"": ""36067"", ""CountyName"": ""autauga"", ""PhoneNumber"": ""3343614267"", ""HospitalType"": ""acute care hosxitals"", ""HospitalOwner"": ""voluntary non-profit - private"", ""EmergencyService"": ""yes"", ""Condition"": ""surgical infection prevention"", ""MeasureCode"": ""scip-inf-3"", ""MeasureName"": ""surgery patients whose preventive antibiotics were stopped at the right time (within 24 hours after surgery)"", ""Score"": ""1xx%"", ""Sample"": ""10 patients"", ""Stateavg"": ""al_scip-inf-3"", ""count"": 3}

Take these rows as reference:

{""ProviderNumber"": ""10087"", ""HospitalName"": ""univ of south alabama medical center"", ""Address1"": ""2451 fillingim street"", ""Address2"": ""empty"", ""Address3"": ""empty"", ""City"": ""mobile"", ""State"": ""al"", ""ZipCode"": ""36617"", ""CountyName"": ""mobile"", ""PhoneNumber"": ""2514717110"", ""HospitalType"": ""acute care hospitals"", ""HospitalOwner"": ""government - state"", ""EmergencyService"": ""yes"", ""Condition"": ""pneumonia"", ""MeasureCode"": ""pn-xb"", ""MeasureName"": ""pneumonia patients whose initial emergency room blood culture was performed prior to the administration of the first hospital dose of antibiotics"", ""Score"": ""89%"", ""Sample"": ""35 patients"", ""Stateavg"": ""al_pn-3b""}

{""ProviderNumber"": ""10108"", ""HospitalName"": ""prattville baptist hospital"", ""Address1"": ""124 s memorial dr"", ""Address2"": ""empty"", ""Address3"": ""empty"", ""City"": ""prattville"", ""State"": ""al"", ""ZipCode"": ""36067"", ""CountyName"": ""autauga"", ""PhoneNumber"": ""3343614267"", ""HospitalType"": ""acute care hospitals"", ""HospitalOwner"": ""voluntary non-profit - private"", ""EmergencyService"": ""yes"", ""Condition"": ""pneumonia"", ""MeasureCode"": ""pn-3b"", ""MeasureName"": ""pneumonia patients whose initial emergency room blood culture was performed prior to the administration of the first hospital dose of antibiotics"", ""Score"": ""95%"", ""Sample"": ""138 patients"", ""Stateavg"": ""al_pn-3b""}

",,"{""Score"": ""100%""}","  {""Score"": ""100%""}"
217,"You are an expert in Cleaning Hospital Dataset. Given the dirty row Entity 1, you are required to correct the values of HospitalType in Entity 1.

Return in json format.

Output Format Example:

{""HospitalType"": """"}

Entity 1:

{""ProviderNumber"": ""10158"", ""HospitalName"": ""russellville hospital"", ""Address1"": ""15155 highway 43"", ""Address2"": ""empty"", ""Address3"": ""empty"", ""City"": ""russellville"", ""State"": ""al"", ""ZipCode"": ""35653"", ""CountyName"": ""franklin"", ""PhoneNumber"": ""2563321611"", ""HospitalType"": ""acuxe care hospixals"", ""HospitalOwner"": ""proprietary"", ""EmergencyService"": ""yes"", ""Condition"": ""surgical infection prevention"", ""MeasureCode"": ""scip-vte-2"", ""MeasureName"": ""patients who got treatment  at the right time (within 24 hours before or after their surgery) to help prevent blood clots after certain types of surgery"", ""Score"": ""98%"", ""Sample"": ""125 patixnts"", ""Stateavg"": ""al_scip-vte-2"", ""count"": 2}

Take these rows as reference:

{""ProviderNumber"": ""10108"", ""HospitalName"": ""prattville baptist hospital"", ""Address1"": ""124 s mxmorial dr"", ""Address2"": ""empty"", ""Address3"": ""empty"", ""City"": ""prattville"", ""State"": ""al"", ""ZipCode"": ""36067"", ""CountyName"": ""autauga"", ""PhoneNumber"": ""3343614267"", ""HospitalType"": ""acute care hosxitals"", ""HospitalOwner"": ""voluntary non-profit - private"", ""EmergencyService"": ""yes"", ""Condition"": ""surgical infection prevention"", ""MeasureCode"": ""scip-inf-3"", ""MeasureName"": ""surgery patients whose preventive antibiotics were stopped at the right time (within 24 hours after surgery)"", ""Score"": ""1xx%"", ""Sample"": ""10 patients"", ""Stateavg"": ""al_scip-inf-3""}

{""ProviderNumber"": ""10108"", ""HospitalName"": ""prattville baptist hospital"", ""Address1"": ""124 s mxmorial dr"", ""Address2"": ""empty"", ""Address3"": ""empty"", ""City"": ""prattville"", ""State"": ""al"", ""ZipCode"": ""36067"", ""CountyName"": ""autauga"", ""PhoneNumber"": ""3343614267"", ""HospitalType"": ""acute care hosxitals"", ""HospitalOwner"": ""voluntary non-profit - private"", ""EmergencyService"": ""yes"", ""Condition"": ""surgical infection prevention"", ""MeasureCode"": ""scip-inf-3"", ""MeasureName"": ""surgery patients whose preventive antibiotics were stopped at the right time (within 24 hours after surgery)"", ""Score"": ""1xx%"", ""Sample"": ""10 patients"", ""Stateavg"": ""al_scip-inf-3""}

",,"{""HospitalType"": ""acute care hospitals""}","  {""HospitalType"": ""acute care hospitals""}"
218,"You are an expert in Cleaning Hospital Dataset. Given the dirty row Entity 1, you are required to correct the values of Sample in Entity 1.

Return in json format.

Output Format Example:

{""Sample"": """"}

Entity 1:

{""ProviderNumber"": ""10158"", ""HospitalName"": ""russellville hospital"", ""Address1"": ""15155 highway 43"", ""Address2"": ""empty"", ""Address3"": ""empty"", ""City"": ""russellville"", ""State"": ""al"", ""ZipCode"": ""35653"", ""CountyName"": ""franklin"", ""PhoneNumber"": ""2563321611"", ""HospitalType"": ""acuxe care hospixals"", ""HospitalOwner"": ""proprietary"", ""EmergencyService"": ""yes"", ""Condition"": ""surgical infection prevention"", ""MeasureCode"": ""scip-vte-2"", ""MeasureName"": ""patients who got treatment  at the right time (within 24 hours before or after their surgery) to help prevent blood clots after certain types of surgery"", ""Score"": ""98%"", ""Sample"": ""125 patixnts"", ""Stateavg"": ""al_scip-vte-2"", ""count"": 2}

Take these rows as reference:

{""ProviderNumber"": ""10108"", ""HospitalName"": ""prattville baptist hospital"", ""Address1"": ""124 s mxmorial dr"", ""Address2"": ""empty"", ""Address3"": ""empty"", ""City"": ""prattville"", ""State"": ""al"", ""ZipCode"": ""36067"", ""CountyName"": ""autauga"", ""PhoneNumber"": ""3343614267"", ""HospitalType"": ""acute care hosxitals"", ""HospitalOwner"": ""voluntary non-profit - private"", ""EmergencyService"": ""yes"", ""Condition"": ""surgical infection prevention"", ""MeasureCode"": ""scip-inf-3"", ""MeasureName"": ""surgery patients whose preventive antibiotics were stopped at the right time (within 24 hours after surgery)"", ""Score"": ""1xx%"", ""Sample"": ""10 patients"", ""Stateavg"": ""al_scip-inf-3""}

{""ProviderNumber"": ""10108"", ""HospitalName"": ""prattville baptist hospital"", ""Address1"": ""124 s mxmorial dr"", ""Address2"": ""empty"", ""Address3"": ""empty"", ""City"": ""prattville"", ""State"": ""al"", ""ZipCode"": ""36067"", ""CountyName"": ""autauga"", ""PhoneNumber"": ""3343614267"", ""HospitalType"": ""acute care hosxitals"", ""HospitalOwner"": ""voluntary non-profit - private"", ""EmergencyService"": ""yes"", ""Condition"": ""surgical infection prevention"", ""MeasureCode"": ""scip-inf-3"", ""MeasureName"": ""surgery patients whose preventive antibiotics were stopped at the right time (within 24 hours after surgery)"", ""Score"": ""1xx%"", ""Sample"": ""10 patients"", ""Stateavg"": ""al_scip-inf-3""}

",,"{""Sample"": ""125 patients""}","  {""Sample"": ""125 patients""}"
219,"You are an expert in Cleaning Hospital Dataset. Given the dirty row Entity 1, you are required to correct the values of Address1 in Entity 1.

Return in json format.

Output Format Example:

{""Address1"": """"}

Entity 1:

{""ProviderNumber"": ""10164"", ""HospitalName"": ""coosa valley medical center"", ""Address1"": ""315 w hickxry st"", ""Address2"": ""empty"", ""Address3"": ""empty"", ""City"": ""sylacauga"", ""State"": ""al"", ""ZipCode"": ""35150"", ""CountyName"": ""tallaxega"", ""PhoneNumber"": ""2562495000"", ""HospitalType"": ""acute care hospitals"", ""HospitalOwner"": ""voluntary non-profit - other"", ""EmergencyService"": ""no"", ""Condition"": ""heart attack"", ""MeasureCode"": ""ami-2"", ""MeasureName"": ""heart attack patients given aspirin at discharge"", ""Score"": ""100%"", ""Sample"": ""3 patients"", ""Stateavg"": ""al_ami-2"", ""count"": 2}

Take these rows as reference:

{""ProviderNumber"": ""10158"", ""HospitalName"": ""russellville hospital"", ""Address1"": ""15155 highway 43"", ""Address2"": ""empty"", ""Address3"": ""empty"", ""City"": ""russellville"", ""State"": ""al"", ""ZipCode"": ""35653"", ""CountyName"": ""franklin"", ""PhoneNumber"": ""2563321611"", ""HospitalType"": ""acuxe care hospixals"", ""HospitalOwner"": ""proprietary"", ""EmergencyService"": ""yes"", ""Condition"": ""surgical infection prevention"", ""MeasureCode"": ""scip-vte-2"", ""MeasureName"": ""patients who got treatment  at the right time (within 24 hours before or after their surgery) to help prevent blood clots after certain types of surgery"", ""Score"": ""98%"", ""Sample"": ""125 patixnts"", ""Stateavg"": ""al_scip-vte-2""}

{""ProviderNumber"": ""10158"", ""HospitalName"": ""russellville hospital"", ""Address1"": ""15155 highway 43"", ""Address2"": ""empty"", ""Address3"": ""empty"", ""City"": ""russellville"", ""State"": ""al"", ""ZipCode"": ""35653"", ""CountyName"": ""franklin"", ""PhoneNumber"": ""2563321611"", ""HospitalType"": ""acuxe care hospixals"", ""HospitalOwner"": ""proprietary"", ""EmergencyService"": ""yes"", ""Condition"": ""surgical infection prevention"", ""MeasureCode"": ""scip-vte-2"", ""MeasureName"": ""patients who got treatment  at the right time (within 24 hours before or after their surgery) to help prevent blood clots after certain types of surgery"", ""Score"": ""98%"", ""Sample"": ""125 patixnts"", ""Stateavg"": ""al_scip-vte-2""}

",,"{""Address1"": ""315 w hickory st""}","  {""Address1"": ""315 w hickory st""}"
220,"You are an expert in Cleaning Hospital Dataset. Given the dirty row Entity 1, you are required to correct the values of CountyName in Entity 1.

Return in json format.

Output Format Example:

{""CountyName"": """"}

Entity 1:

{""ProviderNumber"": ""10164"", ""HospitalName"": ""coosa valley medical center"", ""Address1"": ""315 w hickxry st"", ""Address2"": ""empty"", ""Address3"": ""empty"", ""City"": ""sylacauga"", ""State"": ""al"", ""ZipCode"": ""35150"", ""CountyName"": ""tallaxega"", ""PhoneNumber"": ""2562495000"", ""HospitalType"": ""acute care hospitals"", ""HospitalOwner"": ""voluntary non-profit - other"", ""EmergencyService"": ""no"", ""Condition"": ""heart attack"", ""MeasureCode"": ""ami-2"", ""MeasureName"": ""heart attack patients given aspirin at discharge"", ""Score"": ""100%"", ""Sample"": ""3 patients"", ""Stateavg"": ""al_ami-2"", ""count"": 2}

Take these rows as reference:

{""ProviderNumber"": ""10164"", ""HospitalName"": ""coosa valley medical center"", ""Address1"": ""315 w hickory st"", ""Address2"": ""empty"", ""Address3"": ""empty"", ""City"": ""sylacauga"", ""State"": ""al"", ""ZipCode"": ""35150"", ""CountyName"": ""talladega"", ""PhoneNumber"": ""2562495000"", ""HospitalType"": ""acute care hospitals"", ""HospitalOwner"": ""voluntary non-profit - other"", ""EmergencyService"": ""no"", ""Condition"": ""heart failure"", ""MeasureCode"": ""hf-2"", ""MeasureName"": ""heart failure patients given an evaluation of left ventricular systolic (lvs) function"", ""Score"": ""99%"", ""Sample"": ""105 patients"", ""Stateavg"": ""al_hf-2""}

{""ProviderNumber"": ""10164"", ""HospitalName"": ""coosa valley medical center"", ""Address1"": ""315 w hickory st"", ""Address2"": ""empty"", ""Address3"": ""empty"", ""City"": ""sylacauga"", ""State"": ""al"", ""ZipCode"": ""x5150"", ""CountyName"": ""talladega"", ""PhoneNumber"": ""2562495000"", ""HospitalType"": ""acute care hospitals"", ""HospitalOwner"": ""voluntary non-profit - other"", ""EmergencyService"": ""no"", ""Condition"": ""heart attack"", ""MeasureCode"": ""ami-8a"", ""MeasureName"": ""heart attack patients given pci within 90 minutes of arrival"", ""Score"": ""empty"", ""Sample"": ""0 patients"", ""Stateavg"": ""al_ami-8a""}

",,"{""CountyName"": ""talladega""}","  {""CountyName"": ""talladega""}"
221,"You are an expert in Cleaning Hospital Dataset. Given the dirty row Entity 1, you are required to correct the values of EmergencyService in Entity 1.

Return in json format.

Output Format Example:

{""EmergencyService"": """"}

Entity 1:

{""ProviderNumber"": ""10164"", ""HospitalName"": ""coosa valley medical center"", ""Address1"": ""315 w hickory st"", ""Address2"": ""empty"", ""Address3"": ""empty"", ""City"": ""sylacauga"", ""State"": ""al"", ""ZipCode"": ""35150"", ""CountyName"": ""talladega"", ""PhoneNumber"": ""2562495000"", ""HospitalType"": ""acute care hospitals"", ""HospitalOwner"": ""voluntary non-profit - other"", ""EmergencyService"": ""xo"", ""Condition"": ""heart attack"", ""MeasureCode"": ""ami-5"", ""MeasureName"": ""heart attack patients given beta blocker at discharge"", ""Score"": ""100%"", ""Sample"": ""4 xatients"", ""Stateavg"": ""al_ami-5"", ""count"": 2}

Take these rows as reference:

{""ProviderNumber"": ""10164"", ""HospitalName"": ""coosa valley medical center"", ""Address1"": ""315 w hickory st"", ""Address2"": ""empty"", ""Address3"": ""empty"", ""City"": ""sylacauga"", ""State"": ""al"", ""ZipCode"": ""35150"", ""CountyName"": ""talladega"", ""PhoneNumber"": ""2562495000"", ""HospitalType"": ""acute care hospitals"", ""HospitalOwner"": ""voluntary non-profit - other"", ""EmergencyService"": ""no"", ""Condition"": ""heart attack"", ""MeasureCode"": ""ami-3"", ""MeasureName"": ""heart attack patients given ace inhibitor or arb for left ventricular systolic dysfunction (lvsd)"", ""Score"": ""100%"", ""Sample"": ""1 patients"", ""Stateavg"": ""al_ami-3""}

{""ProviderNumber"": ""10164"", ""HospitalName"": ""coosa valley medical center"", ""Address1"": ""315 w hickory st"", ""Address2"": ""empty"", ""Address3"": ""empty"", ""City"": ""sylacauga"", ""State"": ""al"", ""ZipCode"": ""35150"", ""CountyName"": ""talladega"", ""PhoneNumber"": ""2562495000"", ""HospitalType"": ""acute care hospitals"", ""HospitalOwner"": ""voluntary non-profit - other"", ""EmergencyService"": ""no"", ""Condition"": ""heart failure"", ""MeasureCode"": ""hf-2"", ""MeasureName"": ""heart failure patients given an evaluation of left ventricular systolic (lvs) function"", ""Score"": ""99%"", ""Sample"": ""105 patients"", ""Stateavg"": ""al_hf-2""}

",,"{""EmergencyService"": ""no""}","  {""EmergencyService"": ""no""}"
222,"You are an expert in Cleaning Hospital Dataset. Given the dirty row Entity 1, you are required to correct the values of Sample in Entity 1.

Return in json format.

Output Format Example:

{""Sample"": """"}

Entity 1:

{""ProviderNumber"": ""10164"", ""HospitalName"": ""coosa valley medical center"", ""Address1"": ""315 w hickory st"", ""Address2"": ""empty"", ""Address3"": ""empty"", ""City"": ""sylacauga"", ""State"": ""al"", ""ZipCode"": ""35150"", ""CountyName"": ""talladega"", ""PhoneNumber"": ""2562495000"", ""HospitalType"": ""acute care hospitals"", ""HospitalOwner"": ""voluntary non-profit - other"", ""EmergencyService"": ""xo"", ""Condition"": ""heart attack"", ""MeasureCode"": ""ami-5"", ""MeasureName"": ""heart attack patients given beta blocker at discharge"", ""Score"": ""100%"", ""Sample"": ""4 xatients"", ""Stateavg"": ""al_ami-5"", ""count"": 2}

Take these rows as reference:

{""ProviderNumber"": ""10164"", ""HospitalName"": ""coosa valley medical center"", ""Address1"": ""315 w hickory st"", ""Address2"": ""empty"", ""Address3"": ""empty"", ""City"": ""sylacauga"", ""State"": ""al"", ""ZipCode"": ""35150"", ""CountyName"": ""talladega"", ""PhoneNumber"": ""2562495000"", ""HospitalType"": ""acute care hospitals"", ""HospitalOwner"": ""voluntary non-profit - other"", ""EmergencyService"": ""no"", ""Condition"": ""pneumonia"", ""MeasureCode"": ""pn-3b"", ""MeasureName"": ""pneumonia patients whose initial emergency room blood culture was performed prior to the administration of the first hospital dose of antibiotics"", ""Score"": ""x7%"", ""Sample"": ""95 patients"", ""Stateavg"": ""al_pn-3b""}

{""ProviderNumber"": ""10164"", ""HospitalName"": ""coosa valley medical center"", ""Address1"": ""315 w hickxry st"", ""Address2"": ""empty"", ""Address3"": ""empty"", ""City"": ""sylacauga"", ""State"": ""al"", ""ZipCode"": ""35150"", ""CountyName"": ""tallaxega"", ""PhoneNumber"": ""2562495000"", ""HospitalType"": ""acute care hospitals"", ""HospitalOwner"": ""voluntary non-profit - other"", ""EmergencyService"": ""no"", ""Condition"": ""heart attack"", ""MeasureCode"": ""ami-2"", ""MeasureName"": ""heart attack patients given aspirin at discharge"", ""Score"": ""100%"", ""Sample"": ""3 patients"", ""Stateavg"": ""al_ami-2""}

",,"{""Sample"": ""4 patients""}","  {""Sample"": ""4 patients""}"
223,"You are an expert in Cleaning Hospital Dataset. Given the dirty row Entity 1, you are required to correct the values of ZipCode in Entity 1.

Return in json format.

Output Format Example:

{""ZipCode"": """"}

Entity 1:

{""ProviderNumber"": ""10164"", ""HospitalName"": ""coosa valley medical center"", ""Address1"": ""315 w hickory st"", ""Address2"": ""empty"", ""Address3"": ""empty"", ""City"": ""sylacauga"", ""State"": ""al"", ""ZipCode"": ""x5150"", ""CountyName"": ""talladega"", ""PhoneNumber"": ""2562495000"", ""HospitalType"": ""acute care hospitals"", ""HospitalOwner"": ""voluntary non-profit - other"", ""EmergencyService"": ""no"", ""Condition"": ""heart attack"", ""MeasureCode"": ""ami-8a"", ""MeasureName"": ""heart attack patients given pci within 90 minutes of arrival"", ""Score"": ""empty"", ""Sample"": ""0 patients"", ""Stateavg"": ""al_ami-8a"", ""count"": 1}

Take these rows as reference:

{""ProviderNumber"": ""10164"", ""HospitalName"": ""coosa valley medical center"", ""Address1"": ""315 w hickory st"", ""Address2"": ""empty"", ""Address3"": ""empty"", ""City"": ""sylacauga"", ""State"": ""al"", ""ZipCode"": ""35150"", ""CountyName"": ""talladega"", ""PhoneNumber"": ""2562495000"", ""HospitalType"": ""acute care hospitals"", ""HospitalOwner"": ""voluntary non-profit - other"", ""EmergencyService"": ""xo"", ""Condition"": ""heart attack"", ""MeasureCode"": ""ami-5"", ""MeasureName"": ""heart attack patients given beta blocker at discharge"", ""Score"": ""100%"", ""Sample"": ""4 xatients"", ""Stateavg"": ""al_ami-5""}

{""ProviderNumber"": ""10164"", ""HospitalName"": ""coosa valley medical center"", ""Address1"": ""315 w hickory st"", ""Address2"": ""empty"", ""Address3"": ""empty"", ""City"": ""sylacauga"", ""State"": ""al"", ""ZipCode"": ""35150"", ""CountyName"": ""talladega"", ""PhoneNumber"": ""2562495000"", ""HospitalType"": ""acute care hospitals"", ""HospitalOwner"": ""voluntary non-profit - other"", ""EmergencyService"": ""no"", ""Condition"": ""pneumonia"", ""MeasureCode"": ""pn-3b"", ""MeasureName"": ""pneumonia patients whose initial emergency room blood culture was performed prior to the administration of the first hospital dose of antibiotics"", ""Score"": ""x7%"", ""Sample"": ""95 patients"", ""Stateavg"": ""al_pn-3b""}

",,"{""ZipCode"": ""35150""}","  {""ZipCode"": ""35150""}"
224,"You are an expert in Cleaning Hospital Dataset. Given the dirty row Entity 1, you are required to correct the values of Score in Entity 1.

Return in json format.

Output Format Example:

{""Score"": """"}

Entity 1:

{""ProviderNumber"": ""10164"", ""HospitalName"": ""coosa valley medical center"", ""Address1"": ""315 w hickory st"", ""Address2"": ""empty"", ""Address3"": ""empty"", ""City"": ""sylacauga"", ""State"": ""al"", ""ZipCode"": ""35150"", ""CountyName"": ""talladega"", ""PhoneNumber"": ""2562495000"", ""HospitalType"": ""acute care hospitals"", ""HospitalOwner"": ""voluntary non-profit - other"", ""EmergencyService"": ""no"", ""Condition"": ""pneumonia"", ""MeasureCode"": ""pn-3b"", ""MeasureName"": ""pneumonia patients whose initial emergency room blood culture was performed prior to the administration of the first hospital dose of antibiotics"", ""Score"": ""x7%"", ""Sample"": ""95 patients"", ""Stateavg"": ""al_pn-3b"", ""count"": 1}

Take these rows as reference:

{""ProviderNumber"": ""10164"", ""HospitalName"": ""coosa valley medical center"", ""Address1"": ""315 w hickory st"", ""Address2"": ""empty"", ""Address3"": ""empty"", ""City"": ""sylacauga"", ""State"": ""al"", ""ZipCode"": ""35150"", ""CountyName"": ""talladega"", ""PhoneNumber"": ""2562495000"", ""HospitalType"": ""acute care hospitals"", ""HospitalOwner"": ""voluntary non-profit - other"", ""EmergencyService"": ""no"", ""Condition"": ""pneumonia"", ""MeasureCode"": ""pn-3b"", ""MeasureName"": ""pneumonia patients whose initial emergency room blood culture was performed prior to the administration of the first hospital dose of antibiotics"", ""Score"": ""x7%"", ""Sample"": ""95 patients"", ""Stateavg"": ""al_pn-3b""}

{""ProviderNumber"": ""10164"", ""HospitalName"": ""coosa valley medical center"", ""Address1"": ""315 w hickory st"", ""Address2"": ""empty"", ""Address3"": ""empty"", ""City"": ""sylacauga"", ""State"": ""al"", ""ZipCode"": ""3x1x0"", ""CountyName"": ""talladega"", ""PhoneNumber"": ""2562495000"", ""HospitalType"": ""acute care hospitals"", ""HospitalOwner"": ""voluntary non-profit - other"", ""EmergencyService"": ""no"", ""Condition"": ""pneumonia"", ""MeasureCode"": ""pn-5c"", ""MeasureName"": ""pneumonia patients given initial antibiotic(s) within 6 hours after arrival"", ""Score"": ""97%"", ""Sample"": ""101 patients"", ""Stateavg"": ""al_pn-5c""}

",,"{""Score"": ""97%""}","  {""Score"": ""97%""}"
225,"You are an expert in Cleaning Hospital Dataset. Given the dirty row Entity 1, you are required to correct the values of ZipCode in Entity 1.

Return in json format.

Output Format Example:

{""ZipCode"": """"}

Entity 1:

{""ProviderNumber"": ""10164"", ""HospitalName"": ""coosa valley medical center"", ""Address1"": ""315 w hickory st"", ""Address2"": ""empty"", ""Address3"": ""empty"", ""City"": ""sylacauga"", ""State"": ""al"", ""ZipCode"": ""3x1x0"", ""CountyName"": ""talladega"", ""PhoneNumber"": ""2562495000"", ""HospitalType"": ""acute care hospitals"", ""HospitalOwner"": ""voluntary non-profit - other"", ""EmergencyService"": ""no"", ""Condition"": ""pneumonia"", ""MeasureCode"": ""pn-5c"", ""MeasureName"": ""pneumonia patients given initial antibiotic(s) within 6 hours after arrival"", ""Score"": ""97%"", ""Sample"": ""101 patients"", ""Stateavg"": ""al_pn-5c"", ""count"": 1}

Take these rows as reference:

{""ProviderNumber"": ""10164"", ""HospitalName"": ""coosa valley medical center"", ""Address1"": ""315 w hickxry st"", ""Address2"": ""empty"", ""Address3"": ""empty"", ""City"": ""sylacauga"", ""State"": ""al"", ""ZipCode"": ""35150"", ""CountyName"": ""tallaxega"", ""PhoneNumber"": ""2562495000"", ""HospitalType"": ""acute care hospitals"", ""HospitalOwner"": ""voluntary non-profit - other"", ""EmergencyService"": ""no"", ""Condition"": ""heart attack"", ""MeasureCode"": ""ami-2"", ""MeasureName"": ""heart attack patients given aspirin at discharge"", ""Score"": ""100%"", ""Sample"": ""3 patients"", ""Stateavg"": ""al_ami-2""}

{""ProviderNumber"": ""10164"", ""HospitalName"": ""coosa valley medical center"", ""Address1"": ""315 w hickory st"", ""Address2"": ""empty"", ""Address3"": ""empty"", ""City"": ""sylacauga"", ""State"": ""al"", ""ZipCode"": ""35150"", ""CountyName"": ""talladega"", ""PhoneNumber"": ""2562495000"", ""HospitalType"": ""acute care hospitals"", ""HospitalOwner"": ""voluntary non-profit - other"", ""EmergencyService"": ""no"", ""Condition"": ""heart failure"", ""MeasureCode"": ""hf-2"", ""MeasureName"": ""heart failure patients given an evaluation of left ventricular systolic (lvs) function"", ""Score"": ""99%"", ""Sample"": ""105 patients"", ""Stateavg"": ""al_hf-2""}

",,"{""ZipCode"": ""35150""}","  {""ZipCode"": ""35150""}"
226,"You are an expert in Cleaning Hospital Dataset. Given the dirty row Entity 1, you are required to correct the values of Address1 in Entity 1.

Return in json format.

Output Format Example:

{""Address1"": """"}

Entity 1:

{""ProviderNumber"": ""10164"", ""HospitalName"": ""coosa valley medical center"", ""Address1"": ""315xwxhickoryxst"", ""Address2"": ""empty"", ""Address3"": ""empty"", ""City"": ""sylacauga"", ""State"": ""al"", ""ZipCode"": ""35150"", ""CountyName"": ""talladega"", ""PhoneNumber"": ""2562495000"", ""HospitalType"": ""acute care hospitals"", ""HospitalOwner"": ""voluntary non-profit - other"", ""EmergencyService"": ""no"", ""Condition"": ""surgical infection prevention"", ""MeasureCode"": ""scip-card-2"", ""MeasureName"": ""surgery patients who were taking heart drugs called beta blockers before coming to the hospital who were kept on the beta blockers during the period just before and after their surgery"", ""Score"": ""82%"", ""Sample"": ""22 patients"", ""Stateavg"": ""al_scip-card-2"", ""count"": 1}

Take these rows as reference:

{""ProviderNumber"": ""10164"", ""HospitalName"": ""coosa valley medical center"", ""Address1"": ""315 w hickory st"", ""Address2"": ""empty"", ""Address3"": ""empty"", ""City"": ""sylacauga"", ""State"": ""al"", ""ZipCode"": ""x5150"", ""CountyName"": ""talladega"", ""PhoneNumber"": ""2562495000"", ""HospitalType"": ""acute care hospitals"", ""HospitalOwner"": ""voluntary non-profit - other"", ""EmergencyService"": ""no"", ""Condition"": ""heart attack"", ""MeasureCode"": ""ami-8a"", ""MeasureName"": ""heart attack patients given pci within 90 minutes of arrival"", ""Score"": ""empty"", ""Sample"": ""0 patients"", ""Stateavg"": ""al_ami-8a""}

{""ProviderNumber"": ""10164"", ""HospitalName"": ""coosa valley medical center"", ""Address1"": ""315 w hickory st"", ""Address2"": ""empty"", ""Address3"": ""empty"", ""City"": ""sylacauga"", ""State"": ""al"", ""ZipCode"": ""35150"", ""CountyName"": ""talladega"", ""PhoneNumber"": ""2562495000"", ""HospitalType"": ""acute care hospitals"", ""HospitalOwner"": ""voluntary non-profit - other"", ""EmergencyService"": ""no"", ""Condition"": ""heart attack"", ""MeasureCode"": ""ami-3"", ""MeasureName"": ""heart attack patients given ace inhibitor or arb for left ventricular systolic dysfunction (lvsd)"", ""Score"": ""100%"", ""Sample"": ""1 patients"", ""Stateavg"": ""al_ami-3""}

",,"{""Address1"": ""315 w hickory st""}","  {""Address1"": ""315 w hickory st""}"
227,"You are an expert in Cleaning Hospital Dataset. Given the dirty row Entity 1, you are required to correct the values of MeasureName in Entity 1.

Return in json format.

Output Format Example:

{""MeasureName"": """"}

Entity 1:

{""ProviderNumber"": ""20017"", ""HospitalName"": ""alaska regional hospital"", ""Address1"": ""2801 debarr road"", ""Address2"": ""empty"", ""Address3"": ""empty"", ""City"": ""anchorage"", ""State"": ""ak"", ""ZipCode"": ""99508"", ""CountyName"": ""anchorage"", ""PhoneNumber"": ""9072761131"", ""HospitalType"": ""acute care hospitals"", ""HospitalOwner"": ""proprietary"", ""EmergencyService"": ""yes"", ""Condition"": ""heart failure"", ""MeasureCode"": ""hf-3"", ""MeasureName"": ""heart faxlure patxents gxven ace inhxbxtor or arb for left ventrxcular systolxc dysfunctxon (lvsd)"", ""Score"": ""100%"", ""Sample"": ""33 patients"", ""Stateavg"": ""ak_hf-3"", ""count"": 1}

Take these rows as reference:

{""ProviderNumber"": ""20017"", ""HospitalName"": ""alaska regional hospital"", ""Address1"": ""2801 debarr road"", ""Address2"": ""empty"", ""Address3"": ""empty"", ""City"": ""anchorage"", ""State"": ""ak"", ""ZipCode"": ""99508"", ""CountyName"": ""anchorage"", ""PhoneNumber"": ""9072761131"", ""HospitalType"": ""acute care hospitals"", ""HospitalOwner"": ""proprietary"", ""EmergencyService"": ""yes"", ""Condition"": ""pneumonia"", ""MeasureCode"": ""pn-4"", ""MeasureName"": ""pneumonia patients given smoking cessation advice/counseling"", ""Score"": ""96%"", ""Sample"": ""26 patients"", ""Stateavg"": ""ak_pn-4""}

{""ProviderNumber"": ""10164"", ""HospitalName"": ""coosa valley medical center"", ""Address1"": ""315xwxhickoryxst"", ""Address2"": ""empty"", ""Address3"": ""empty"", ""City"": ""sylacauga"", ""State"": ""al"", ""ZipCode"": ""35150"", ""CountyName"": ""talladega"", ""PhoneNumber"": ""2562495000"", ""HospitalType"": ""acute care hospitals"", ""HospitalOwner"": ""voluntary non-profit - other"", ""EmergencyService"": ""no"", ""Condition"": ""surgical infection prevention"", ""MeasureCode"": ""scip-card-2"", ""MeasureName"": ""surgery patients who were taking heart drugs called beta blockers before coming to the hospital who were kept on the beta blockers during the period just before and after their surgery"", ""Score"": ""82%"", ""Sample"": ""22 patients"", ""Stateavg"": ""al_scip-card-2""}

",,"{""MeasureName"": ""heart failure patients given ace inhibitor or arb for left ventricular systolic dysfunction (lvsd)""}","  {""MeasureName"": ""heart failure patients given ace inhibitor or arb for left ventricular systolic dysfunction (lvsd)""}"
228,"You are an expert in Cleaning Hospital Dataset. Given the dirty row Entity 1, you are required to correct the values of City in Entity 1.

Return in json format.

Output Format Example:

{""City"": """"}

Entity 1:

{""ProviderNumber"": ""20017"", ""HospitalName"": ""alaska regional hospital"", ""Address1"": ""2801 debarr road"", ""Address2"": ""empty"", ""Address3"": ""empty"", ""City"": ""anchoraxe"", ""State"": ""ak"", ""ZipCode"": ""99508"", ""CountyName"": ""anchorage"", ""PhoneNumber"": ""9072761131"", ""HospitalType"": ""acute care hospitals"", ""HospitalOwner"": ""proprietary"", ""EmergencyService"": ""yes"", ""Condition"": ""pneumonia"", ""MeasureCode"": ""pn-3b"", ""MeasureName"": ""pneumonia patients whose initial emergency room blood culture was performed prior to the administration of the first hospital dose of antibiotics"", ""Score"": ""100%"", ""Sample"": ""47 patients"", ""Stateavg"": ""ak_pn-3b"", ""count"": 1}

Take these rows as reference:

{""ProviderNumber"": ""20017"", ""HospitalName"": ""alaska regional hospital"", ""Address1"": ""2801 debarr road"", ""Address2"": ""empty"", ""Address3"": ""empty"", ""City"": ""anchorage"", ""State"": ""ak"", ""ZipCode"": ""99508"", ""CountyName"": ""anchorage"", ""PhoneNumber"": ""9072761131"", ""HospitalType"": ""acute care hospitals"", ""HospitalOwner"": ""proprietary"", ""EmergencyService"": ""yes"", ""Condition"": ""pneumonia"", ""MeasureCode"": ""pn-5c"", ""MeasureName"": ""pneumonia patients given initial antibiotic(s) within 6 hours after arrival"", ""Score"": ""97%"", ""Sample"": ""39 patients"", ""Stateavg"": ""ak_pn-5c""}

{""ProviderNumber"": ""20017"", ""HospitalName"": ""alaska regional hospital"", ""Address1"": ""2801 debarr road"", ""Address2"": ""empty"", ""Address3"": ""empty"", ""City"": ""anchorage"", ""State"": ""ak"", ""ZipCode"": ""99508"", ""CountyName"": ""anchorage"", ""PhoneNumber"": ""9072761131"", ""HospitalType"": ""acute care hospitals"", ""HospitalOwner"": ""proprietary"", ""EmergencyService"": ""yes"", ""Condition"": ""pneumonia"", ""MeasureCode"": ""pn-7"", ""MeasureName"": ""pneumonia patients assessed and given influenza vaccination"", ""Score"": ""90%"", ""Sample"": ""29 patients"", ""Stateavg"": ""ak_pn-7""}

",,"{""City"": ""anchorage""}","  {""City"": ""anchorage""}"
229,"You are an expert in Cleaning Hospital Dataset. Given the dirty row Entity 1, you are required to correct the values of Sample in Entity 1.

Return in json format.

Output Format Example:

{""Sample"": """"}

Entity 1:

{""ProviderNumber"": ""20017"", ""HospitalName"": ""alaska regional hospital"", ""Address1"": ""2801 debarr road"", ""Address2"": ""empty"", ""Address3"": ""empty"", ""City"": ""anchorage"", ""State"": ""ak"", ""ZipCode"": ""99508"", ""CountyName"": ""anchorage"", ""PhoneNumber"": ""9072761131"", ""HospitalType"": ""acute care hospitals"", ""HospitalOwner"": ""proprietary"", ""EmergencyService"": ""yes"", ""Condition"": ""surgical infection prevention"", ""MeasureCode"": ""scip-inf-2"", ""MeasureName"": ""surgery patients who were given the  right kind  of antibiotic to help prevent infection"", ""Score"": ""98%"", ""Sample"": ""521 patiexts"", ""Stateavg"": ""ak_scip-inf-2"", ""count"": 1}

Take these rows as reference:

{""ProviderNumber"": ""20017"", ""HospitalName"": ""alaska regional hospital"", ""Address1"": ""2801 debarr road"", ""Address2"": ""empty"", ""Address3"": ""empty"", ""City"": ""anchoraxe"", ""State"": ""ak"", ""ZipCode"": ""99508"", ""CountyName"": ""anchorage"", ""PhoneNumber"": ""9072761131"", ""HospitalType"": ""acute care hospitals"", ""HospitalOwner"": ""proprietary"", ""EmergencyService"": ""yes"", ""Condition"": ""pneumonia"", ""MeasureCode"": ""pn-3b"", ""MeasureName"": ""pneumonia patients whose initial emergency room blood culture was performed prior to the administration of the first hospital dose of antibiotics"", ""Score"": ""100%"", ""Sample"": ""47 patients"", ""Stateavg"": ""ak_pn-3b""}

{""ProviderNumber"": ""20017"", ""HospitalName"": ""alaska regional hospital"", ""Address1"": ""2801 debarr road"", ""Address2"": ""empty"", ""Address3"": ""empty"", ""City"": ""anchorage"", ""State"": ""ak"", ""ZipCode"": ""99508"", ""CountyName"": ""anchorage"", ""PhoneNumber"": ""9072761131"", ""HospitalType"": ""acute care hospitals"", ""HospitalOwner"": ""proprietary"", ""EmergencyService"": ""yes"", ""Condition"": ""heart failure"", ""MeasureCode"": ""hf-1"", ""MeasureName"": ""heart failure patients given discharge instructions"", ""Score"": ""91%"", ""Sample"": ""57 patients"", ""Stateavg"": ""ak_hf-1""}

",,"{""Sample"": ""521 patients""}","  {""Sample"": ""521 patients""}"
230,"You are an expert in Cleaning Hospital Dataset. Given the dirty row Entity 1, you are required to correct the values of MeasureName in Entity 1.

Return in json format.

Output Format Example:

{""MeasureName"": """"}

Entity 1:

{""ProviderNumber"": ""20017"", ""HospitalName"": ""alaska regional hospital"", ""Address1"": ""2801 debarr road"", ""Address2"": ""empty"", ""Address3"": ""empty"", ""City"": ""anchorage"", ""State"": ""ak"", ""ZipCode"": ""99508"", ""CountyName"": ""anchorage"", ""PhoneNumber"": ""9072761131"", ""HospitalType"": ""acute care hospitals"", ""HospitalOwner"": ""proprietary"", ""EmergencyService"": ""yes"", ""Condition"": ""surgical infection prevention"", ""MeasureCode"": ""scip-inf-6"", ""MeasureName"": ""surgeryxpatientsxneedingxhairxremovedxfromxthexsurgicalxareaxbeforexsurgery& xwhoxhadxhairxremovedxusingxaxsaferxmethodx(electricxclippersxorxhairxremovalxcreamx\u00ef\u00bf\u00bdcxnotxaxrazor)"", ""Score"": ""100%"", ""Sample"": ""690 patients"", ""Stateavg"": ""ak_scip-inf-6"", ""count"": 1}

Take these rows as reference:

{""ProviderNumber"": ""20017"", ""HospitalName"": ""alaska regional hospital"", ""Address1"": ""2801 debarr road"", ""Address2"": ""empty"", ""Address3"": ""empty"", ""City"": ""anchorage"", ""State"": ""ak"", ""ZipCode"": ""99508"", ""CountyName"": ""anchorage"", ""PhoneNumber"": ""9072761131"", ""HospitalType"": ""acute care hospitals"", ""HospitalOwner"": ""proprietary"", ""EmergencyService"": ""yes"", ""Condition"": ""pneumonia"", ""MeasureCode"": ""pn-4"", ""MeasureName"": ""pneumonia patients given smoking cessation advice/counseling"", ""Score"": ""96%"", ""Sample"": ""26 patients"", ""Stateavg"": ""ak_pn-4""}

{""ProviderNumber"": ""20017"", ""HospitalName"": ""alaska regional hospital"", ""Address1"": ""2801 debarr road"", ""Address2"": ""empty"", ""Address3"": ""empty"", ""City"": ""anchorage"", ""State"": ""ak"", ""ZipCode"": ""99508"", ""CountyName"": ""anchorage"", ""PhoneNumber"": ""9072761131"", ""HospitalType"": ""acute care hospitals"", ""HospitalOwner"": ""proprietary"", ""EmergencyService"": ""yes"", ""Condition"": ""pneumonia"", ""MeasureCode"": ""pn-5c"", ""MeasureName"": ""pneumonia patients given initial antibiotic(s) within 6 hours after arrival"", ""Score"": ""97%"", ""Sample"": ""39 patients"", ""Stateavg"": ""ak_pn-5c""}

",,"{""MeasureName"": ""surgery patients needing hair removed from the surgical area before surgery who had hair removed using a safer method (electric clippers or hair removal cream c not a razor)""}","  {""MeasureName"": ""surgery patients needing hair removed from the surgical area before surgery & who had hair removed using a safer method (electric clippers or hair removal cream, not razor"")}"
231,"You are an expert in Cleaning Hospital Dataset. Given the dirty row Entity 1, you are required to correct the values of HospitalName in Entity 1.

Return in json format.

Output Format Example:

{""HospitalName"": """"}

Entity 1:

{""ProviderNumber"": ""20017"", ""HospitalName"": ""xlxskx regionxl hospitxl"", ""Address1"": ""2801 debarr road"", ""Address2"": ""empty"", ""Address3"": ""empty"", ""City"": ""anchorage"", ""State"": ""ak"", ""ZipCode"": ""99508"", ""CountyName"": ""anchorage"", ""PhoneNumber"": ""9072761131"", ""HospitalType"": ""acute care hospitals"", ""HospitalOwner"": ""proprietary"", ""EmergencyService"": ""yes"", ""Condition"": ""surgical infection prevention"", ""MeasureCode"": ""scip-vte-1"", ""MeasureName"": ""surgery patients whose doctors ordered treatments to prevent blood clots after certain types of surgeries"", ""Score"": ""94%"", ""Sample"": ""226 patients"", ""Stateavg"": ""ak_scip-vte-1"", ""count"": 1}

Take these rows as reference:

{""ProviderNumber"": ""10164"", ""HospitalName"": ""coosa valley medical center"", ""Address1"": ""315xwxhickoryxst"", ""Address2"": ""empty"", ""Address3"": ""empty"", ""City"": ""sylacauga"", ""State"": ""al"", ""ZipCode"": ""35150"", ""CountyName"": ""talladega"", ""PhoneNumber"": ""2562495000"", ""HospitalType"": ""acute care hospitals"", ""HospitalOwner"": ""voluntary non-profit - other"", ""EmergencyService"": ""no"", ""Condition"": ""surgical infection prevention"", ""MeasureCode"": ""scip-card-2"", ""MeasureName"": ""surgery patients who were taking heart drugs called beta blockers before coming to the hospital who were kept on the beta blockers during the period just before and after their surgery"", ""Score"": ""82%"", ""Sample"": ""22 patients"", ""Stateavg"": ""al_scip-card-2""}

{""ProviderNumber"": ""20017"", ""HospitalName"": ""alaska regional hospital"", ""Address1"": ""2801 debarr road"", ""Address2"": ""empty"", ""Address3"": ""empty"", ""City"": ""anchorage"", ""State"": ""ak"", ""ZipCode"": ""99508"", ""CountyName"": ""anchorage"", ""PhoneNumber"": ""9072761131"", ""HospitalType"": ""acute care hospitals"", ""HospitalOwner"": ""proprietary"", ""EmergencyService"": ""yes"", ""Condition"": ""heart failure"", ""MeasureCode"": ""hf-1"", ""MeasureName"": ""heart failure patients given discharge instructions"", ""Score"": ""91%"", ""Sample"": ""57 patients"", ""Stateavg"": ""ak_hf-1""}

",,"{""HospitalName"": ""alaska regional hospital""}","  {""HospitalName"": ""alaska regional hospital""}"
232,"You are an expert in Cleaning Hospital Dataset. Given the dirty row Entity 1, you are required to correct the values of HospitalOwner in Entity 1.

Return in json format.

Output Format Example:

{""HospitalOwner"": """"}

Entity 1:

{""ProviderNumber"": ""20017"", ""HospitalName"": ""alaska regional hospital"", ""Address1"": ""2801 debarr road"", ""Address2"": ""empty"", ""Address3"": ""empty"", ""City"": ""anchorage"", ""State"": ""ak"", ""ZipCode"": ""99508"", ""CountyName"": ""anchorage"", ""PhoneNumber"": ""9072761131"", ""HospitalType"": ""acute care hospitals"", ""HospitalOwner"": ""proxrietary"", ""EmergencyService"": ""yes"", ""Condition"": ""surgical infection prevention"", ""MeasureCode"": ""scip-vte-2"", ""MeasureName"": ""patients who got treatment  at the right time (within 24 hours before or after their surgery) to help prevent blood clots after certain types of surgery"", ""Score"": ""94%"", ""Sample"": ""223 patients"", ""Stateavg"": ""ak_scip-vte-2"", ""count"": 1}

Take these rows as reference:

{""ProviderNumber"": ""20017"", ""HospitalName"": ""alaska regional hospital"", ""Address1"": ""2801 debarr road"", ""Address2"": ""empty"", ""Address3"": ""empty"", ""City"": ""anchorage"", ""State"": ""ak"", ""ZipCode"": ""99508"", ""CountyName"": ""anchorage"", ""PhoneNumber"": ""9072761131"", ""HospitalType"": ""acute care hospitals"", ""HospitalOwner"": ""proprietary"", ""EmergencyService"": ""yes"", ""Condition"": ""pneumonia"", ""MeasureCode"": ""pn-4"", ""MeasureName"": ""pneumonia patients given smoking cessation advice/counseling"", ""Score"": ""96%"", ""Sample"": ""26 patients"", ""Stateavg"": ""ak_pn-4""}

{""ProviderNumber"": ""20017"", ""HospitalName"": ""alaska regional hospital"", ""Address1"": ""2801 debarr road"", ""Address2"": ""empty"", ""Address3"": ""empty"", ""City"": ""anchorage"", ""State"": ""ak"", ""ZipCode"": ""99508"", ""CountyName"": ""anchorage"", ""PhoneNumber"": ""9072761131"", ""HospitalType"": ""acute care hospitals"", ""HospitalOwner"": ""proprietary"", ""EmergencyService"": ""yes"", ""Condition"": ""surgical infection prevention"", ""MeasureCode"": ""scip-inf-3"", ""MeasureName"": ""surgery patients whose preventive antibiotics were stopped at the right time (within 24 hours after surgery)"", ""Score"": ""88%"", ""Sample"": ""499 patients"", ""Stateavg"": ""ak_scip-inf-3""}

",,"{""HospitalOwner"": ""proprietary""}","  {""HospitalOwner"": ""proprietary""}"
233,"You are an expert in Cleaning Hospital Dataset. Given the dirty row Entity 1, you are required to correct the values of Address1 in Entity 1.

Return in json format.

Output Format Example:

{""Address1"": """"}

Entity 1:

{""ProviderNumber"": ""20018"", ""HospitalName"": ""yukon kuskokwim delta reg hospital"", ""Address1"": ""poxboxx287"", ""Address2"": ""empty"", ""Address3"": ""empty"", ""City"": ""bethel"", ""State"": ""ak"", ""ZipCode"": ""99559"", ""CountyName"": ""bethel"", ""PhoneNumber"": ""9075436300"", ""HospitalType"": ""acute care hospitals"", ""HospitalOwner"": ""government - federal"", ""EmergencyService"": ""no"", ""Condition"": ""heart attack"", ""MeasureCode"": ""ami-2"", ""MeasureName"": ""heart attack patients given aspirin at discharge"", ""Score"": ""empty"", ""Sample"": ""empty"", ""Stateavg"": ""ak_ami-2"", ""count"": 1}

Take these rows as reference:

{""ProviderNumber"": ""20017"", ""HospitalName"": ""alaska regional hospital"", ""Address1"": ""2801 debarr road"", ""Address2"": ""empty"", ""Address3"": ""empty"", ""City"": ""anchorage"", ""State"": ""ak"", ""ZipCode"": ""99508"", ""CountyName"": ""anchorage"", ""PhoneNumber"": ""9072761131"", ""HospitalType"": ""acute care hospitals"", ""HospitalOwner"": ""proxrietary"", ""EmergencyService"": ""yes"", ""Condition"": ""surgical infection prevention"", ""MeasureCode"": ""scip-vte-2"", ""MeasureName"": ""patients who got treatment  at the right time (within 24 hours before or after their surgery) to help prevent blood clots after certain types of surgery"", ""Score"": ""94%"", ""Sample"": ""223 patients"", ""Stateavg"": ""ak_scip-vte-2""}

{""ProviderNumber"": ""20017"", ""HospitalName"": ""alaska regional hospital"", ""Address1"": ""2801 debarr road"", ""Address2"": ""empty"", ""Address3"": ""empty"", ""City"": ""anchorage"", ""State"": ""ak"", ""ZipCode"": ""99508"", ""CountyName"": ""anchorage"", ""PhoneNumber"": ""9072761131"", ""HospitalType"": ""acute care hospitals"", ""HospitalOwner"": ""proxrietary"", ""EmergencyService"": ""yes"", ""Condition"": ""surgical infection prevention"", ""MeasureCode"": ""scip-vte-2"", ""MeasureName"": ""patients who got treatment  at the right time (within 24 hours before or after their surgery) to help prevent blood clots after certain types of surgery"", ""Score"": ""94%"", ""Sample"": ""223 patients"", ""Stateavg"": ""ak_scip-vte-2""}

",,"{""Address1"": ""po box 287""}","  {""Address1"": ""287""}"
234,"You are an expert in Cleaning Hospital Dataset. Given the dirty row Entity 1, you are required to correct the values of HospitalType in Entity 1.

Return in json format.

Output Format Example:

{""HospitalType"": """"}

Entity 1:

{""ProviderNumber"": ""10019"", ""HospitalName"": ""helen keller memorial hospital"", ""Address1"": ""1300 south montgomery avenue"", ""Address2"": ""empty"", ""Address3"": ""empty"", ""City"": ""sheffield"", ""State"": ""al"", ""ZipCode"": ""35660"", ""CountyName"": ""jefferson"", ""PhoneNumber"": ""2563864556"", ""HospitalType"": ""acute care hospitaxs"", ""HospitalOwner"": ""government - hospital district or authority"", ""EmergencyService"": ""yes"", ""Condition"": ""pneumonia"", ""MeasureCode"": ""pn-3b"", ""MeasureName"": ""pneumonia patients whose initial emergency room blood culture was performed prior to the administration of the first hospital dose of antibiotics"", ""Score"": ""99%"", ""Sample"": ""149 patients"", ""Stateavg"": ""al_pn-3b"", ""count"": 1}

Take these rows as reference:

{""ProviderNumber"": ""10019"", ""HospitalName"": ""helen keller memorial hospital"", ""Address1"": ""1300 south montgomery avenue"", ""Address2"": ""empty"", ""Address3"": ""empty"", ""City"": ""sheffield"", ""State"": ""al"", ""ZipCode"": ""35660"", ""CountyName"": ""jefferson"", ""PhoneNumber"": ""2563864556"", ""HospitalType"": ""acute care hospitals"", ""HospitalOwner"": ""government - hospital district or authority"", ""EmergencyService"": ""yes"", ""Condition"": ""heart attack"", ""MeasureCode"": ""ami-1"", ""MeasureName"": ""heart attack patients given aspirin at arrival"", ""Score"": ""97%"", ""Sample"": ""33 patients"", ""Stateavg"": ""al_ami-1""}

{""ProviderNumber"": ""10019"", ""HospitalName"": ""helen keller memorial hospital"", ""Address1"": ""1300 south montgomery avenue"", ""Address2"": ""empty"", ""Address3"": ""empty"", ""City"": ""sheffield"", ""State"": ""al"", ""ZipCode"": ""35660"", ""CountyName"": ""jefferson"", ""PhoneNumber"": ""2563864556"", ""HospitalType"": ""acute care hospitals"", ""HospitalOwner"": ""government - hospital district or authority"", ""EmergencyService"": ""yes"", ""Condition"": ""surgical infection prevention"", ""MeasureCode"": ""scip-inf-4"", ""MeasureName"": ""all heart surgery patients whose blood sugar (blood glucose) is kept under good control in the days right after surgery"", ""Score"": ""empty"", ""Sample"": ""x patients"", ""Stateavg"": ""al_scip-inf-4""}

",,"{""HospitalType"": ""acute care hospitals""}","  {""HospitalType"": ""acute care hospitals""}"
235,"You are an expert in Cleaning Hospital Dataset. Given the dirty row Entity 1, you are required to correct the values of CountyName in Entity 1.

Return in json format.

Output Format Example:

{""CountyName"": """"}

Entity 1:

{""ProviderNumber"": ""10019"", ""HospitalName"": ""helen keller memorial hospital"", ""Address1"": ""1300 south montgomery avenue"", ""Address2"": ""empty"", ""Address3"": ""empty"", ""City"": ""sheffield"", ""State"": ""al"", ""ZipCode"": ""35660"", ""CountyName"": ""jxffxrson"", ""PhoneNumber"": ""2563864556"", ""HospitalType"": ""acute care hospitals"", ""HospitalOwner"": ""gxvernment - hxspital district xr authxrity"", ""EmergencyService"": ""yes"", ""Condition"": ""pneumonia"", ""MeasureCode"": ""pn-6"", ""MeasureName"": ""pneumonia patients given the most appropriate initial antibiotic(s)"", ""Score"": ""86%"", ""Sample"": ""139 patients"", ""Stateavg"": ""al_pn-6"", ""count"": 2}

Take these rows as reference:

{""ProviderNumber"": ""10019"", ""HospitalName"": ""helen keller memorial hospital"", ""Address1"": ""1300 south montgomery avenue"", ""Address2"": ""empty"", ""Address3"": ""empty"", ""City"": ""sheffield"", ""State"": ""al"", ""ZipCode"": ""35660"", ""CountyName"": ""jefferson"", ""PhoneNumber"": ""2563864556"", ""HospitalType"": ""acute care hospitals"", ""HospitalOwner"": ""government - hospital district or authority"", ""EmergencyService"": ""yes"", ""Condition"": ""surgical infection prevention"", ""MeasureCode"": ""scip-inf-4"", ""MeasureName"": ""all heart surgery patients whose blood sugar (blood glucose) is kept under good control in the days right after surgery"", ""Score"": ""empty"", ""Sample"": ""x patients"", ""Stateavg"": ""al_scip-inf-4""}

{""ProviderNumber"": ""20018"", ""HospitalName"": ""yukon kuskokwim delta reg hospital"", ""Address1"": ""poxboxx287"", ""Address2"": ""empty"", ""Address3"": ""empty"", ""City"": ""bethel"", ""State"": ""ak"", ""ZipCode"": ""99559"", ""CountyName"": ""bethel"", ""PhoneNumber"": ""9075436300"", ""HospitalType"": ""acute care hospitals"", ""HospitalOwner"": ""government - federal"", ""EmergencyService"": ""no"", ""Condition"": ""heart attack"", ""MeasureCode"": ""ami-2"", ""MeasureName"": ""heart attack patients given aspirin at discharge"", ""Score"": ""empty"", ""Sample"": ""empty"", ""Stateavg"": ""ak_ami-2""}

",,"{""CountyName"": ""jefferson""}","  {""CountyName"": ""jefferson""}"
236,"You are an expert in Cleaning Hospital Dataset. Given the dirty row Entity 1, you are required to correct the values of HospitalOwner in Entity 1.

Return in json format.

Output Format Example:

{""HospitalOwner"": """"}

Entity 1:

{""ProviderNumber"": ""10019"", ""HospitalName"": ""helen keller memorial hospital"", ""Address1"": ""1300 south montgomery avenue"", ""Address2"": ""empty"", ""Address3"": ""empty"", ""City"": ""sheffield"", ""State"": ""al"", ""ZipCode"": ""35660"", ""CountyName"": ""jxffxrson"", ""PhoneNumber"": ""2563864556"", ""HospitalType"": ""acute care hospitals"", ""HospitalOwner"": ""gxvernment - hxspital district xr authxrity"", ""EmergencyService"": ""yes"", ""Condition"": ""pneumonia"", ""MeasureCode"": ""pn-6"", ""MeasureName"": ""pneumonia patients given the most appropriate initial antibiotic(s)"", ""Score"": ""86%"", ""Sample"": ""139 patients"", ""Stateavg"": ""al_pn-6"", ""count"": 2}

Take these rows as reference:

{""ProviderNumber"": ""10018"", ""HospitalName"": ""callahan eye foundation hospital"", ""Address1"": ""1720 university blvd"", ""Address2"": ""empty"", ""Address3"": ""empty"", ""City"": ""birmingxam"", ""State"": ""al"", ""ZipCode"": ""35233"", ""CountyName"": ""jefferson"", ""PhoneNumber"": ""2053258100"", ""HospitalType"": ""acute care hospitals"", ""HospitalOwner"": ""voluntary non-profit - private"", ""EmergencyService"": ""yes"", ""Condition"": ""surgical infection prevention"", ""MeasureCode"": ""scip-vte-2"", ""MeasureName"": ""patients who got treatment  at the right time (within 24 hours before or after their surgery) to help prevent blood clots after certain types of surgery"", ""Score"": ""empty"", ""Sample"": ""empty"", ""Stateavg"": ""al_scip-vte-2""}

{""ProviderNumber"": ""10019"", ""HospitalName"": ""helen keller memorial hospital"", ""Address1"": ""1300 south montgomery avenue"", ""Address2"": ""empty"", ""Address3"": ""empty"", ""City"": ""sheffield"", ""State"": ""al"", ""ZipCode"": ""35660"", ""CountyName"": ""jefferson"", ""PhoneNumber"": ""2563864556"", ""HospitalType"": ""acute care hospitaxs"", ""HospitalOwner"": ""government - hospital district or authority"", ""EmergencyService"": ""yes"", ""Condition"": ""pneumonia"", ""MeasureCode"": ""pn-3b"", ""MeasureName"": ""pneumonia patients whose initial emergency room blood culture was performed prior to the administration of the first hospital dose of antibiotics"", ""Score"": ""99%"", ""Sample"": ""149 patients"", ""Stateavg"": ""al_pn-3b""}

",,"{""HospitalOwner"": ""government - hospital district or authority""}","  {""HospitalOwner"": ""government - hospital district or authority""}"
237,"You are an expert in Cleaning Hospital Dataset. Given the dirty row Entity 1, you are required to correct the values of CountyName in Entity 1.

Return in json format.

Output Format Example:

{""CountyName"": """"}

Entity 1:

{""ProviderNumber"": ""10019"", ""HospitalName"": ""helen keller memorial hospital"", ""Address1"": ""1300 south montgomery avenue"", ""Address2"": ""empty"", ""Address3"": ""empty"", ""City"": ""sheffield"", ""State"": ""al"", ""ZipCode"": ""35660"", ""CountyName"": ""xefferson"", ""PhoneNumber"": ""2563864556"", ""HospitalType"": ""acute care hospitals"", ""HospitalOwner"": ""government - hospital district or authority"", ""EmergencyService"": ""yes"", ""Condition"": ""pneumonia"", ""MeasureCode"": ""pn-7"", ""MeasureName"": ""pneumonia patients assessed and given influenza vaccination"", ""Score"": ""82%"", ""Sample"": ""119 patients"", ""Stateavg"": ""al_pn-7"", ""count"": 1}

Take these rows as reference:

{""ProviderNumber"": ""1xx19"", ""HospitalName"": ""helen keller memorial hospital"", ""Address1"": ""1300 south montgomery avenue"", ""Address2"": ""empty"", ""Address3"": ""empty"", ""City"": ""sheffield"", ""State"": ""al"", ""ZipCode"": ""35660"", ""CountyName"": ""jefferson"", ""PhoneNumber"": ""2563864556"", ""HospitalType"": ""acute care hospitals"", ""HospitalOwner"": ""government - hospital district or authority"", ""EmergencyService"": ""yes"", ""Condition"": ""heart attack"", ""MeasureCode"": ""ami-7a"", ""MeasureName"": ""heart attack patients given fibrinolytic medication within 30 minutes of arrival"", ""Score"": ""empty"", ""Sample"": ""0 patients"", ""Stateavg"": ""al_ami-7a""}

{""ProviderNumber"": ""10019"", ""HospitalName"": ""helen keller memorial hospital"", ""Address1"": ""1300 south montgomery avenue"", ""Address2"": ""empty"", ""Address3"": ""empty"", ""City"": ""sheffield"", ""State"": ""al"", ""ZipCode"": ""35660"", ""CountyName"": ""jefferson"", ""PhoneNumber"": ""2563864556"", ""HospitalType"": ""acute care hospitals"", ""HospitalOwner"": ""government - hospital district or authority"", ""EmergencyService"": ""yes"", ""Condition"": ""heart failure"", ""MeasureCode"": ""hf-3"", ""MeasureName"": ""heart failure patients given ace inhibitor or arb for left ventricular systolic dysfunction (lvsd)"", ""Score"": ""92%"", ""Sample"": ""3x patients"", ""Stateavg"": ""al_hf-3""}

",,"{""CountyName"": ""jefferson""}","  {""CountyName"": ""jefferson""}"
238,"You are an expert in Cleaning Hospital Dataset. Given the dirty row Entity 1, you are required to correct the values of Sample in Entity 1.

Return in json format.

Output Format Example:

{""Sample"": """"}

Entity 1:

{""ProviderNumber"": ""10019"", ""HospitalName"": ""helen keller memorial hospital"", ""Address1"": ""1300 south montgomery avenue"", ""Address2"": ""empty"", ""Address3"": ""empty"", ""City"": ""sheffield"", ""State"": ""al"", ""ZipCode"": ""35660"", ""CountyName"": ""jefferson"", ""PhoneNumber"": ""2563864556"", ""HospitalType"": ""acute care hospitals"", ""HospitalOwner"": ""government - hospital district or authority"", ""EmergencyService"": ""yes"", ""Condition"": ""surgical infection prevention"", ""MeasureCode"": ""scip-inf-4"", ""MeasureName"": ""all heart surgery patients whose blood sugar (blood glucose) is kept under good control in the days right after surgery"", ""Score"": ""empty"", ""Sample"": ""x patients"", ""Stateavg"": ""al_scip-inf-4"", ""count"": 1}

Take these rows as reference:

{""ProviderNumber"": ""10019"", ""HospitalName"": ""helen keller memorial hospital"", ""Address1"": ""1300 south montgomery avenue"", ""Address2"": ""empty"", ""Address3"": ""empty"", ""City"": ""sheffield"", ""State"": ""al"", ""ZipCode"": ""35660"", ""CountyName"": ""jefferson"", ""PhoneNumber"": ""2563864556"", ""HospitalType"": ""acute care hospitals"", ""HospitalOwner"": ""government - hospital district or authority"", ""EmergencyService"": ""yes"", ""Condition"": ""surgical infection prevention"", ""MeasureCode"": ""scip-inf-2"", ""MeasureName"": ""surgery patients who were given the  right kind  of antibiotic to help prevent infection"", ""Score"": ""91%"", ""Sample"": ""255 patients"", ""Stateavg"": ""al_scip-inf-2""}

{""ProviderNumber"": ""10019"", ""HospitalName"": ""helen keller memorial hospital"", ""Address1"": ""1300 south montgomery avenue"", ""Address2"": ""empty"", ""Address3"": ""empty"", ""City"": ""sheffxeld"", ""State"": ""al"", ""ZipCode"": ""35660"", ""CountyName"": ""jefferson"", ""PhoneNumber"": ""2563864556"", ""HospitalType"": ""acute care hospitals"", ""HospitalOwner"": ""government - hospital district or authority"", ""EmergencyService"": ""yes"", ""Condition"": ""heart attack"", ""MeasureCode"": ""ami-3"", ""MeasureName"": ""heart attack patients given ace inhibitor or arb for left ventricular systolic dysfunction (lvsd)"", ""Score"": ""75%"", ""Sample"": ""4 patients"", ""Stateavg"": ""al_ami-3""}

",,"{""Sample"": ""0 patients""}","  {""Sample"": ""2 patients""}"
239,"You are an expert in Cleaning Hospital Dataset. Given the dirty row Entity 1, you are required to correct the values of MeasureCode in Entity 1.

Return in json format.

Output Format Example:

{""MeasureCode"": """"}

Entity 1:

{""ProviderNumber"": ""10019"", ""HospitalName"": ""helen keller memorial hospital"", ""Address1"": ""1300 south montgomery avenue"", ""Address2"": ""empty"", ""Address3"": ""empty"", ""City"": ""sheffield"", ""State"": ""al"", ""ZipCode"": ""35660"", ""CountyName"": ""jefferson"", ""PhoneNumber"": ""2563864556"", ""HospitalType"": ""acute care hospitals"", ""HospitalOwner"": ""government - hospital district or authority"", ""EmergencyService"": ""yes"", ""Condition"": ""surgical infection prevention"", ""MeasureCode"": ""sxip-vte-1"", ""MeasureName"": ""surgery patients whose doctors ordered treatments to prevent blood clots after certain types of surgeries"", ""Score"": ""85%"", ""Sample"": ""144 patients"", ""Stateavg"": ""al_scip-vte-1"", ""count"": 1}

Take these rows as reference:

{""ProviderNumber"": ""1xx19"", ""HospitalName"": ""helen keller memorial hospital"", ""Address1"": ""1300 south montgomery avenue"", ""Address2"": ""empty"", ""Address3"": ""empty"", ""City"": ""sheffield"", ""State"": ""al"", ""ZipCode"": ""35660"", ""CountyName"": ""jefferson"", ""PhoneNumber"": ""2563864556"", ""HospitalType"": ""acute care hospitals"", ""HospitalOwner"": ""government - hospital district or authority"", ""EmergencyService"": ""yes"", ""Condition"": ""heart attack"", ""MeasureCode"": ""ami-7a"", ""MeasureName"": ""heart attack patients given fibrinolytic medication within 30 minutes of arrival"", ""Score"": ""empty"", ""Sample"": ""0 patients"", ""Stateavg"": ""al_ami-7a""}

{""ProviderNumber"": ""10019"", ""HospitalName"": ""helen keller memorial hospital"", ""Address1"": ""1300 south montgomery avenue"", ""Address2"": ""empty"", ""Address3"": ""empty"", ""City"": ""sheffield"", ""State"": ""al"", ""ZipCode"": ""35660"", ""CountyName"": ""jefferson"", ""PhoneNumber"": ""2563864556"", ""HospitalType"": ""acute care hospitals"", ""HospitalOwner"": ""government - hospital district or authority"", ""EmergencyService"": ""yes"", ""Condition"": ""pneumonia"", ""MeasureCode"": ""pn-4"", ""MeasureName"": ""pneumonia patients given smoking cessation advice/counseling"", ""Score"": ""97%"", ""Sample"": ""79 patients"", ""Stateavg"": ""al_pn-4""}

",,"{""MeasureCode"": ""scip-vte-1""}","  {""MeasureCode"": ""scip-vte-1""}"
240,"You are an expert in Cleaning Hospital Dataset. Given the dirty row Entity 1, you are required to correct the values of CountyName in Entity 1.

Return in json format.

Output Format Example:

{""CountyName"": """"}

Entity 1:

{""ProviderNumber"": ""10019"", ""HospitalName"": ""helen keller memorial hospital"", ""Address1"": ""1300 south montgomery avenue"", ""Address2"": ""empty"", ""Address3"": ""empty"", ""City"": ""sheffield"", ""State"": ""al"", ""ZipCode"": ""35660"", ""CountyName"": ""jexxerson"", ""PhoneNumber"": ""2563864556"", ""HospitalType"": ""acute care hospitals"", ""HospitalOwner"": ""government - hospital district or authority"", ""EmergencyService"": ""yes"", ""Condition"": ""surgical infection prevention"", ""MeasureCode"": ""scip-vte-2"", ""MeasureName"": ""patients who got treatment  at the right time (within 24 hours before or after their surgery) to help prevent blood clots after certain types of surgery"", ""Score"": ""79%"", ""Sample"": ""142 patients"", ""Stateavg"": ""al_scip-vte-2"", ""count"": 1}

Take these rows as reference:

{""ProviderNumber"": ""10019"", ""HospitalName"": ""helen keller memorial hospital"", ""Address1"": ""1300 south montgomery avenue"", ""Address2"": ""empty"", ""Address3"": ""empty"", ""City"": ""sheffxeld"", ""State"": ""al"", ""ZipCode"": ""35660"", ""CountyName"": ""jefferson"", ""PhoneNumber"": ""2563864556"", ""HospitalType"": ""acute care hospitals"", ""HospitalOwner"": ""government - hospital district or authority"", ""EmergencyService"": ""yes"", ""Condition"": ""heart attack"", ""MeasureCode"": ""ami-3"", ""MeasureName"": ""heart attack patients given ace inhibitor or arb for left ventricular systolic dysfunction (lvsd)"", ""Score"": ""75%"", ""Sample"": ""4 patients"", ""Stateavg"": ""al_ami-3""}

{""ProviderNumber"": ""10019"", ""HospitalName"": ""helen keller memorial hospital"", ""Address1"": ""1300 south montgomery avenue"", ""Address2"": ""empty"", ""Address3"": ""empty"", ""City"": ""sheffield"", ""State"": ""al"", ""ZipCode"": ""35660"", ""CountyName"": ""jefferson"", ""PhoneNumber"": ""2563864556"", ""HospitalType"": ""acute care hospitals"", ""HospitalOwner"": ""government - hospital district or authority"", ""EmergencyService"": ""yes"", ""Condition"": ""pneumonia"", ""MeasureCode"": ""pn-4"", ""MeasureName"": ""pneumonia patients given smoking cessation advice/counseling"", ""Score"": ""97%"", ""Sample"": ""79 patients"", ""Stateavg"": ""al_pn-4""}

",,"{""CountyName"": ""jefferson""}","  {""CountyName"": ""jefferson""}"
241,"You are an expert in Cleaning Hospital Dataset. Given the dirty row Entity 1, you are required to correct the values of Condition in Entity 1.

Return in json format.

Output Format Example:

{""Condition"": """"}

Entity 1:

{""ProviderNumber"": ""10021"", ""HospitalName"": ""dale medical center"", ""Address1"": ""126 hospital ave"", ""Address2"": ""empty"", ""Address3"": ""empty"", ""City"": ""ozark"", ""State"": ""al"", ""ZipCode"": ""36360"", ""CountyName"": ""dale"", ""PhoneNumber"": ""3347742601"", ""HospitalType"": ""acute care hospitals"", ""HospitalOwner"": ""government - hospital district or authority"", ""EmergencyService"": ""yes"", ""Condition"": ""hexrt attxck"", ""MeasureCode"": ""ami-2"", ""MeasureName"": ""heart attack patients given aspirin at discharge"", ""Score"": ""100%"", ""Sample"": ""5 patients"", ""Stateavg"": ""al_ami-2"", ""count"": 1}

Take these rows as reference:

{""ProviderNumber"": ""10021"", ""HospitalName"": ""dale medical center"", ""Address1"": ""126 hospital ave"", ""Address2"": ""empty"", ""Address3"": ""empty"", ""City"": ""ozark"", ""State"": ""al"", ""ZipCode"": ""36360"", ""CountyName"": ""dale"", ""PhoneNumber"": ""3347742601"", ""HospitalType"": ""acute care hospitals"", ""HospitalOwner"": ""government - hospital district or authority"", ""EmergencyService"": ""yes"", ""Condition"": ""pneumonia"", ""MeasureCode"": ""pn-4"", ""MeasureName"": ""pneumonia patients given smoking cessation advice/counseling"", ""Score"": ""87%"", ""Sample"": ""39 patients"", ""Stateavg"": ""al_pn-4""}

{""ProviderNumber"": ""10021"", ""HospitalName"": ""dale medical center"", ""Address1"": ""126 hospital ave"", ""Address2"": ""empty"", ""Address3"": ""empty"", ""City"": ""ozark"", ""State"": ""al"", ""ZipCode"": ""36360"", ""CountyName"": ""dale"", ""PhoneNumber"": ""3347742601"", ""HospitalType"": ""acute care hospitals"", ""HospitalOwner"": ""government - hospital district or authority"", ""EmergencyService"": ""yes"", ""Condition"": ""hexrt attxck"", ""MeasureCode"": ""ami-2"", ""MeasureName"": ""heart attack patients given aspirin at discharge"", ""Score"": ""100%"", ""Sample"": ""5 patients"", ""Stateavg"": ""al_ami-2""}

",,"{""Condition"": ""heart attack""}","  {""Condition"": ""heart attack""}"
242,"You are an expert in Cleaning Hospital Dataset. Given the dirty row Entity 1, you are required to correct the values of PhoneNumber in Entity 1.

Return in json format.

Output Format Example:

{""PhoneNumber"": """"}

Entity 1:

{""ProviderNumber"": ""10021"", ""HospitalName"": ""dale medical center"", ""Address1"": ""126 hospital ave"", ""Address2"": ""empty"", ""Address3"": ""empty"", ""City"": ""ozark"", ""State"": ""al"", ""ZipCode"": ""36360"", ""CountyName"": ""dale"", ""PhoneNumber"": ""334774x601"", ""HospitalType"": ""acute care hospitals"", ""HospitalOwner"": ""government - hospital district or authority"", ""EmergencyService"": ""yes"", ""Condition"": ""heart attack"", ""MeasureCode"": ""ami-7a"", ""MeasureName"": ""heart attack patients given fibrinolytic medication within 30 minutes of arrival"", ""Score"": ""0%"", ""Sample"": ""2 patients"", ""Stateavg"": ""al_ami-7a"", ""count"": 1}

Take these rows as reference:

{""ProviderNumber"": ""10021"", ""HospitalName"": ""dale medical center"", ""Address1"": ""126 hospital ave"", ""Address2"": ""empty"", ""Address3"": ""empty"", ""City"": ""ozark"", ""State"": ""al"", ""ZipCode"": ""36360"", ""CountyName"": ""dale"", ""PhoneNumber"": ""3347742601"", ""HospitalType"": ""acute care hospitals"", ""HospitalOwner"": ""government - hospital district or authority"", ""EmergencyService"": ""yes"", ""Condition"": ""hexrt attxck"", ""MeasureCode"": ""ami-2"", ""MeasureName"": ""heart attack patients given aspirin at discharge"", ""Score"": ""100%"", ""Sample"": ""5 patients"", ""Stateavg"": ""al_ami-2""}

{""ProviderNumber"": ""10021"", ""HospitalName"": ""dale medical center"", ""Address1"": ""126 hospital ave"", ""Address2"": ""empty"", ""Address3"": ""empty"", ""City"": ""ozark"", ""State"": ""al"", ""ZipCode"": ""36360"", ""CountyName"": ""dale"", ""PhoneNumber"": ""3347742601"", ""HospitalType"": ""acute care hospitals"", ""HospitalOwner"": ""government - hospital district or authority"", ""EmergencyService"": ""yes"", ""Condition"": ""pneumonia"", ""MeasureCode"": ""pn-4"", ""MeasureName"": ""pneumonia patients given smoking cessation advice/counseling"", ""Score"": ""87%"", ""Sample"": ""39 patients"", ""Stateavg"": ""al_pn-4""}

",,"{""PhoneNumber"": ""3347742601""}","  {""PhoneNumber"": ""3347742601""}"
243,"You are an expert in Cleaning Hospital Dataset. Given the dirty row Entity 1, you are required to correct the values of Address1 in Entity 1.

Return in json format.

Output Format Example:

{""Address1"": """"}

Entity 1:

{""ProviderNumber"": ""10021"", ""HospitalName"": ""dale medical center"", ""Address1"": ""126xhospitalxave"", ""Address2"": ""empty"", ""Address3"": ""empty"", ""City"": ""ozark"", ""State"": ""al"", ""ZipCode"": ""36360"", ""CountyName"": ""dale"", ""PhoneNumber"": ""3347742601"", ""HospitalType"": ""acute care hospitals"", ""HospitalOwner"": ""government - hospital district or authority"", ""EmergencyService"": ""yes"", ""Condition"": ""heart attack"", ""MeasureCode"": ""ami-8a"", ""MeasureName"": ""heart attack patients given pci within 90 minutes of arrival"", ""Score"": ""empty"", ""Sample"": ""0 patients"", ""Stateavg"": ""al_ami-8a"", ""count"": 1}

Take these rows as reference:

{""ProviderNumber"": ""10021"", ""HospitalName"": ""dale medical center"", ""Address1"": ""126 hospital ave"", ""Address2"": ""empty"", ""Address3"": ""empty"", ""City"": ""ozark"", ""State"": ""al"", ""ZipCode"": ""36360"", ""CountyName"": ""dale"", ""PhoneNumber"": ""3347742601"", ""HospitalType"": ""acute care hospitals"", ""HospitalOwner"": ""government - hospital district or authority"", ""EmergencyService"": ""yes"", ""Condition"": ""heart failure"", ""MeasureCode"": ""hf-3"", ""MeasureName"": ""heart failure patients given ace inhibitor or arb for left ventricular systolic dysfunction (lvsd)"", ""Score"": ""94%"", ""Sample"": ""18 patients"", ""Stateavg"": ""al_hf-3""}

{""ProviderNumber"": ""10021"", ""HospitalName"": ""dale medical center"", ""Address1"": ""126 hospital ave"", ""Address2"": ""empty"", ""Address3"": ""empty"", ""City"": ""ozark"", ""State"": ""al"", ""ZipCode"": ""36360"", ""CountyName"": ""dale"", ""PhoneNumber"": ""3347742601"", ""HospitalType"": ""acute care hospitals"", ""HospitalOwner"": ""government - hospital district or authority"", ""EmergencyService"": ""yes"", ""Condition"": ""heart attack"", ""MeasureCode"": ""ami-4"", ""MeasureName"": ""heart attack patients given smoking cessation advice/counseling"", ""Score"": ""100%"", ""Sample"": ""3 patients"", ""Stateavg"": ""al_ami-4""}

",,"{""Address1"": ""126 hospital ave""}","  {""Address1"": ""126 hospital ave""}"
244,"You are an expert in Cleaning Hospital Dataset. Given the dirty row Entity 1, you are required to correct the values of MeasureName in Entity 1.

Return in json format.

Output Format Example:

{""MeasureName"": """"}

Entity 1:

{""ProviderNumber"": ""10021"", ""HospitalName"": ""dale medical center"", ""Address1"": ""126 hospital ave"", ""Address2"": ""empty"", ""Address3"": ""empty"", ""City"": ""ozark"", ""State"": ""al"", ""ZipCode"": ""36360"", ""CountyName"": ""dale"", ""PhoneNumber"": ""3347742601"", ""HospitalType"": ""acute care hospitals"", ""HospitalOwner"": ""government - hospital district or authority"", ""EmergencyService"": ""yes"", ""Condition"": ""heart failure"", ""MeasureCode"": ""hf-1"", ""MeasureName"": ""heaxt failuxe patients given dischaxge instxuctions"", ""Score"": ""66%"", ""Sample"": ""79 patients"", ""Stateavg"": ""al_hf-1"", ""count"": 1}

Take these rows as reference:

{""ProviderNumber"": ""10021"", ""HospitalName"": ""dale medical center"", ""Address1"": ""126 hospital ave"", ""Address2"": ""empty"", ""Address3"": ""empty"", ""City"": ""ozark"", ""State"": ""xl"", ""ZipCode"": ""36360"", ""CountyName"": ""dale"", ""PhoneNumber"": ""3347742601"", ""HospitalType"": ""acute care hospitals"", ""HospitalOwner"": ""government - hospital district or authority"", ""EmergencyService"": ""yes"", ""Condition"": ""pneumonia"", ""MeasureCode"": ""pn-2"", ""MeasureName"": ""pneumonia patients assessed and given pneumococcal vaccination"", ""Score"": ""85%"", ""Sample"": ""80 patients"", ""Stateavg"": ""ax_pn-2""}

{""ProviderNumber"": ""10019"", ""HospitalName"": ""helen keller memorial hospital"", ""Address1"": ""1300 south montgomery avenue"", ""Address2"": ""empty"", ""Address3"": ""empty"", ""City"": ""sheffield"", ""State"": ""al"", ""ZipCode"": ""35660"", ""CountyName"": ""jexxerson"", ""PhoneNumber"": ""2563864556"", ""HospitalType"": ""acute care hospitals"", ""HospitalOwner"": ""government - hospital district or authority"", ""EmergencyService"": ""yes"", ""Condition"": ""surgical infection prevention"", ""MeasureCode"": ""scip-vte-2"", ""MeasureName"": ""patients who got treatment  at the right time (within 24 hours before or after their surgery) to help prevent blood clots after certain types of surgery"", ""Score"": ""79%"", ""Sample"": ""142 patients"", ""Stateavg"": ""al_scip-vte-2""}

",,"{""MeasureName"": ""heart failure patients given discharge instructions""}","  {""MeasureName"": ""heart failure patients given discharge instructions""}"
245,"You are an expert in Cleaning Hospital Dataset. Given the dirty row Entity 1, you are required to correct the values of City in Entity 1.

Return in json format.

Output Format Example:

{""City"": """"}

Entity 1:

{""ProviderNumber"": ""10021"", ""HospitalName"": ""dale medical center"", ""Address1"": ""126 hospital ave"", ""Address2"": ""empty"", ""Address3"": ""empty"", ""City"": ""ozarx"", ""State"": ""al"", ""ZipCode"": ""36360"", ""CountyName"": ""dale"", ""PhoneNumber"": ""3347742601"", ""HospitalType"": ""acute care hospitals"", ""HospitalOwner"": ""government - hospital district or authority"", ""EmergencyService"": ""yes"", ""Condition"": ""heart failure"", ""MeasureCode"": ""hf-2"", ""MeasureName"": ""heart failure patients given an evaluation of left ventricular systolic (lvs) function"", ""Score"": ""96%"", ""Sample"": ""94 patients"", ""Stateavg"": ""al_hf-2"", ""count"": 1}

Take these rows as reference:

{""ProviderNumber"": ""10021"", ""HospitalName"": ""dale medical center"", ""Address1"": ""126 hospital ave"", ""Address2"": ""empty"", ""Address3"": ""empty"", ""City"": ""ozark"", ""State"": ""al"", ""ZipCode"": ""36360"", ""CountyName"": ""dale"", ""PhoneNumber"": ""3347742601"", ""HospitalType"": ""acute care hospitals"", ""HospitalOwner"": ""government - hospital district or authority"", ""EmergencyService"": ""yes"", ""Condition"": ""surgical infection prevention"", ""MeasureCode"": ""scip-inf-6"", ""MeasureName"": ""surgery patients needing hair removed from the surgical area before surgery who had hair removed using a safer method (electric clippers or hair removal cream c not a razor)"", ""Score"": ""1xx%"", ""Sample"": ""94 patients"", ""Stateavg"": ""al_scip-inf-6""}

{""ProviderNumber"": ""10021"", ""HospitalName"": ""dale medical center"", ""Address1"": ""126 hospital ave"", ""Address2"": ""empty"", ""Address3"": ""empty"", ""City"": ""ozark"", ""State"": ""al"", ""ZipCode"": ""36360"", ""CountyName"": ""dale"", ""PhoneNumber"": ""3347742601"", ""HospitalType"": ""acute care hospitals"", ""HospitalOwner"": ""government - hospital district or authority"", ""EmergencyService"": ""yes"", ""Condition"": ""pneumonia"", ""MeasureCode"": ""pn-3b"", ""MeasureName"": ""pneumonia patients whose initial emergency room blood culture was performed prior to the administration of the first hospital dose of antibiotics"", ""Score"": ""94%"", ""Sample"": ""67 patients"", ""Stateavg"": ""al_pn-3b""}

",,"{""City"": ""ozark""}","  {""City"": ""ozark""}"
246,"You are an expert in Cleaning Hospital Dataset. Given the dirty row Entity 1, you are required to correct the values of State in Entity 1.

Return in json format.

Output Format Example:

{""State"": """"}

Entity 1:

{""ProviderNumber"": ""10021"", ""HospitalName"": ""dale medical center"", ""Address1"": ""126 hospital ave"", ""Address2"": ""empty"", ""Address3"": ""empty"", ""City"": ""ozark"", ""State"": ""xl"", ""ZipCode"": ""36360"", ""CountyName"": ""dale"", ""PhoneNumber"": ""3347742601"", ""HospitalType"": ""acute care hospitals"", ""HospitalOwner"": ""government - hospital district or authority"", ""EmergencyService"": ""yes"", ""Condition"": ""pneumonia"", ""MeasureCode"": ""pn-2"", ""MeasureName"": ""pneumonia patients assessed and given pneumococcal vaccination"", ""Score"": ""85%"", ""Sample"": ""80 patients"", ""Stateavg"": ""ax_pn-2"", ""count"": 2}

Take these rows as reference:

{""ProviderNumber"": ""10021"", ""HospitalName"": ""dale medical center"", ""Address1"": ""126 hospital ave"", ""Address2"": ""empty"", ""Address3"": ""empty"", ""City"": ""ozark"", ""State"": ""al"", ""ZipCode"": ""36360"", ""CountyName"": ""dale"", ""PhoneNumber"": ""3347742601"", ""HospitalType"": ""acute care hospitals"", ""HospitalOwner"": ""government - hospital district or authority"", ""EmergencyService"": ""yes"", ""Condition"": ""pneumonia"", ""MeasureCode"": ""pn-4"", ""MeasureName"": ""pneumonia patients given smoking cessation advice/counseling"", ""Score"": ""87%"", ""Sample"": ""39 patients"", ""Stateavg"": ""al_pn-4""}

{""ProviderNumber"": ""10021"", ""HospitalName"": ""dale medical center"", ""Address1"": ""126 hospital ave"", ""Address2"": ""empty"", ""Address3"": ""empty"", ""City"": ""xzark"", ""State"": ""al"", ""ZipCode"": ""36360"", ""CountyName"": ""dale"", ""PhoneNumber"": ""3347742601"", ""HospitalType"": ""acute care hospitals"", ""HospitalOwner"": ""government - hospital district or authority"", ""EmergencyService"": ""yes"", ""Condition"": ""surgical infection prevention"", ""MeasureCode"": ""scip-inf-2"", ""MeasureName"": ""surgery patients who were given the  right kind  of antibiotic to help prevent infection"", ""Score"": ""96%"", ""Sample"": ""52 patients"", ""Stateavg"": ""al_scip-inf-2""}

",,"{""State"": ""al""}","  {""State"": ""al""}"
247,"You are an expert in Cleaning Hospital Dataset. Given the dirty row Entity 1, you are required to correct the values of Stateavg in Entity 1.

Return in json format.

Output Format Example:

{""Stateavg"": """"}

Entity 1:

{""ProviderNumber"": ""10021"", ""HospitalName"": ""dale medical center"", ""Address1"": ""126 hospital ave"", ""Address2"": ""empty"", ""Address3"": ""empty"", ""City"": ""ozark"", ""State"": ""xl"", ""ZipCode"": ""36360"", ""CountyName"": ""dale"", ""PhoneNumber"": ""3347742601"", ""HospitalType"": ""acute care hospitals"", ""HospitalOwner"": ""government - hospital district or authority"", ""EmergencyService"": ""yes"", ""Condition"": ""pneumonia"", ""MeasureCode"": ""pn-2"", ""MeasureName"": ""pneumonia patients assessed and given pneumococcal vaccination"", ""Score"": ""85%"", ""Sample"": ""80 patients"", ""Stateavg"": ""ax_pn-2"", ""count"": 2}

Take these rows as reference:

{""ProviderNumber"": ""10019"", ""HospitalName"": ""helen keller memorial hospital"", ""Address1"": ""1300 south montgomery avenue"", ""Address2"": ""empty"", ""Address3"": ""empty"", ""City"": ""sheffield"", ""State"": ""al"", ""ZipCode"": ""35660"", ""CountyName"": ""jexxerson"", ""PhoneNumber"": ""2563864556"", ""HospitalType"": ""acute care hospitals"", ""HospitalOwner"": ""government - hospital district or authority"", ""EmergencyService"": ""yes"", ""Condition"": ""surgical infection prevention"", ""MeasureCode"": ""scip-vte-2"", ""MeasureName"": ""patients who got treatment  at the right time (within 24 hours before or after their surgery) to help prevent blood clots after certain types of surgery"", ""Score"": ""79%"", ""Sample"": ""142 patients"", ""Stateavg"": ""al_scip-vte-2""}

{""ProviderNumber"": ""10021"", ""HospitalName"": ""dale medical center"", ""Address1"": ""126 hospital ave"", ""Address2"": ""empty"", ""Address3"": ""empty"", ""City"": ""ozark"", ""State"": ""xl"", ""ZipCode"": ""36360"", ""CountyName"": ""dale"", ""PhoneNumber"": ""3347742601"", ""HospitalType"": ""acute care hospitals"", ""HospitalOwner"": ""government - hospital district or authority"", ""EmergencyService"": ""yes"", ""Condition"": ""pneumonia"", ""MeasureCode"": ""pn-2"", ""MeasureName"": ""pneumonia patients assessed and given pneumococcal vaccination"", ""Score"": ""85%"", ""Sample"": ""80 patients"", ""Stateavg"": ""ax_pn-2""}

",,"{""Stateavg"": ""al_pn-2""}","  {""Stateavg"": ""al_pn-2""}"
248,"You are an expert in Cleaning Hospital Dataset. Given the dirty row Entity 1, you are required to correct the values of Sample in Entity 1.

Return in json format.

Output Format Example:

{""Sample"": """"}

Entity 1:

{""ProviderNumber"": ""10021"", ""HospitalName"": ""dale medical center"", ""Address1"": ""126 hospital ave"", ""Address2"": ""empty"", ""Address3"": ""empty"", ""City"": ""ozark"", ""State"": ""al"", ""ZipCode"": ""36360"", ""CountyName"": ""dale"", ""PhoneNumber"": ""3347742601"", ""HospitalType"": ""acute care hospitals"", ""HospitalOwner"": ""government - hospital district or authority"", ""EmergencyService"": ""yes"", ""Condition"": ""pneumonia"", ""MeasureCode"": ""pn-7"", ""MeasureName"": ""pneumonia patients assessed and given influenza vaccination"", ""Score"": ""90%"", ""Sample"": ""62 patientx"", ""Stateavg"": ""al_pn-7"", ""count"": 1}

Take these rows as reference:

{""ProviderNumber"": ""10021"", ""HospitalName"": ""dale medical center"", ""Address1"": ""126 hospital ave"", ""Address2"": ""empty"", ""Address3"": ""empty"", ""City"": ""ozarx"", ""State"": ""al"", ""ZipCode"": ""36360"", ""CountyName"": ""dale"", ""PhoneNumber"": ""3347742601"", ""HospitalType"": ""acute care hospitals"", ""HospitalOwner"": ""government - hospital district or authority"", ""EmergencyService"": ""yes"", ""Condition"": ""heart failure"", ""MeasureCode"": ""hf-2"", ""MeasureName"": ""heart failure patients given an evaluation of left ventricular systolic (lvs) function"", ""Score"": ""96%"", ""Sample"": ""94 patients"", ""Stateavg"": ""al_hf-2""}

{""ProviderNumber"": ""10021"", ""HospitalName"": ""dale medical center"", ""Address1"": ""126 hospital ave"", ""Address2"": ""empty"", ""Address3"": ""empty"", ""City"": ""ozark"", ""State"": ""al"", ""ZipCode"": ""36360"", ""CountyName"": ""dale"", ""PhoneNumber"": ""3347742601"", ""HospitalType"": ""acute care hospitals"", ""HospitalOwner"": ""government - hospital district or authority"", ""EmergencyService"": ""yes"", ""Condition"": ""heart attack"", ""MeasureCode"": ""ami-4"", ""MeasureName"": ""heart attack patients given smoking cessation advice/counseling"", ""Score"": ""100%"", ""Sample"": ""3 patients"", ""Stateavg"": ""al_ami-4""}

",,"{""Sample"": ""62 patients""}","  {""Sample"": ""62 patients""}"
249,"You are an expert in Cleaning Hospital Dataset. Given the dirty row Entity 1, you are required to correct the values of State in Entity 1.

Return in json format.

Output Format Example:

{""State"": """"}

Entity 1:

{""ProviderNumber"": ""10021"", ""HospitalName"": ""dale medical center"", ""Address1"": ""126 hospital ave"", ""Address2"": ""empty"", ""Address3"": ""empty"", ""City"": ""ozark"", ""State"": ""xl"", ""ZipCode"": ""36360"", ""CountyName"": ""dale"", ""PhoneNumber"": ""3347742601"", ""HospitalType"": ""acute care hospitals"", ""HospitalOwner"": ""government - hospital district or authority"", ""EmergencyService"": ""yes"", ""Condition"": ""surgical infection prevention"", ""MeasureCode"": ""scip-card-2"", ""MeasureName"": ""surgery patients who were taking heart drugs called beta blockers before coming to the hospital who were kept on the beta blockers during the period just before and after their surgery"", ""Score"": ""100%"", ""Sample"": ""12 patients"", ""Stateavg"": ""al_scip-card-2"", ""count"": 1}

Take these rows as reference:

{""ProviderNumber"": ""10021"", ""HospitalName"": ""dale medical center"", ""Address1"": ""126 hospital ave"", ""Address2"": ""empty"", ""Address3"": ""empty"", ""City"": ""ozark"", ""State"": ""al"", ""ZipCode"": ""36360"", ""CountyName"": ""dale"", ""PhoneNumber"": ""3347742601"", ""HospitalType"": ""acute care hospitals"", ""HospitalOwner"": ""government - hospital district or authority"", ""EmergencyService"": ""yes"", ""Condition"": ""surgical infection prevention"", ""MeasureCode"": ""scip-inf-6"", ""MeasureName"": ""surgery patients needing hair removed from the surgical area before surgery who had hair removed using a safer method (electric clippers or hair removal cream c not a razor)"", ""Score"": ""1xx%"", ""Sample"": ""94 patients"", ""Stateavg"": ""al_scip-inf-6""}

{""ProviderNumber"": ""10021"", ""HospitalName"": ""dale medical center"", ""Address1"": ""126 hospital ave"", ""Address2"": ""empty"", ""Address3"": ""empty"", ""City"": ""ozarx"", ""State"": ""al"", ""ZipCode"": ""36360"", ""CountyName"": ""dale"", ""PhoneNumber"": ""3347742601"", ""HospitalType"": ""acute care hospitals"", ""HospitalOwner"": ""government - hospital district or authority"", ""EmergencyService"": ""yes"", ""Condition"": ""heart failure"", ""MeasureCode"": ""hf-2"", ""MeasureName"": ""heart failure patients given an evaluation of left ventricular systolic (lvs) function"", ""Score"": ""96%"", ""Sample"": ""94 patients"", ""Stateavg"": ""al_hf-2""}

",,"{""State"": ""al""}","  {""State"": ""al""}"
250,"You are an expert in Cleaning Hospital Dataset. Given the dirty row Entity 1, you are required to correct the values of Address1 in Entity 1.

Return in json format.

Output Format Example:

{""Address1"": """"}

Entity 1:

{""ProviderNumber"": ""10021"", ""HospitalName"": ""dale medical center"", ""Address1"": ""1x6 hospital ave"", ""Address2"": ""empty"", ""Address3"": ""empty"", ""City"": ""ozark"", ""State"": ""al"", ""ZipCode"": ""36360"", ""CountyName"": ""dale"", ""PhoneNumber"": ""3347742601"", ""HospitalType"": ""acute care hospitals"", ""HospitalOwner"": ""government - hospital district or authority"", ""EmergencyService"": ""yes"", ""Condition"": ""surgical infection prevention"", ""MeasureCode"": ""scip-inf-1"", ""MeasureName"": ""surgery patients who were given an antibiotic at the right time (within one hour before surgery) to help prevent infection"", ""Score"": ""94%"", ""Sample"": ""52 patients"", ""Stateavg"": ""al_scip-inf-1"", ""count"": 1}

Take these rows as reference:

{""ProviderNumber"": ""10021"", ""HospitalName"": ""dale medical center"", ""Address1"": ""126 hospital ave"", ""Address2"": ""empty"", ""Address3"": ""empty"", ""City"": ""ozark"", ""State"": ""al"", ""ZipCode"": ""36360"", ""CountyName"": ""dale"", ""PhoneNumber"": ""3347742601"", ""HospitalType"": ""acute care hospitals"", ""HospitalOwner"": ""government - hospital district or authority"", ""EmergencyService"": ""yes"", ""Condition"": ""heart attack"", ""MeasureCode"": ""ami-3"", ""MeasureName"": ""heart attack patients given ace inhibitor or arb for left ventricular systolic dysfunction (lvsd)"", ""Score"": ""empty"", ""Sample"": ""0 patients"", ""Stateavg"": ""al_ami-3""}

{""ProviderNumber"": ""10021"", ""HospitalName"": ""dale medical center"", ""Address1"": ""126 hospital ave"", ""Address2"": ""empty"", ""Address3"": ""empty"", ""City"": ""ozark"", ""State"": ""al"", ""ZipCode"": ""36360"", ""CountyName"": ""dale"", ""PhoneNumber"": ""3347742601"", ""HospitalType"": ""acute care hospitals"", ""HospitalOwner"": ""government - hospital district or authority"", ""EmergencyService"": ""yes"", ""Condition"": ""heart attack"", ""MeasureCode"": ""ami-4"", ""MeasureName"": ""heart attack patients given smoking cessation advice/counseling"", ""Score"": ""100%"", ""Sample"": ""3 patients"", ""Stateavg"": ""al_ami-4""}

",,"{""Address1"": ""126 hospital ave""}","  {""Address1"": ""126 hospital ave""}"
251,"You are an expert in Cleaning Hospital Dataset. Given the dirty row Entity 1, you are required to correct the values of City in Entity 1.

Return in json format.

Output Format Example:

{""City"": """"}

Entity 1:

{""ProviderNumber"": ""10021"", ""HospitalName"": ""dale medical center"", ""Address1"": ""126 hospital ave"", ""Address2"": ""empty"", ""Address3"": ""empty"", ""City"": ""xzark"", ""State"": ""al"", ""ZipCode"": ""36360"", ""CountyName"": ""dale"", ""PhoneNumber"": ""3347742601"", ""HospitalType"": ""acute care hospitals"", ""HospitalOwner"": ""government - hospital district or authority"", ""EmergencyService"": ""yes"", ""Condition"": ""surgical infection prevention"", ""MeasureCode"": ""scip-inf-2"", ""MeasureName"": ""surgery patients who were given the  right kind  of antibiotic to help prevent infection"", ""Score"": ""96%"", ""Sample"": ""52 patients"", ""Stateavg"": ""al_scip-inf-2"", ""count"": 1}

Take these rows as reference:

{""ProviderNumber"": ""10019"", ""HospitalName"": ""helen keller memorial hospital"", ""Address1"": ""1300 south montgomery avenue"", ""Address2"": ""empty"", ""Address3"": ""empty"", ""City"": ""sheffield"", ""State"": ""al"", ""ZipCode"": ""35660"", ""CountyName"": ""jexxerson"", ""PhoneNumber"": ""2563864556"", ""HospitalType"": ""acute care hospitals"", ""HospitalOwner"": ""government - hospital district or authority"", ""EmergencyService"": ""yes"", ""Condition"": ""surgical infection prevention"", ""MeasureCode"": ""scip-vte-2"", ""MeasureName"": ""patients who got treatment  at the right time (within 24 hours before or after their surgery) to help prevent blood clots after certain types of surgery"", ""Score"": ""79%"", ""Sample"": ""142 patients"", ""Stateavg"": ""al_scip-vte-2""}

{""ProviderNumber"": ""10021"", ""HospitalName"": ""dale medical center"", ""Address1"": ""126 hospital ave"", ""Address2"": ""empty"", ""Address3"": ""empty"", ""City"": ""ozark"", ""State"": ""al"", ""ZipCode"": ""36360"", ""CountyName"": ""dale"", ""PhoneNumber"": ""3347742601"", ""HospitalType"": ""acute care hospitals"", ""HospitalOwner"": ""government - hospital district or authority"", ""EmergencyService"": ""yes"", ""Condition"": ""pneumonia"", ""MeasureCode"": ""pn-3b"", ""MeasureName"": ""pneumonia patients whose initial emergency room blood culture was performed prior to the administration of the first hospital dose of antibiotics"", ""Score"": ""94%"", ""Sample"": ""67 patients"", ""Stateavg"": ""al_pn-3b""}

",,"{""City"": ""ozark""}","  {""City"": ""ozark""}"
252,"You are an expert in Cleaning Hospital Dataset. Given the dirty row Entity 1, you are required to correct the values of Score in Entity 1.

Return in json format.

Output Format Example:

{""Score"": """"}

Entity 1:

{""ProviderNumber"": ""10021"", ""HospitalName"": ""dale medical center"", ""Address1"": ""126 hospital ave"", ""Address2"": ""empty"", ""Address3"": ""empty"", ""City"": ""ozark"", ""State"": ""al"", ""ZipCode"": ""36360"", ""CountyName"": ""dale"", ""PhoneNumber"": ""3347742601"", ""HospitalType"": ""acute care hospitals"", ""HospitalOwner"": ""government - hospital district or authority"", ""EmergencyService"": ""yes"", ""Condition"": ""surgical infection prevention"", ""MeasureCode"": ""scip-inf-6"", ""MeasureName"": ""surgery patients needing hair removed from the surgical area before surgery who had hair removed using a safer method (electric clippers or hair removal cream c not a razor)"", ""Score"": ""1xx%"", ""Sample"": ""94 patients"", ""Stateavg"": ""al_scip-inf-6"", ""count"": 1}

Take these rows as reference:

{""ProviderNumber"": ""10021"", ""HospitalName"": ""dale medical center"", ""Address1"": ""126 hospital ave"", ""Address2"": ""empty"", ""Address3"": ""empty"", ""City"": ""ozark"", ""State"": ""al"", ""ZipCode"": ""36360"", ""CountyName"": ""dale"", ""PhoneNumber"": ""3347742601"", ""HospitalType"": ""acute care hospitals"", ""HospitalOwner"": ""government - hospital district or authority"", ""EmergencyService"": ""yes"", ""Condition"": ""heart attack"", ""MeasureCode"": ""ami-3"", ""MeasureName"": ""heart attack patients given ace inhibitor or arb for left ventricular systolic dysfunction (lvsd)"", ""Score"": ""empty"", ""Sample"": ""0 patients"", ""Stateavg"": ""al_ami-3""}

{""ProviderNumber"": ""10021"", ""HospitalName"": ""dale medical center"", ""Address1"": ""126 hospital ave"", ""Address2"": ""empty"", ""Address3"": ""empty"", ""City"": ""ozarx"", ""State"": ""al"", ""ZipCode"": ""36360"", ""CountyName"": ""dale"", ""PhoneNumber"": ""3347742601"", ""HospitalType"": ""acute care hospitals"", ""HospitalOwner"": ""government - hospital district or authority"", ""EmergencyService"": ""yes"", ""Condition"": ""heart failure"", ""MeasureCode"": ""hf-2"", ""MeasureName"": ""heart failure patients given an evaluation of left ventricular systolic (lvs) function"", ""Score"": ""96%"", ""Sample"": ""94 patients"", ""Stateavg"": ""al_hf-2""}

",,"{""Score"": ""100%""}","  {""Score"": ""100%""}"
253,"You are an expert in Cleaning Hospital Dataset. Given the dirty row Entity 1, you are required to correct the values of ZipCode in Entity 1.

Return in json format.

Output Format Example:

{""ZipCode"": """"}

Entity 1:

{""ProviderNumber"": ""10021"", ""HospitalName"": ""dale medical center"", ""Address1"": ""126 hospital ave"", ""Address2"": ""empty"", ""Address3"": ""empty"", ""City"": ""ozark"", ""State"": ""al"", ""ZipCode"": ""x6x60"", ""CountyName"": ""dale"", ""PhoneNumber"": ""3347742601"", ""HospitalType"": ""acute caxe hospitals"", ""HospitalOwner"": ""government - hospital district or authority"", ""EmergencyService"": ""yes"", ""Condition"": ""surgical infection prevention"", ""MeasureCode"": ""scip-vte-2"", ""MeasureName"": ""patients who got treatment  at the right time (within 24 hours before or after their surgery) to help prevent blood clots after certain types of surgery"", ""Score"": ""68%"", ""Sample"": ""50 patients"", ""Stateavg"": ""al_scip-vte-2"", ""count"": 2}

Take these rows as reference:

{""ProviderNumber"": ""10021"", ""HospitalName"": ""dale medical center"", ""Address1"": ""126 hospital ave"", ""Address2"": ""empty"", ""Address3"": ""empty"", ""City"": ""ozark"", ""State"": ""al"", ""ZipCode"": ""36360"", ""CountyName"": ""dale"", ""PhoneNumber"": ""3347742601"", ""HospitalType"": ""acute care hospitals"", ""HospitalOwner"": ""government - hospital district or authority"", ""EmergencyService"": ""yes"", ""Condition"": ""surgical infection prevention"", ""MeasureCode"": ""scip-inf-3"", ""MeasureName"": ""surgery patients whose preventive antibiotics were stopped at the right time (within 24 hours after surgery)"", ""Score"": ""85%"", ""Sample"": ""48 patients"", ""Stateavg"": ""al_scip-inf-3""}

{""ProviderNumber"": ""10019"", ""HospitalName"": ""helen keller memorial hospital"", ""Address1"": ""1300 south montgomery avenue"", ""Address2"": ""empty"", ""Address3"": ""empty"", ""City"": ""sheffield"", ""State"": ""al"", ""ZipCode"": ""35660"", ""CountyName"": ""jexxerson"", ""PhoneNumber"": ""2563864556"", ""HospitalType"": ""acute care hospitals"", ""HospitalOwner"": ""government - hospital district or authority"", ""EmergencyService"": ""yes"", ""Condition"": ""surgical infection prevention"", ""MeasureCode"": ""scip-vte-2"", ""MeasureName"": ""patients who got treatment  at the right time (within 24 hours before or after their surgery) to help prevent blood clots after certain types of surgery"", ""Score"": ""79%"", ""Sample"": ""142 patients"", ""Stateavg"": ""al_scip-vte-2""}

",,"{""ZipCode"": ""36360""}","  {""ZipCode"": ""36360""}"
254,"You are an expert in Cleaning Hospital Dataset. Given the dirty row Entity 1, you are required to correct the values of HospitalType in Entity 1.

Return in json format.

Output Format Example:

{""HospitalType"": """"}

Entity 1:

{""ProviderNumber"": ""10021"", ""HospitalName"": ""dale medical center"", ""Address1"": ""126 hospital ave"", ""Address2"": ""empty"", ""Address3"": ""empty"", ""City"": ""ozark"", ""State"": ""al"", ""ZipCode"": ""x6x60"", ""CountyName"": ""dale"", ""PhoneNumber"": ""3347742601"", ""HospitalType"": ""acute caxe hospitals"", ""HospitalOwner"": ""government - hospital district or authority"", ""EmergencyService"": ""yes"", ""Condition"": ""surgical infection prevention"", ""MeasureCode"": ""scip-vte-2"", ""MeasureName"": ""patients who got treatment  at the right time (within 24 hours before or after their surgery) to help prevent blood clots after certain types of surgery"", ""Score"": ""68%"", ""Sample"": ""50 patients"", ""Stateavg"": ""al_scip-vte-2"", ""count"": 2}

Take these rows as reference:

{""ProviderNumber"": ""10021"", ""HospitalName"": ""dale medical center"", ""Address1"": ""126 hospital ave"", ""Address2"": ""empty"", ""Address3"": ""empty"", ""City"": ""ozark"", ""State"": ""al"", ""ZipCode"": ""36360"", ""CountyName"": ""dale"", ""PhoneNumber"": ""3347742601"", ""HospitalType"": ""acute care hospitals"", ""HospitalOwner"": ""government - hospital district or authority"", ""EmergencyService"": ""yes"", ""Condition"": ""pneumonia"", ""MeasureCode"": ""pn-3b"", ""MeasureName"": ""pneumonia patients whose initial emergency room blood culture was performed prior to the administration of the first hospital dose of antibiotics"", ""Score"": ""94%"", ""Sample"": ""67 patients"", ""Stateavg"": ""al_pn-3b""}

{""ProviderNumber"": ""10021"", ""HospitalName"": ""dale medical center"", ""Address1"": ""126 hospital ave"", ""Address2"": ""empty"", ""Address3"": ""empty"", ""City"": ""ozarx"", ""State"": ""al"", ""ZipCode"": ""36360"", ""CountyName"": ""dale"", ""PhoneNumber"": ""3347742601"", ""HospitalType"": ""acute care hospitals"", ""HospitalOwner"": ""government - hospital district or authority"", ""EmergencyService"": ""yes"", ""Condition"": ""heart failure"", ""MeasureCode"": ""hf-2"", ""MeasureName"": ""heart failure patients given an evaluation of left ventricular systolic (lvs) function"", ""Score"": ""96%"", ""Sample"": ""94 patients"", ""Stateavg"": ""al_hf-2""}

",,"{""HospitalType"": ""acute care hospitals""}","  {""HospitalType"": ""acute care hospitals""}"
255,"You are an expert in Cleaning Hospital Dataset. Given the dirty row Entity 1, you are required to correct the values of EmergencyService in Entity 1.

Return in json format.

Output Format Example:

{""EmergencyService"": """"}

Entity 1:

{""ProviderNumber"": ""10022"", ""HospitalName"": ""cherokee medical center"", ""Address1"": ""400 northwood dr"", ""Address2"": ""empty"", ""Address3"": ""empty"", ""City"": ""centre"", ""State"": ""al"", ""ZipCode"": ""35960"", ""CountyName"": ""cherokee"", ""PhoneNumber"": ""2569275531"", ""HospitalType"": ""acute care hospitals"", ""HospitalOwner"": ""voluntary non-profit - private"", ""EmergencyService"": ""yxs"", ""Condition"": ""heart attack"", ""MeasureCode"": ""ami-2"", ""MeasureName"": ""heart attack patients given aspirin at discharge"", ""Score"": ""100%"", ""Sample"": ""1 patients"", ""Stateavg"": ""al_ami-2"", ""count"": 1}

Take these rows as reference:

{""ProviderNumber"": ""10022"", ""HospitalName"": ""cherokee medical center"", ""Address1"": ""400 northwood dr"", ""Address2"": ""empty"", ""Address3"": ""empty"", ""City"": ""centre"", ""State"": ""al"", ""ZipCode"": ""35960"", ""CountyName"": ""cherokee"", ""PhoneNumber"": ""2569275531"", ""HospitalType"": ""acute care hxspitals"", ""HospitalOwner"": ""voluntaryxnon-profitx-xprivate"", ""EmergencyService"": ""yes"", ""Condition"": ""heart attack"", ""MeasureCode"": ""ami-3"", ""MeasureName"": ""hxart attack patixnts givxn ace inhibitor or arb for lxft vxntricular systolic dysfunction (lvsd)"", ""Score"": ""empty"", ""Sample"": ""0 patients"", ""Stateavg"": ""al_ami-3""}

{""ProviderNumber"": ""10022"", ""HospitalName"": ""cherokee medical center"", ""Address1"": ""400 northwood dr"", ""Address2"": ""empty"", ""Address3"": ""empty"", ""City"": ""centre"", ""State"": ""al"", ""ZipCode"": ""35960"", ""CountyName"": ""cherokee"", ""PhoneNumber"": ""2569275531"", ""HospitalType"": ""acutx carx hospitals"", ""HospitalOwner"": ""voluntary non-profit - private"", ""EmergencyService"": ""yes"", ""Condition"": ""heart attack"", ""MeasureCode"": ""ami-8a"", ""MeasureName"": ""heart attack patients given pci within 90 minutes of arrival"", ""Score"": ""empty"", ""Sample"": ""0 patients"", ""Stateavg"": ""al_ami-8a""}

",,"{""EmergencyService"": ""yes""}","  {""EmergencyService"": ""yes""}"
256,"You are an expert in Cleaning Hospital Dataset. Given the dirty row Entity 1, you are required to correct the values of HospitalType in Entity 1.

Return in json format.

Output Format Example:

{""HospitalType"": """"}

Entity 1:

{""ProviderNumber"": ""10022"", ""HospitalName"": ""cherokee medical center"", ""Address1"": ""400 northwood dr"", ""Address2"": ""empty"", ""Address3"": ""empty"", ""City"": ""centre"", ""State"": ""al"", ""ZipCode"": ""35960"", ""CountyName"": ""cherokee"", ""PhoneNumber"": ""2569275531"", ""HospitalType"": ""acute care hxspitals"", ""HospitalOwner"": ""voluntaryxnon-profitx-xprivate"", ""EmergencyService"": ""yes"", ""Condition"": ""heart attack"", ""MeasureCode"": ""ami-3"", ""MeasureName"": ""hxart attack patixnts givxn ace inhibitor or arb for lxft vxntricular systolic dysfunction (lvsd)"", ""Score"": ""empty"", ""Sample"": ""0 patients"", ""Stateavg"": ""al_ami-3"", ""count"": 3}

Take these rows as reference:

{""ProviderNumber"": ""10022"", ""HospitalName"": ""cherokee medical center"", ""Address1"": ""400 northwood dr"", ""Address2"": ""empty"", ""Address3"": ""empty"", ""City"": ""centre"", ""State"": ""al"", ""ZipCode"": ""35960"", ""CountyName"": ""chxrokxx"", ""PhoneNumber"": ""2569275531"", ""HospitalType"": ""acute care hospitals"", ""HospitalOwner"": ""voluntary non-profit - private"", ""EmergencyService"": ""yes"", ""Condition"": ""pneumonia"", ""MeasureCode"": ""pn-2"", ""MeasureName"": ""pneumonia patients assessed and given pneumococcal vaccination"", ""Score"": ""93%"", ""Sample"": ""44 paxienxs"", ""Stateavg"": ""al_pn-2""}

{""ProviderNumber"": ""10022"", ""HospitalName"": ""cherokee medical center"", ""Address1"": ""400 northwood dr"", ""Address2"": ""empty"", ""Address3"": ""empty"", ""City"": ""centre"", ""State"": ""al"", ""ZipCode"": ""35960"", ""CountyName"": ""cherokee"", ""PhoneNumber"": ""2569275531"", ""HospitalType"": ""acuxe care hospixals"", ""HospitalOwner"": ""voluntary non-profit - private"", ""EmergencyService"": ""yes"", ""Condition"": ""surgical infection prevention"", ""MeasureCode"": ""scip-inf-3"", ""MeasureName"": ""surgery patients whose preventive antibiotics were stopped at the right time (within 24 hours after surgery)"", ""Score"": ""0%"", ""Sample"": ""1 patients"", ""Stateavg"": ""al_scip-inf-3""}

",,"{""HospitalType"": ""acute care hospitals""}","  {""HospitalType"": ""acute care hospitals""}"
257,"You are an expert in Cleaning Hospital Dataset. Given the dirty row Entity 1, you are required to correct the values of HospitalOwner in Entity 1.

Return in json format.

Output Format Example:

{""HospitalOwner"": """"}

Entity 1:

{""ProviderNumber"": ""10022"", ""HospitalName"": ""cherokee medical center"", ""Address1"": ""400 northwood dr"", ""Address2"": ""empty"", ""Address3"": ""empty"", ""City"": ""centre"", ""State"": ""al"", ""ZipCode"": ""35960"", ""CountyName"": ""cherokee"", ""PhoneNumber"": ""2569275531"", ""HospitalType"": ""acute care hxspitals"", ""HospitalOwner"": ""voluntaryxnon-profitx-xprivate"", ""EmergencyService"": ""yes"", ""Condition"": ""heart attack"", ""MeasureCode"": ""ami-3"", ""MeasureName"": ""hxart attack patixnts givxn ace inhibitor or arb for lxft vxntricular systolic dysfunction (lvsd)"", ""Score"": ""empty"", ""Sample"": ""0 patients"", ""Stateavg"": ""al_ami-3"", ""count"": 3}

Take these rows as reference:

{""ProviderNumber"": ""10022"", ""HospitalName"": ""cherokee medical center"", ""Address1"": ""400 northwood dr"", ""Address2"": ""empty"", ""Address3"": ""empty"", ""City"": ""centre"", ""State"": ""al"", ""ZipCode"": ""35960"", ""CountyName"": ""cherokee"", ""PhoneNumber"": ""2569275531"", ""HospitalType"": ""acute care hxspitals"", ""HospitalOwner"": ""voluntaryxnon-profitx-xprivate"", ""EmergencyService"": ""yes"", ""Condition"": ""heart attack"", ""MeasureCode"": ""ami-3"", ""MeasureName"": ""hxart attack patixnts givxn ace inhibitor or arb for lxft vxntricular systolic dysfunction (lvsd)"", ""Score"": ""empty"", ""Sample"": ""0 patients"", ""Stateavg"": ""al_ami-3""}

{""ProviderNumber"": ""10021"", ""HospitalName"": ""dale medical center"", ""Address1"": ""126 hospital ave"", ""Address2"": ""empty"", ""Address3"": ""empty"", ""City"": ""ozark"", ""State"": ""al"", ""ZipCode"": ""x6x60"", ""CountyName"": ""dale"", ""PhoneNumber"": ""3347742601"", ""HospitalType"": ""acute caxe hospitals"", ""HospitalOwner"": ""government - hospital district or authority"", ""EmergencyService"": ""yes"", ""Condition"": ""surgical infection prevention"", ""MeasureCode"": ""scip-vte-2"", ""MeasureName"": ""patients who got treatment  at the right time (within 24 hours before or after their surgery) to help prevent blood clots after certain types of surgery"", ""Score"": ""68%"", ""Sample"": ""50 patients"", ""Stateavg"": ""al_scip-vte-2""}

",,"{""HospitalOwner"": ""voluntary non-profit - private""}","  {""HospitalOwner"": ""voluntary non-profit private""}"
258,"You are an expert in Cleaning Hospital Dataset. Given the dirty row Entity 1, you are required to correct the values of MeasureName in Entity 1.

Return in json format.

Output Format Example:

{""MeasureName"": """"}

Entity 1:

{""ProviderNumber"": ""10022"", ""HospitalName"": ""cherokee medical center"", ""Address1"": ""400 northwood dr"", ""Address2"": ""empty"", ""Address3"": ""empty"", ""City"": ""centre"", ""State"": ""al"", ""ZipCode"": ""35960"", ""CountyName"": ""cherokee"", ""PhoneNumber"": ""2569275531"", ""HospitalType"": ""acute care hxspitals"", ""HospitalOwner"": ""voluntaryxnon-profitx-xprivate"", ""EmergencyService"": ""yes"", ""Condition"": ""heart attack"", ""MeasureCode"": ""ami-3"", ""MeasureName"": ""hxart attack patixnts givxn ace inhibitor or arb for lxft vxntricular systolic dysfunction (lvsd)"", ""Score"": ""empty"", ""Sample"": ""0 patients"", ""Stateavg"": ""al_ami-3"", ""count"": 3}

Take these rows as reference:

{""ProviderNumber"": ""10022"", ""HospitalName"": ""cherokee medical center"", ""Address1"": ""400 northwood dr"", ""Address2"": ""empty"", ""Address3"": ""empty"", ""City"": ""centre"", ""State"": ""al"", ""ZipCode"": ""x5960"", ""CountyName"": ""cherokee"", ""PhoneNumber"": ""2569275531"", ""HospitalType"": ""acute care hospitals"", ""HospitalOwner"": ""voluntary non-profit - private"", ""EmergencyService"": ""yes"", ""Condition"": ""heart failure"", ""MeasureCode"": ""hf-2"", ""MeasureName"": ""heart failure patients given an evaluation of left ventricular systolic (lvs) function"", ""Score"": ""94%"", ""Sample"": ""48 patients"", ""Stateavg"": ""al_hf-2""}

{""ProviderNumber"": ""10021"", ""HospitalName"": ""dale medical center"", ""Address1"": ""126 hospital ave"", ""Address2"": ""empty"", ""Address3"": ""empty"", ""City"": ""ozark"", ""State"": ""al"", ""ZipCode"": ""x6x60"", ""CountyName"": ""dale"", ""PhoneNumber"": ""3347742601"", ""HospitalType"": ""acute caxe hospitals"", ""HospitalOwner"": ""government - hospital district or authority"", ""EmergencyService"": ""yes"", ""Condition"": ""surgical infection prevention"", ""MeasureCode"": ""scip-vte-2"", ""MeasureName"": ""patients who got treatment  at the right time (within 24 hours before or after their surgery) to help prevent blood clots after certain types of surgery"", ""Score"": ""68%"", ""Sample"": ""50 patients"", ""Stateavg"": ""al_scip-vte-2""}

",,"{""MeasureName"": ""heart attack patients given ace inhibitor or arb for left ventricular systolic dysfunction (lvsd)""}","  {""MeasureName"": ""heart attack patients given ace inhibitor or arb for left ventricular systolic dysfunction (lvsd)""}"
259,"You are an expert in Cleaning Hospital Dataset. Given the dirty row Entity 1, you are required to correct the values of MeasureCode in Entity 1.

Return in json format.

Output Format Example:

{""MeasureCode"": """"}

Entity 1:

{""ProviderNumber"": ""10022"", ""HospitalName"": ""cherokee medical center"", ""Address1"": ""400 northwood dr"", ""Address2"": ""empty"", ""Address3"": ""empty"", ""City"": ""centre"", ""State"": ""al"", ""ZipCode"": ""35960"", ""CountyName"": ""cherokee"", ""PhoneNumber"": ""2569275531"", ""HospitalType"": ""acute care hospitals"", ""HospitalOwner"": ""voluntary non-profit - private"", ""EmergencyService"": ""yes"", ""Condition"": ""heart attack"", ""MeasureCode"": ""ami-x"", ""MeasureName"": ""heart attack patients given beta blocker at discharge"", ""Score"": ""empty"", ""Sample"": ""0 patients"", ""Stateavg"": ""al_ami-5"", ""count"": 1}

Take these rows as reference:

{""ProviderNumber"": ""10022"", ""HospitalName"": ""cherokee medical center"", ""Address1"": ""400 northwood dr"", ""Address2"": ""empty"", ""Address3"": ""empty"", ""City"": ""centre"", ""State"": ""al"", ""ZipCode"": ""35960"", ""CountyName"": ""cherokee"", ""PhoneNumber"": ""2569275531"", ""HospitalType"": ""acuxe care hospixals"", ""HospitalOwner"": ""voluntary non-profit - private"", ""EmergencyService"": ""yes"", ""Condition"": ""surgical infection prevention"", ""MeasureCode"": ""scip-inf-3"", ""MeasureName"": ""surgery patients whose preventive antibiotics were stopped at the right time (within 24 hours after surgery)"", ""Score"": ""0%"", ""Sample"": ""1 patients"", ""Stateavg"": ""al_scip-inf-3""}

{""ProviderNumber"": ""10022"", ""HospitalName"": ""cherokee medical center"", ""Address1"": ""400 northwood dr"", ""Address2"": ""empty"", ""Address3"": ""empty"", ""City"": ""centre"", ""State"": ""al"", ""ZipCode"": ""35960"", ""CountyName"": ""cherokee"", ""PhoneNumber"": ""2569275531"", ""HospitalType"": ""acute care hospitals"", ""HospitalOwner"": ""voluntary non-profit - private"", ""EmergencyService"": ""yes"", ""Condition"": ""pneumonia"", ""MeasureCode"": ""pn-7"", ""MeasureName"": ""pneumonix pxtients assessed xnd given influenzx vxccinxtion"", ""Score"": ""81%"", ""Sample"": ""31 patients"", ""Stateavg"": ""al_pn-7""}

",,"{""MeasureCode"": ""ami-5""}","  {""MeasureCode"": ""ami-5""}"
260,"You are an expert in Cleaning Hospital Dataset. Given the dirty row Entity 1, you are required to correct the values of Sample in Entity 1.

Return in json format.

Output Format Example:

{""Sample"": """"}

Entity 1:

{""ProviderNumber"": ""10022"", ""HospitalName"": ""cherokee medical center"", ""Address1"": ""400 northwood dr"", ""Address2"": ""empty"", ""Address3"": ""empty"", ""City"": ""centre"", ""State"": ""al"", ""ZipCode"": ""35960"", ""CountyName"": ""cherokee"", ""PhoneNumber"": ""2569275531"", ""HospitalType"": ""acute care hospitals"", ""HospitalOwner"": ""voluntary non-profit - private"", ""EmergencyService"": ""yes"", ""Condition"": ""heart attack"", ""MeasureCode"": ""ami-7a"", ""MeasureName"": ""heart attack patients given fibrinolytic medication within 30 minutes of arrival"", ""Score"": ""empty"", ""Sample"": ""0 patxents"", ""Stateavg"": ""al_ami-7a"", ""count"": 1}

Take these rows as reference:

{""ProviderNumber"": ""10022"", ""HospitalName"": ""cherokee medical center"", ""Address1"": ""400 northwood dr"", ""Address2"": ""empty"", ""Address3"": ""empty"", ""City"": ""centre"", ""State"": ""al"", ""ZipCode"": ""35960"", ""CountyName"": ""chxrokxx"", ""PhoneNumber"": ""2569275531"", ""HospitalType"": ""acute care hospitals"", ""HospitalOwner"": ""voluntary non-profit - private"", ""EmergencyService"": ""yes"", ""Condition"": ""pneumonia"", ""MeasureCode"": ""pn-2"", ""MeasureName"": ""pneumonia patients assessed and given pneumococcal vaccination"", ""Score"": ""93%"", ""Sample"": ""44 paxienxs"", ""Stateavg"": ""al_pn-2""}

{""ProviderNumber"": ""10022"", ""HospitalName"": ""cherokee medical center"", ""Address1"": ""400 northwood dr"", ""Address2"": ""empty"", ""Address3"": ""empty"", ""City"": ""centre"", ""State"": ""al"", ""ZipCode"": ""35960"", ""CountyName"": ""cherokee"", ""PhoneNumber"": ""2569275531"", ""HospitalType"": ""acutx carx hospitals"", ""HospitalOwner"": ""voluntary non-profit - private"", ""EmergencyService"": ""yes"", ""Condition"": ""heart attack"", ""MeasureCode"": ""ami-8a"", ""MeasureName"": ""heart attack patients given pci within 90 minutes of arrival"", ""Score"": ""empty"", ""Sample"": ""0 patients"", ""Stateavg"": ""al_ami-8a""}

",,"{""Sample"": ""0 patients""}","  {""Sample"": ""0 patients""}"
261,"You are an expert in Cleaning Hospital Dataset. Given the dirty row Entity 1, you are required to correct the values of HospitalType in Entity 1.

Return in json format.

Output Format Example:

{""HospitalType"": """"}

Entity 1:

{""ProviderNumber"": ""10022"", ""HospitalName"": ""cherokee medical center"", ""Address1"": ""400 northwood dr"", ""Address2"": ""empty"", ""Address3"": ""empty"", ""City"": ""centre"", ""State"": ""al"", ""ZipCode"": ""35960"", ""CountyName"": ""cherokee"", ""PhoneNumber"": ""2569275531"", ""HospitalType"": ""acutx carx hospitals"", ""HospitalOwner"": ""voluntary non-profit - private"", ""EmergencyService"": ""yes"", ""Condition"": ""heart attack"", ""MeasureCode"": ""ami-8a"", ""MeasureName"": ""heart attack patients given pci within 90 minutes of arrival"", ""Score"": ""empty"", ""Sample"": ""0 patients"", ""Stateavg"": ""al_ami-8a"", ""count"": 1}

Take these rows as reference:

{""ProviderNumber"": ""10022"", ""HospitalName"": ""cherokee medical center"", ""Address1"": ""400 northwood dr"", ""Address2"": ""empty"", ""Address3"": ""empty"", ""City"": ""centre"", ""State"": ""al"", ""ZipCode"": ""35960"", ""CountyName"": ""cherokee"", ""PhoneNumber"": ""2569275531"", ""HospitalType"": ""acutx carx hospitals"", ""HospitalOwner"": ""voluntary non-profit - private"", ""EmergencyService"": ""yes"", ""Condition"": ""heart attack"", ""MeasureCode"": ""ami-8a"", ""MeasureName"": ""heart attack patients given pci within 90 minutes of arrival"", ""Score"": ""empty"", ""Sample"": ""0 patients"", ""Stateavg"": ""al_ami-8a""}

{""ProviderNumber"": ""10022"", ""HospitalName"": ""cherokee medical center"", ""Address1"": ""400 northwood dr"", ""Address2"": ""empty"", ""Address3"": ""empty"", ""City"": ""centre"", ""State"": ""al"", ""ZipCode"": ""35960"", ""CountyName"": ""chxrokxx"", ""PhoneNumber"": ""2569275531"", ""HospitalType"": ""acute care hospitals"", ""HospitalOwner"": ""voluntary non-profit - private"", ""EmergencyService"": ""yes"", ""Condition"": ""pneumonia"", ""MeasureCode"": ""pn-2"", ""MeasureName"": ""pneumonia patients assessed and given pneumococcal vaccination"", ""Score"": ""93%"", ""Sample"": ""44 paxienxs"", ""Stateavg"": ""al_pn-2""}

",,"{""HospitalType"": ""acute care hospitals""}","  {""HospitalType"": ""acute care hospitals""}"
262,"You are an expert in Cleaning Hospital Dataset. Given the dirty row Entity 1, you are required to correct the values of ZipCode in Entity 1.

Return in json format.

Output Format Example:

{""ZipCode"": """"}

Entity 1:

{""ProviderNumber"": ""10022"", ""HospitalName"": ""cherokee medical center"", ""Address1"": ""400 northwood dr"", ""Address2"": ""empty"", ""Address3"": ""empty"", ""City"": ""centre"", ""State"": ""al"", ""ZipCode"": ""x5960"", ""CountyName"": ""cherokee"", ""PhoneNumber"": ""2569275531"", ""HospitalType"": ""acute care hospitals"", ""HospitalOwner"": ""voluntary non-profit - private"", ""EmergencyService"": ""yes"", ""Condition"": ""heart failure"", ""MeasureCode"": ""hf-2"", ""MeasureName"": ""heart failure patients given an evaluation of left ventricular systolic (lvs) function"", ""Score"": ""94%"", ""Sample"": ""48 patients"", ""Stateavg"": ""al_hf-2"", ""count"": 1}

Take these rows as reference:

{""ProviderNumber"": ""10022"", ""HospitalName"": ""cherokee medical center"", ""Address1"": ""400 northwood dr"", ""Address2"": ""empty"", ""Address3"": ""empty"", ""City"": ""centre"", ""State"": ""ax"", ""ZipCode"": ""35960"", ""CountyName"": ""cherokee"", ""PhoneNumber"": ""2569275531"", ""HospitalType"": ""acute care hospitals"", ""HospitalOwner"": ""voluntary non-profit - private"", ""EmergencyService"": ""yes"", ""Condition"": ""pneumonia"", ""MeasureCode"": ""pn-4"", ""MeasureName"": ""pneumonia patients given smoking cessation advice/counseling"", ""Score"": ""100%"", ""Sample"": ""20 patients"", ""Stateavg"": ""al_pn-4""}

{""ProviderNumber"": ""10022"", ""HospitalName"": ""cherokee medical center"", ""Address1"": ""400 northwood dr"", ""Address2"": ""empty"", ""Address3"": ""empty"", ""City"": ""centre"", ""State"": ""al"", ""ZipCode"": ""35960"", ""CountyName"": ""cherokee"", ""PhoneNumber"": ""2569275531"", ""HospitalType"": ""acute care hospitals"", ""HospitalOwner"": ""voluntary non-profit - private"", ""EmergencyService"": ""yes"", ""Condition"": ""heart failure"", ""MeasureCode"": ""hf-3"", ""MeasureName"": ""heart failure patients given ace inhibitor or arb for left ventricular systolic dysfunction (lvsd)"", ""Score"": ""90%"", ""Sample"": ""10 patients"", ""Stateavg"": ""al_hf-3""}

",,"{""ZipCode"": ""35960""}","  {""ZipCode"": ""35960""}"
263,"You are an expert in Cleaning Hospital Dataset. Given the dirty row Entity 1, you are required to correct the values of CountyName in Entity 1.

Return in json format.

Output Format Example:

{""CountyName"": """"}

Entity 1:

{""ProviderNumber"": ""10022"", ""HospitalName"": ""cherokee medical center"", ""Address1"": ""400 northwood dr"", ""Address2"": ""empty"", ""Address3"": ""empty"", ""City"": ""centre"", ""State"": ""al"", ""ZipCode"": ""35960"", ""CountyName"": ""chxrokxx"", ""PhoneNumber"": ""2569275531"", ""HospitalType"": ""acute care hospitals"", ""HospitalOwner"": ""voluntary non-profit - private"", ""EmergencyService"": ""yes"", ""Condition"": ""pneumonia"", ""MeasureCode"": ""pn-2"", ""MeasureName"": ""pneumonia patients assessed and given pneumococcal vaccination"", ""Score"": ""93%"", ""Sample"": ""44 paxienxs"", ""Stateavg"": ""al_pn-2"", ""count"": 2}

Take these rows as reference:

{""ProviderNumber"": ""10022"", ""HospitalName"": ""cherokee medical center"", ""Address1"": ""400 northwood dr"", ""Address2"": ""empty"", ""Address3"": ""empty"", ""City"": ""centre"", ""State"": ""ax"", ""ZipCode"": ""35960"", ""CountyName"": ""cherokee"", ""PhoneNumber"": ""2569275531"", ""HospitalType"": ""acute care hospitals"", ""HospitalOwner"": ""voluntary non-profit - private"", ""EmergencyService"": ""yes"", ""Condition"": ""pneumonia"", ""MeasureCode"": ""pn-4"", ""MeasureName"": ""pneumonia patients given smoking cessation advice/counseling"", ""Score"": ""100%"", ""Sample"": ""20 patients"", ""Stateavg"": ""al_pn-4""}

{""ProviderNumber"": ""10022"", ""HospitalName"": ""cherokee medical center"", ""Address1"": ""400 northwood dr"", ""Address2"": ""empty"", ""Address3"": ""empty"", ""City"": ""centre"", ""State"": ""al"", ""ZipCode"": ""35960"", ""CountyName"": ""cherokee"", ""PhoneNumber"": ""2569275531"", ""HospitalType"": ""acuxe care hospixals"", ""HospitalOwner"": ""voluntary non-profit - private"", ""EmergencyService"": ""yes"", ""Condition"": ""surgical infection prevention"", ""MeasureCode"": ""scip-inf-3"", ""MeasureName"": ""surgery patients whose preventive antibiotics were stopped at the right time (within 24 hours after surgery)"", ""Score"": ""0%"", ""Sample"": ""1 patients"", ""Stateavg"": ""al_scip-inf-3""}

",,"{""CountyName"": ""cherokee""}","  {""CountyName"": ""cherokee""}"
264,"You are an expert in Cleaning Hospital Dataset. Given the dirty row Entity 1, you are required to correct the values of Sample in Entity 1.

Return in json format.

Output Format Example:

{""Sample"": """"}

Entity 1:

{""ProviderNumber"": ""10022"", ""HospitalName"": ""cherokee medical center"", ""Address1"": ""400 northwood dr"", ""Address2"": ""empty"", ""Address3"": ""empty"", ""City"": ""centre"", ""State"": ""al"", ""ZipCode"": ""35960"", ""CountyName"": ""chxrokxx"", ""PhoneNumber"": ""2569275531"", ""HospitalType"": ""acute care hospitals"", ""HospitalOwner"": ""voluntary non-profit - private"", ""EmergencyService"": ""yes"", ""Condition"": ""pneumonia"", ""MeasureCode"": ""pn-2"", ""MeasureName"": ""pneumonia patients assessed and given pneumococcal vaccination"", ""Score"": ""93%"", ""Sample"": ""44 paxienxs"", ""Stateavg"": ""al_pn-2"", ""count"": 2}

Take these rows as reference:

{""ProviderNumber"": ""10022"", ""HospitalName"": ""cherokee medical center"", ""Address1"": ""400 northwood dr"", ""Address2"": ""empty"", ""Address3"": ""empty"", ""City"": ""centre"", ""State"": ""ax"", ""ZipCode"": ""35960"", ""CountyName"": ""cherokee"", ""PhoneNumber"": ""2569275531"", ""HospitalType"": ""acute care hospitals"", ""HospitalOwner"": ""voluntary non-profit - private"", ""EmergencyService"": ""yes"", ""Condition"": ""pneumonia"", ""MeasureCode"": ""pn-4"", ""MeasureName"": ""pneumonia patients given smoking cessation advice/counseling"", ""Score"": ""100%"", ""Sample"": ""20 patients"", ""Stateavg"": ""al_pn-4""}

{""ProviderNumber"": ""10022"", ""HospitalName"": ""cherokee medical center"", ""Address1"": ""400 northwood dr"", ""Address2"": ""empty"", ""Address3"": ""empty"", ""City"": ""centre"", ""State"": ""al"", ""ZipCode"": ""35960"", ""CountyName"": ""chxrokxx"", ""PhoneNumber"": ""2569275531"", ""HospitalType"": ""acute care hospitals"", ""HospitalOwner"": ""voluntary non-profit - private"", ""EmergencyService"": ""yes"", ""Condition"": ""pneumonia"", ""MeasureCode"": ""pn-2"", ""MeasureName"": ""pneumonia patients assessed and given pneumococcal vaccination"", ""Score"": ""93%"", ""Sample"": ""44 paxienxs"", ""Stateavg"": ""al_pn-2""}

",,"{""Sample"": ""44 patients""}","  {""Sample"": ""44 patients""}"
265,"You are an expert in Cleaning Hospital Dataset. Given the dirty row Entity 1, you are required to correct the values of State in Entity 1.

Return in json format.

Output Format Example:

{""State"": """"}

Entity 1:

{""ProviderNumber"": ""10022"", ""HospitalName"": ""cherokee medical center"", ""Address1"": ""400 northwood dr"", ""Address2"": ""empty"", ""Address3"": ""empty"", ""City"": ""centre"", ""State"": ""ax"", ""ZipCode"": ""35960"", ""CountyName"": ""cherokee"", ""PhoneNumber"": ""2569275531"", ""HospitalType"": ""acute care hospitals"", ""HospitalOwner"": ""voluntary non-profit - private"", ""EmergencyService"": ""yes"", ""Condition"": ""pneumonia"", ""MeasureCode"": ""pn-4"", ""MeasureName"": ""pneumonia patients given smoking cessation advice/counseling"", ""Score"": ""100%"", ""Sample"": ""20 patients"", ""Stateavg"": ""al_pn-4"", ""count"": 1}

Take these rows as reference:

{""ProviderNumber"": ""10022"", ""HospitalName"": ""cherokee medical center"", ""Address1"": ""400 northwood dr"", ""Address2"": ""empty"", ""Address3"": ""empty"", ""City"": ""centre"", ""State"": ""al"", ""ZipCode"": ""35960"", ""CountyName"": ""cherokee"", ""PhoneNumber"": ""2569275531"", ""HospitalType"": ""acuxe care hospixals"", ""HospitalOwner"": ""voluntary non-profit - private"", ""EmergencyService"": ""yes"", ""Condition"": ""surgical infection prevention"", ""MeasureCode"": ""scip-inf-3"", ""MeasureName"": ""surgery patients whose preventive antibiotics were stopped at the right time (within 24 hours after surgery)"", ""Score"": ""0%"", ""Sample"": ""1 patients"", ""Stateavg"": ""al_scip-inf-3""}

{""ProviderNumber"": ""10021"", ""HospitalName"": ""dale medical center"", ""Address1"": ""126 hospital ave"", ""Address2"": ""empty"", ""Address3"": ""empty"", ""City"": ""ozark"", ""State"": ""al"", ""ZipCode"": ""x6x60"", ""CountyName"": ""dale"", ""PhoneNumber"": ""3347742601"", ""HospitalType"": ""acute caxe hospitals"", ""HospitalOwner"": ""government - hospital district or authority"", ""EmergencyService"": ""yes"", ""Condition"": ""surgical infection prevention"", ""MeasureCode"": ""scip-vte-2"", ""MeasureName"": ""patients who got treatment  at the right time (within 24 hours before or after their surgery) to help prevent blood clots after certain types of surgery"", ""Score"": ""68%"", ""Sample"": ""50 patients"", ""Stateavg"": ""al_scip-vte-2""}

",,"{""State"": ""al""}","  {""State"": ""al""}"
266,"You are an expert in Cleaning Hospital Dataset. Given the dirty row Entity 1, you are required to correct the values of Condition in Entity 1.

Return in json format.

Output Format Example:

{""Condition"": """"}

Entity 1:

{""ProviderNumber"": ""10022"", ""HospitalName"": ""cherokee medical center"", ""Address1"": ""400 northwood dr"", ""Address2"": ""empty"", ""Address3"": ""empty"", ""City"": ""centre"", ""State"": ""al"", ""ZipCode"": ""35960"", ""CountyName"": ""cherokee"", ""PhoneNumber"": ""2569275531"", ""HospitalType"": ""acute care hospitals"", ""HospitalOwner"": ""voluntary non-profit - private"", ""EmergencyService"": ""yes"", ""Condition"": ""pneumonix"", ""MeasureCode"": ""pn-6"", ""MeasureName"": ""pneumonia patients given the most appropriate initial antibiotic(s)"", ""Score"": ""93x"", ""Sample"": ""44 patients"", ""Stateavg"": ""al_pn-6"", ""count"": 2}

Take these rows as reference:

{""ProviderNumber"": ""10022"", ""HospitalName"": ""cherokee medical center"", ""Address1"": ""400 northwood dr"", ""Address2"": ""empty"", ""Address3"": ""empty"", ""City"": ""centre"", ""State"": ""al"", ""ZipCode"": ""35960"", ""CountyName"": ""cherokee"", ""PhoneNumber"": ""2569275531"", ""HospitalType"": ""acute care hxspitals"", ""HospitalOwner"": ""voluntaryxnon-profitx-xprivate"", ""EmergencyService"": ""yes"", ""Condition"": ""heart attack"", ""MeasureCode"": ""ami-3"", ""MeasureName"": ""hxart attack patixnts givxn ace inhibitor or arb for lxft vxntricular systolic dysfunction (lvsd)"", ""Score"": ""empty"", ""Sample"": ""0 patients"", ""Stateavg"": ""al_ami-3""}

{""ProviderNumber"": ""10021"", ""HospitalName"": ""dale medical center"", ""Address1"": ""126 hospital ave"", ""Address2"": ""empty"", ""Address3"": ""empty"", ""City"": ""ozark"", ""State"": ""al"", ""ZipCode"": ""x6x60"", ""CountyName"": ""dale"", ""PhoneNumber"": ""3347742601"", ""HospitalType"": ""acute caxe hospitals"", ""HospitalOwner"": ""government - hospital district or authority"", ""EmergencyService"": ""yes"", ""Condition"": ""surgical infection prevention"", ""MeasureCode"": ""scip-vte-2"", ""MeasureName"": ""patients who got treatment  at the right time (within 24 hours before or after their surgery) to help prevent blood clots after certain types of surgery"", ""Score"": ""68%"", ""Sample"": ""50 patients"", ""Stateavg"": ""al_scip-vte-2""}

",,"{""Condition"": ""pneumonia""}","  {""Condition"": ""pneumonia""}"
267,"You are an expert in Cleaning Hospital Dataset. Given the dirty row Entity 1, you are required to correct the values of Score in Entity 1.

Return in json format.

Output Format Example:

{""Score"": """"}

Entity 1:

{""ProviderNumber"": ""10022"", ""HospitalName"": ""cherokee medical center"", ""Address1"": ""400 northwood dr"", ""Address2"": ""empty"", ""Address3"": ""empty"", ""City"": ""centre"", ""State"": ""al"", ""ZipCode"": ""35960"", ""CountyName"": ""cherokee"", ""PhoneNumber"": ""2569275531"", ""HospitalType"": ""acute care hospitals"", ""HospitalOwner"": ""voluntary non-profit - private"", ""EmergencyService"": ""yes"", ""Condition"": ""pneumonix"", ""MeasureCode"": ""pn-6"", ""MeasureName"": ""pneumonia patients given the most appropriate initial antibiotic(s)"", ""Score"": ""93x"", ""Sample"": ""44 patients"", ""Stateavg"": ""al_pn-6"", ""count"": 2}

Take these rows as reference:

{""ProviderNumber"": ""10022"", ""HospitalName"": ""cherokee medical center"", ""Address1"": ""400 northwood dr"", ""Address2"": ""empty"", ""Address3"": ""empty"", ""City"": ""centre"", ""State"": ""al"", ""ZipCode"": ""35960"", ""CountyName"": ""chxrokxx"", ""PhoneNumber"": ""2569275531"", ""HospitalType"": ""acute care hospitals"", ""HospitalOwner"": ""voluntary non-profit - private"", ""EmergencyService"": ""yes"", ""Condition"": ""pneumonia"", ""MeasureCode"": ""pn-2"", ""MeasureName"": ""pneumonia patients assessed and given pneumococcal vaccination"", ""Score"": ""93%"", ""Sample"": ""44 paxienxs"", ""Stateavg"": ""al_pn-2""}

{""ProviderNumber"": ""10022"", ""HospitalName"": ""cherokee medical center"", ""Address1"": ""400 northwood dr"", ""Address2"": ""empty"", ""Address3"": ""empty"", ""City"": ""centre"", ""State"": ""al"", ""ZipCode"": ""35960"", ""CountyName"": ""cherokee"", ""PhoneNumber"": ""2569275531"", ""HospitalType"": ""acute care hospitals"", ""HospitalOwner"": ""voluntary non-profit - private"", ""EmergencyService"": ""yes"", ""Condition"": ""surgical infection prevention"", ""MeasureCode"": ""scip-card-2"", ""MeasureName"": ""surgery patients who were taking heart drugs called beta blockers before coming to the hospital who were kept on the beta blockers during the period just before and after their surgery"", ""Score"": ""empty"", ""Sample"": ""empty"", ""Stateavg"": ""al_scip-card-2""}

",,"{""Score"": ""93%""}","  {""Score"": ""93%""}"
268,"You are an expert in Cleaning Hospital Dataset. Given the dirty row Entity 1, you are required to correct the values of MeasureName in Entity 1.

Return in json format.

Output Format Example:

{""MeasureName"": """"}

Entity 1:

{""ProviderNumber"": ""10022"", ""HospitalName"": ""cherokee medical center"", ""Address1"": ""400 northwood dr"", ""Address2"": ""empty"", ""Address3"": ""empty"", ""City"": ""centre"", ""State"": ""al"", ""ZipCode"": ""35960"", ""CountyName"": ""cherokee"", ""PhoneNumber"": ""2569275531"", ""HospitalType"": ""acute care hospitals"", ""HospitalOwner"": ""voluntary non-profit - private"", ""EmergencyService"": ""yes"", ""Condition"": ""pneumonia"", ""MeasureCode"": ""pn-7"", ""MeasureName"": ""pneumonix pxtients assessed xnd given influenzx vxccinxtion"", ""Score"": ""81%"", ""Sample"": ""31 patients"", ""Stateavg"": ""al_pn-7"", ""count"": 1}

Take these rows as reference:

{""ProviderNumber"": ""10022"", ""HospitalName"": ""cherokee medical center"", ""Address1"": ""400 northwood dr"", ""Address2"": ""empty"", ""Address3"": ""empty"", ""City"": ""centre"", ""State"": ""al"", ""ZipCode"": ""35960"", ""CountyName"": ""cherokee"", ""PhoneNumber"": ""2569275531"", ""HospitalType"": ""acute care hospitals"", ""HospitalOwner"": ""voluntary non-profit - private"", ""EmergencyService"": ""yes"", ""Condition"": ""surgical infection prevention"", ""MeasureCode"": ""scip-inf-1"", ""MeasureName"": ""surgery patients who were given an antibiotic at the right time (within one hour before surgery) to help prevent infection"", ""Score"": ""0%"", ""Sample"": ""2 patients"", ""Stateavg"": ""al_scip-inf-1""}

{""ProviderNumber"": ""10022"", ""HospitalName"": ""cherokee medical center"", ""Address1"": ""400 northwood dr"", ""Address2"": ""empty"", ""Address3"": ""empty"", ""City"": ""centre"", ""State"": ""al"", ""ZipCode"": ""x5960"", ""CountyName"": ""cherokee"", ""PhoneNumber"": ""2569275531"", ""HospitalType"": ""acute care hospitals"", ""HospitalOwner"": ""voluntary non-profit - private"", ""EmergencyService"": ""yes"", ""Condition"": ""heart failure"", ""MeasureCode"": ""hf-2"", ""MeasureName"": ""heart failure patients given an evaluation of left ventricular systolic (lvs) function"", ""Score"": ""94%"", ""Sample"": ""48 patients"", ""Stateavg"": ""al_hf-2""}

",,"{""MeasureName"": ""pneumonia patients assessed and given influenza vaccination""}","  {""MeasureName"": ""pneumonia patients assessed and given influenza vaccination""}"
269,"You are an expert in Cleaning Hospital Dataset. Given the dirty row Entity 1, you are required to correct the values of HospitalType in Entity 1.

Return in json format.

Output Format Example:

{""HospitalType"": """"}

Entity 1:

{""ProviderNumber"": ""10022"", ""HospitalName"": ""cherokee medical center"", ""Address1"": ""400 northwood dr"", ""Address2"": ""empty"", ""Address3"": ""empty"", ""City"": ""centre"", ""State"": ""al"", ""ZipCode"": ""35960"", ""CountyName"": ""cherokee"", ""PhoneNumber"": ""2569275531"", ""HospitalType"": ""acuxe care hospixals"", ""HospitalOwner"": ""voluntary non-profit - private"", ""EmergencyService"": ""yes"", ""Condition"": ""surgical infection prevention"", ""MeasureCode"": ""scip-inf-3"", ""MeasureName"": ""surgery patients whose preventive antibiotics were stopped at the right time (within 24 hours after surgery)"", ""Score"": ""0%"", ""Sample"": ""1 patients"", ""Stateavg"": ""al_scip-inf-3"", ""count"": 1}

Take these rows as reference:

{""ProviderNumber"": ""10022"", ""HospitalName"": ""cherokee medical center"", ""Address1"": ""400 northwood dr"", ""Address2"": ""empty"", ""Address3"": ""empty"", ""City"": ""centre"", ""State"": ""al"", ""ZipCode"": ""35960"", ""CountyName"": ""cherokee"", ""PhoneNumber"": ""2569275531"", ""HospitalType"": ""acute care hospitals"", ""HospitalOwner"": ""voluntary non-profit - private"", ""EmergencyService"": ""yes"", ""Condition"": ""heart failure"", ""MeasureCode"": ""hf-3"", ""MeasureName"": ""heart failure patients given ace inhibitor or arb for left ventricular systolic dysfunction (lvsd)"", ""Score"": ""90%"", ""Sample"": ""10 patients"", ""Stateavg"": ""al_hf-3""}

{""ProviderNumber"": ""10022"", ""HospitalName"": ""cherokee medical center"", ""Address1"": ""400 northwood dr"", ""Address2"": ""empty"", ""Address3"": ""empty"", ""City"": ""centre"", ""State"": ""al"", ""ZipCode"": ""x5960"", ""CountyName"": ""cherokee"", ""PhoneNumber"": ""2569275531"", ""HospitalType"": ""acute care hospitals"", ""HospitalOwner"": ""voluntary non-profit - private"", ""EmergencyService"": ""yes"", ""Condition"": ""heart failure"", ""MeasureCode"": ""hf-2"", ""MeasureName"": ""heart failure patients given an evaluation of left ventricular systolic (lvs) function"", ""Score"": ""94%"", ""Sample"": ""48 patients"", ""Stateavg"": ""al_hf-2""}

",,"{""HospitalType"": ""acute care hospitals""}","  {""HospitalType"": ""acute care hospitals""}"
270,"You are an expert in Cleaning Hospital Dataset. Given the dirty row Entity 1, you are required to correct the values of CountyName in Entity 1.

Return in json format.

Output Format Example:

{""CountyName"": """"}

Entity 1:

{""ProviderNumber"": ""10022"", ""HospitalName"": ""cherokee medical center"", ""Address1"": ""400 northwood dr"", ""Address2"": ""empty"", ""Address3"": ""empty"", ""City"": ""centre"", ""State"": ""al"", ""ZipCode"": ""35960"", ""CountyName"": ""chxrokxx"", ""PhoneNumber"": ""2569275531"", ""HospitalType"": ""acute care hospitals"", ""HospitalOwner"": ""voluntary non-profit - private"", ""EmergencyService"": ""yes"", ""Condition"": ""surgical infection prevention"", ""MeasureCode"": ""scip-inf-6"", ""MeasureName"": ""surgery patients needing hair removed from the surgical area before surgery who had hair removed using a safer method (electric clippers or hair removal cream c not a razor)"", ""Score"": ""100%"", ""Sample"": ""6 patients"", ""Stateavg"": ""al_scip-inf-6"", ""count"": 1}

Take these rows as reference:

{""ProviderNumber"": ""10022"", ""HospitalName"": ""cherokee medical center"", ""Address1"": ""400 northwood dr"", ""Address2"": ""empty"", ""Address3"": ""empty"", ""City"": ""centre"", ""State"": ""al"", ""ZipCode"": ""35960"", ""CountyName"": ""cherokee"", ""PhoneNumber"": ""2569275531"", ""HospitalType"": ""acute care hxspitals"", ""HospitalOwner"": ""voluntaryxnon-profitx-xprivate"", ""EmergencyService"": ""yes"", ""Condition"": ""heart attack"", ""MeasureCode"": ""ami-3"", ""MeasureName"": ""hxart attack patixnts givxn ace inhibitor or arb for lxft vxntricular systolic dysfunction (lvsd)"", ""Score"": ""empty"", ""Sample"": ""0 patients"", ""Stateavg"": ""al_ami-3""}

{""ProviderNumber"": ""10021"", ""HospitalName"": ""dale medical center"", ""Address1"": ""126 hospital ave"", ""Address2"": ""empty"", ""Address3"": ""empty"", ""City"": ""ozark"", ""State"": ""al"", ""ZipCode"": ""x6x60"", ""CountyName"": ""dale"", ""PhoneNumber"": ""3347742601"", ""HospitalType"": ""acute caxe hospitals"", ""HospitalOwner"": ""government - hospital district or authority"", ""EmergencyService"": ""yes"", ""Condition"": ""surgical infection prevention"", ""MeasureCode"": ""scip-vte-2"", ""MeasureName"": ""patients who got treatment  at the right time (within 24 hours before or after their surgery) to help prevent blood clots after certain types of surgery"", ""Score"": ""68%"", ""Sample"": ""50 patients"", ""Stateavg"": ""al_scip-vte-2""}

",,"{""CountyName"": ""cherokee""}","  {""CountyName"": ""cherokee""}"
271,"You are an expert in Cleaning Hospital Dataset. Given the dirty row Entity 1, you are required to correct the values of Score in Entity 1.

Return in json format.

Output Format Example:

{""Score"": """"}

Entity 1:

{""ProviderNumber"": ""10022"", ""HospitalName"": ""cherokee medical center"", ""Address1"": ""400 northwood dr"", ""Address2"": ""empty"", ""Address3"": ""empty"", ""City"": ""centre"", ""State"": ""al"", ""ZipCode"": ""35960"", ""CountyName"": ""cherokee"", ""PhoneNumber"": ""2569275531"", ""HospitalType"": ""acute care hospitals"", ""HospitalOwner"": ""voluntary non-profit - private"", ""EmergencyService"": ""yes"", ""Condition"": ""surgical infection prevention"", ""MeasureCode"": ""scip-vte-1"", ""MeasureName"": ""surgery patients whose doctors ordered treatments to prevent blood clots after certain types of surgeries"", ""Score"": ""1xx%"", ""Sample"": ""5 patients"", ""Stateavg"": ""al_scip-vte-1"", ""count"": 1}

Take these rows as reference:

{""ProviderNumber"": ""10022"", ""HospitalName"": ""cherokee medical center"", ""Address1"": ""400 northwood dr"", ""Address2"": ""empty"", ""Address3"": ""empty"", ""City"": ""centre"", ""State"": ""al"", ""ZipCode"": ""35960"", ""CountyName"": ""cherokee"", ""PhoneNumber"": ""2569275531"", ""HospitalType"": ""acute care hospitals"", ""HospitalOwner"": ""voluntary non-profit - private"", ""EmergencyService"": ""yes"", ""Condition"": ""pneumonia"", ""MeasureCode"": ""pn-7"", ""MeasureName"": ""pneumonix pxtients assessed xnd given influenzx vxccinxtion"", ""Score"": ""81%"", ""Sample"": ""31 patients"", ""Stateavg"": ""al_pn-7""}

{""ProviderNumber"": ""10022"", ""HospitalName"": ""cherokee medical center"", ""Address1"": ""400 northwood dr"", ""Address2"": ""empty"", ""Address3"": ""empty"", ""City"": ""centre"", ""State"": ""al"", ""ZipCode"": ""35960"", ""CountyName"": ""cherokee"", ""PhoneNumber"": ""2569275531"", ""HospitalType"": ""acute care hospitals"", ""HospitalOwner"": ""voluntary non-profit - private"", ""EmergencyService"": ""yes"", ""Condition"": ""pneumonia"", ""MeasureCode"": ""pn-7"", ""MeasureName"": ""pneumonix pxtients assessed xnd given influenzx vxccinxtion"", ""Score"": ""81%"", ""Sample"": ""31 patients"", ""Stateavg"": ""al_pn-7""}

",,"{""Score"": ""100%""}","  {""Score"": ""100%""}"
272,"You are an expert in Cleaning Hospital Dataset. Given the dirty row Entity 1, you are required to correct the values of PhoneNumber in Entity 1.

Return in json format.

Output Format Example:

{""PhoneNumber"": """"}

Entity 1:

{""ProviderNumber"": ""10023"", ""HospitalName"": ""baptist medical center south"", ""Address1"": ""2105 east south boulevard"", ""Address2"": ""empty"", ""Address3"": ""empty"", ""City"": ""montgomery"", ""State"": ""al"", ""ZipCode"": ""36116"", ""CountyName"": ""montgomery"", ""PhoneNumber"": ""3342xx2100"", ""HospitalType"": ""acute care hospitals"", ""HospitalOwner"": ""voluntary non-profit - church"", ""EmergencyService"": ""yes"", ""Condition"": ""heart attack"", ""MeasureCode"": ""ami-1"", ""MeasureName"": ""heart attack patients given aspirin at arrival"", ""Score"": ""100%"", ""Sample"": ""134 patients"", ""Stateavg"": ""al_ami-1"", ""count"": 1}

Take these rows as reference:

{""ProviderNumber"": ""10023"", ""HospitalName"": ""baptist medical center south"", ""Address1"": ""2105 east south boulevard"", ""Address2"": ""empty"", ""Address3"": ""empty"", ""City"": ""montgomery"", ""State"": ""al"", ""ZipCode"": ""36116"", ""CountyName"": ""montgomery"", ""PhoneNumber"": ""3342882100"", ""HospitalType"": ""acute care hospitals"", ""HospitalOwner"": ""voluntary non-profit - church"", ""EmergencyService"": ""yes"", ""Condition"": ""surgical infection prevention"", ""MeasureCode"": ""scip-inf-6"", ""MeasureName"": ""surgery patients needing hair removed from the surgical area before surgery who had hair removed using a safer method (electric clippers or hair removal cream c not a razor)"", ""Score"": ""100%"", ""Sample"": ""575 patients"", ""Stateavg"": ""al_scip-inf-6""}

{""ProviderNumber"": ""10023"", ""HospitalName"": ""baptist medical cexter south"", ""Address1"": ""2105 east south boulevard"", ""Address2"": ""empty"", ""Address3"": ""empty"", ""City"": ""montgomery"", ""State"": ""al"", ""ZipCode"": ""36116"", ""CountyName"": ""montgomery"", ""PhoneNumber"": ""3342882100"", ""HospitalType"": ""acute care hosxitals"", ""HospitalOwner"": ""voluntary non-profit - church"", ""EmergencyService"": ""yes"", ""Condition"": ""pneumonia"", ""MeasureCode"": ""pn-7"", ""MeasureName"": ""pxeumoxia patiexts assessed axd givex ixfluexza vaccixatiox"", ""Score"": ""92%"", ""Sample"": ""87 patientx"", ""Stateavg"": ""al_pn-7""}

",,"{""PhoneNumber"": ""3342882100""}","  {""PhoneNumber"": ""3342882100""}"
273,"You are an expert in Cleaning Hospital Dataset. Given the dirty row Entity 1, you are required to correct the values of City in Entity 1.

Return in json format.

Output Format Example:

{""City"": """"}

Entity 1:

{""ProviderNumber"": ""10023"", ""HospitalName"": ""baptist medical center south"", ""Address1"": ""2105 east south boulevard"", ""Address2"": ""empty"", ""Address3"": ""empty"", ""City"": ""montxomery"", ""State"": ""al"", ""ZipCode"": ""36116"", ""CountyName"": ""montgomery"", ""PhoneNumber"": ""3342882100"", ""HospitalType"": ""acute care hospitals"", ""HospitalOwner"": ""voluntary non-profit - church"", ""EmergencyService"": ""yes"", ""Condition"": ""heart attack"", ""MeasureCode"": ""ami-2"", ""MeasureName"": ""heart attack patients given aspirin at discharge"", ""Score"": ""100%"", ""Sample"": ""282 patients"", ""Stateavg"": ""al_ami-2"", ""count"": 1}

Take these rows as reference:

{""ProviderNumber"": ""10023"", ""HospitalName"": ""baptist medical center south"", ""Address1"": ""2105 east south boulevard"", ""Address2"": ""empty"", ""Address3"": ""empty"", ""City"": ""montgomery"", ""State"": ""al"", ""ZipCode"": ""36116"", ""CountyName"": ""montgomery"", ""PhoneNumber"": ""3342882100"", ""HospitalType"": ""acute care hospitals"", ""HospitalOwner"": ""voluntary non-profit - church"", ""EmergencyService"": ""yes"", ""Condition"": ""pneumonia"", ""MeasureCode"": ""pn-5c"", ""MeasureName"": ""pneumonia patients given initial antibiotic(s) within 6 hours after arrival"", ""Score"": ""95%"", ""Sample"": ""101 patients"", ""Stateavg"": ""al_pn-5c""}

{""ProviderNumber"": ""10023"", ""HospitalName"": ""baptist medical center south"", ""Address1"": ""2105 east south boulevard"", ""Address2"": ""empty"", ""Address3"": ""empty"", ""City"": ""montgomery"", ""State"": ""al"", ""ZipCode"": ""36116"", ""CountyName"": ""montgomery"", ""PhoneNumber"": ""3342882100"", ""HospitalType"": ""acute care hospitals"", ""HospitalOwner"": ""voluntary non-profit - church"", ""EmergencyService"": ""yes"", ""Condition"": ""surgical infection prevention"", ""MeasureCode"": ""scip-inf-4"", ""MeasureName"": ""all heart surgery patients whose blood sugar (blood glucose) is kept under good control in the days right after surgery"", ""Score"": ""95%"", ""Sample"": ""125 patients"", ""Stateavg"": ""al_scip-inf-4""}

",,"{""City"": ""montgomery""}","  {""City"": ""montgomery""}"
274,"You are an expert in Cleaning Hospital Dataset. Given the dirty row Entity 1, you are required to correct the values of EmergencyService in Entity 1.

Return in json format.

Output Format Example:

{""EmergencyService"": """"}

Entity 1:

{""ProviderNumber"": ""10023"", ""HospitalName"": ""baptist medical center south"", ""Address1"": ""2105 east south boulevard"", ""Address2"": ""empty"", ""Address3"": ""empty"", ""City"": ""montgomery"", ""State"": ""al"", ""ZipCode"": ""36116"", ""CountyName"": ""montgomery"", ""PhoneNumber"": ""3342882100"", ""HospitalType"": ""acute care hospitals"", ""HospitalOwner"": ""voluntary non-profit - church"", ""EmergencyService"": ""yxs"", ""Condition"": ""heart attack"", ""MeasureCode"": ""ami-7a"", ""MeasureName"": ""heart attack patients given fibrinolytic medication within 30 minutes of arrival"", ""Score"": ""empty"", ""Sample"": ""0 patients"", ""Stateavg"": ""al_ami-7a"", ""count"": 1}

Take these rows as reference:

{""ProviderNumber"": ""10023"", ""HospitalName"": ""baptist medical center south"", ""Address1"": ""2105 east south boulevard"", ""Address2"": ""empty"", ""Address3"": ""empty"", ""City"": ""montgomery"", ""State"": ""al"", ""ZipCode"": ""36116"", ""CountyName"": ""montgomery"", ""PhoneNumber"": ""3342882100"", ""HospitalType"": ""acute care hospitals"", ""HospitalOwner"": ""voluntary non-profit - church"", ""EmergencyService"": ""yes"", ""Condition"": ""surgical infection prevention"", ""MeasureCode"": ""scip-card-2"", ""MeasureName"": ""surgery patients who were taking heart drugs called beta blockers before coming to the hospital who were kept on the beta blockers during the period just before and after their surgery"", ""Score"": ""97%"", ""Sample"": ""89 patients"", ""Stateavg"": ""al_scip-card-2""}

{""ProviderNumber"": ""10023"", ""HospitalName"": ""baptist medical center south"", ""Address1"": ""2105 east south boulevard"", ""Address2"": ""empty"", ""Address3"": ""empty"", ""City"": ""montgomery"", ""State"": ""al"", ""ZipCode"": ""36116"", ""CountyName"": ""montgomery"", ""PhoneNumber"": ""3342882100"", ""HospitalType"": ""acute care hospitals"", ""HospitalOwner"": ""voluntary non-profit - church"", ""EmergencyService"": ""yes"", ""Condition"": ""surgical infection prevention"", ""MeasureCode"": ""scip-inf-4"", ""MeasureName"": ""all heart surgery patients whose blood sugar (blood glucose) is kept under good control in the days right after surgery"", ""Score"": ""95%"", ""Sample"": ""125 patients"", ""Stateavg"": ""al_scip-inf-4""}

",,"{""EmergencyService"": ""yes""}","  {""EmergencyService"": ""yes""}"
275,"You are an expert in Cleaning Hospital Dataset. Given the dirty row Entity 1, you are required to correct the values of Sample in Entity 1.

Return in json format.

Output Format Example:

{""Sample"": """"}

Entity 1:

{""ProviderNumber"": ""10023"", ""HospitalName"": ""baptist medical center south"", ""Address1"": ""2105 east south boulevard"", ""Address2"": ""empty"", ""Address3"": ""empty"", ""City"": ""montgomery"", ""State"": ""al"", ""ZipCode"": ""36116"", ""CountyName"": ""montgomery"", ""PhoneNumber"": ""3342882100"", ""HospitalType"": ""acute care hospitals"", ""HospitalOwner"": ""voluntary non-profit - church"", ""EmergencyService"": ""yes"", ""Condition"": ""heart failure"", ""MeasureCode"": ""hf-1"", ""MeasureName"": ""heart failure patients given discharge instructions"", ""Score"": ""100%"", ""Sample"": ""25x patients"", ""Stateavg"": ""al_hf-1"", ""count"": 1}

Take these rows as reference:

{""ProviderNumber"": ""10023"", ""HospitalName"": ""baptist medical center south"", ""Address1"": ""2105 east south boulevard"", ""Address2"": ""empty"", ""Address3"": ""empty"", ""City"": ""montgomery"", ""State"": ""al"", ""ZipCode"": ""36116"", ""CountyName"": ""montgomery"", ""PhoneNumber"": ""3342882100"", ""HospitalType"": ""acute care hospitals"", ""HospitalOwner"": ""voluntary non-profit - church"", ""EmergencyService"": ""yes"", ""Condition"": ""surgical infection prevention"", ""MeasureCode"": ""scip-card-2"", ""MeasureName"": ""surgery patients who were taking heart drugs called beta blockers before coming to the hospital who were kept on the beta blockers during the period just before and after their surgery"", ""Score"": ""97%"", ""Sample"": ""89 patients"", ""Stateavg"": ""al_scip-card-2""}

{""ProviderNumber"": ""10023"", ""HospitalName"": ""baptist medical center south"", ""Address1"": ""2105 east south boulevard"", ""Address2"": ""empty"", ""Address3"": ""empty"", ""City"": ""montgomery"", ""State"": ""al"", ""ZipCode"": ""36116"", ""CountyName"": ""montgomery"", ""PhoneNumber"": ""3342882100"", ""HospitalType"": ""acute care hospitals"", ""HospitalOwner"": ""voluntary non-profit - church"", ""EmergencyService"": ""yxs"", ""Condition"": ""heart attack"", ""MeasureCode"": ""ami-7a"", ""MeasureName"": ""heart attack patients given fibrinolytic medication within 30 minutes of arrival"", ""Score"": ""empty"", ""Sample"": ""0 patients"", ""Stateavg"": ""al_ami-7a""}

",,"{""Sample"": ""257 patients""}","  {""Sample"": ""250 patients""}"
276,"You are an expert in Cleaning Hospital Dataset. Given the dirty row Entity 1, you are required to correct the values of HospitalOwner in Entity 1.

Return in json format.

Output Format Example:

{""HospitalOwner"": """"}

Entity 1:

{""ProviderNumber"": ""10023"", ""HospitalName"": ""baptist medical center south"", ""Address1"": ""2105 east south boulevard"", ""Address2"": ""empty"", ""Address3"": ""empty"", ""City"": ""montgomery"", ""State"": ""al"", ""ZipCode"": ""36116"", ""CountyName"": ""montgomery"", ""PhoneNumber"": ""3342882100"", ""HospitalType"": ""acute care hospitals"", ""HospitalOwner"": ""volxntary non-profit - chxrch"", ""EmergencyService"": ""yes"", ""Condition"": ""heart failure"", ""MeasureCode"": ""hf-4"", ""MeasureName"": ""heart failure patients given smoking cessation advice/counseling"", ""Score"": ""100%"", ""Sample"": ""77 patients"", ""Stateavg"": ""al_hf-4"", ""count"": 1}

Take these rows as reference:

{""ProviderNumber"": ""10023"", ""HospitalName"": ""baptist medical center south"", ""Address1"": ""2105 east south boulevard"", ""Address2"": ""empty"", ""Address3"": ""empty"", ""City"": ""montgomery"", ""State"": ""al"", ""ZipCode"": ""36116"", ""CountyName"": ""montgomery"", ""PhoneNumber"": ""3342882100"", ""HospitalType"": ""acute care hospitals"", ""HospitalOwner"": ""voluntary non-profit - church"", ""EmergencyService"": ""yes"", ""Condition"": ""heart failure"", ""MeasureCode"": ""hf-2"", ""MeasureName"": ""heart failure patients given an evaluation of left ventricular systolic (lvs) function"", ""Score"": ""100%"", ""Sample"": ""292 patients"", ""Stateavg"": ""al_hf-2""}

{""ProviderNumber"": ""10023"", ""HospitalName"": ""baptist medical center south"", ""Address1"": ""2105 east south boulevard"", ""Address2"": ""empty"", ""Address3"": ""empty"", ""City"": ""montgomery"", ""State"": ""al"", ""ZipCode"": ""36116"", ""CountyName"": ""montgomery"", ""PhoneNumber"": ""3342882100"", ""HospitalType"": ""acute care hospitals"", ""HospitalOwner"": ""voluntary non-profit - church"", ""EmergencyService"": ""yes"", ""Condition"": ""pneumonia"", ""MeasureCode"": ""pn-3b"", ""MeasureName"": ""pneumonia patients whose initial emergency room blood culture was performed prior to the administration of the first hospital dose of antibiotics"", ""Score"": ""96%"", ""Sample"": ""103 patients"", ""Stateavg"": ""al_pn-3b""}

",,"{""HospitalOwner"": ""voluntary non-profit - church""}","  {""HospitalOwner"": ""voluntary non-profit - church""}"
277,"You are an expert in Cleaning Hospital Dataset. Given the dirty row Entity 1, you are required to correct the values of CountyName in Entity 1.

Return in json format.

Output Format Example:

{""CountyName"": """"}

Entity 1:

{""ProviderNumber"": ""10023"", ""HospitalName"": ""baptist medical center south"", ""Address1"": ""2105 east south boulevard"", ""Address2"": ""empty"", ""Address3"": ""empty"", ""City"": ""montgomery"", ""State"": ""al"", ""ZipCode"": ""36116"", ""CountyName"": ""monxgomery"", ""PhoneNumber"": ""3342882100"", ""HospitalType"": ""acute care hospitals"", ""HospitalOwner"": ""voluntary non-profit - church"", ""EmergencyService"": ""yes"", ""Condition"": ""pneumonia"", ""MeasureCode"": ""pn-2"", ""MeasureName"": ""pneumonia patients assessed and given pneumococcal vaccination"", ""Score"": ""94%"", ""Sample"": ""99 patients"", ""Stateavg"": ""al_pn-2"", ""count"": 1}

Take these rows as reference:

{""ProviderNumber"": ""10023"", ""HospitalName"": ""baptist medical center south"", ""Address1"": ""2105 east south boulevard"", ""Address2"": ""empty"", ""Address3"": ""empty"", ""City"": ""montgomery"", ""State"": ""al"", ""ZipCode"": ""36116"", ""CountyName"": ""montgomery"", ""PhoneNumber"": ""3342882100"", ""HospitalType"": ""acute care hospitals"", ""HospitalOwner"": ""voluntary non-profit - church"", ""EmergencyService"": ""yes"", ""Condition"": ""heart failure"", ""MeasureCode"": ""hf-1"", ""MeasureName"": ""heart failure patients given discharge instructions"", ""Score"": ""100%"", ""Sample"": ""25x patients"", ""Stateavg"": ""al_hf-1""}

{""ProviderNumber"": ""10023"", ""HospitalName"": ""baptist medical center south"", ""Address1"": ""2105 east south boulevard"", ""Address2"": ""empty"", ""Address3"": ""empty"", ""City"": ""montgomery"", ""State"": ""al"", ""ZipCode"": ""36116"", ""CountyName"": ""montgomery"", ""PhoneNumber"": ""3342882100"", ""HospitalType"": ""acute care hospitals"", ""HospitalOwner"": ""voluntary non-profit - church"", ""EmergencyService"": ""yes"", ""Condition"": ""pneumonia"", ""MeasureCode"": ""pn-3b"", ""MeasureName"": ""pneumonia patients whose initial emergency room blood culture was performed prior to the administration of the first hospital dose of antibiotics"", ""Score"": ""96%"", ""Sample"": ""103 patients"", ""Stateavg"": ""al_pn-3b""}

",,"{""CountyName"": ""montgomery""}","  {""CountyName"": ""montgomery""}"
278,"You are an expert in Cleaning Hospital Dataset. Given the dirty row Entity 1, you are required to correct the values of HospitalName in Entity 1.

Return in json format.

Output Format Example:

{""HospitalName"": """"}

Entity 1:

{""ProviderNumber"": ""10023"", ""HospitalName"": ""baptist medical cexter south"", ""Address1"": ""2105 east south boulevard"", ""Address2"": ""empty"", ""Address3"": ""empty"", ""City"": ""montgomery"", ""State"": ""al"", ""ZipCode"": ""36116"", ""CountyName"": ""montgomery"", ""PhoneNumber"": ""3342882100"", ""HospitalType"": ""acute care hosxitals"", ""HospitalOwner"": ""voluntary non-profit - church"", ""EmergencyService"": ""yes"", ""Condition"": ""pneumonia"", ""MeasureCode"": ""pn-7"", ""MeasureName"": ""pxeumoxia patiexts assessed axd givex ixfluexza vaccixatiox"", ""Score"": ""92%"", ""Sample"": ""87 patientx"", ""Stateavg"": ""al_pn-7"", ""count"": 4}

Take these rows as reference:

{""ProviderNumber"": ""10023"", ""HospitalName"": ""baptist medical center south"", ""Address1"": ""2105 east south boulevard"", ""Address2"": ""empty"", ""Address3"": ""empty"", ""City"": ""montgomery"", ""State"": ""al"", ""ZipCode"": ""36116"", ""CountyName"": ""monxgomery"", ""PhoneNumber"": ""3342882100"", ""HospitalType"": ""acute care hospitals"", ""HospitalOwner"": ""voluntary non-profit - church"", ""EmergencyService"": ""yes"", ""Condition"": ""pneumonia"", ""MeasureCode"": ""pn-2"", ""MeasureName"": ""pneumonia patients assessed and given pneumococcal vaccination"", ""Score"": ""94%"", ""Sample"": ""99 patients"", ""Stateavg"": ""al_pn-2""}

{""ProviderNumber"": ""10023"", ""HospitalName"": ""baptist medical center south"", ""Address1"": ""2105 east south boulevard"", ""Address2"": ""empty"", ""Address3"": ""empty"", ""City"": ""montgomery"", ""State"": ""al"", ""ZipCode"": ""36116"", ""CountyName"": ""montgomery"", ""PhoneNumber"": ""3342882100"", ""HospitalType"": ""acute care hospitals"", ""HospitalOwner"": ""voluntary non-profit - church"", ""EmergencyService"": ""yes"", ""Condition"": ""pneumonia"", ""MeasureCode"": ""pn-4"", ""MeasureName"": ""pneumonia patients given smoking cessation advice/counseling"", ""Score"": ""94%"", ""Sample"": ""80 patients"", ""Stateavg"": ""al_pn-4""}

",,"{""HospitalName"": ""baptist medical center south""}","  {""HospitalName"": ""baptist medical center south""}"
279,"You are an expert in Cleaning Hospital Dataset. Given the dirty row Entity 1, you are required to correct the values of HospitalType in Entity 1.

Return in json format.

Output Format Example:

{""HospitalType"": """"}

Entity 1:

{""ProviderNumber"": ""10023"", ""HospitalName"": ""baptist medical cexter south"", ""Address1"": ""2105 east south boulevard"", ""Address2"": ""empty"", ""Address3"": ""empty"", ""City"": ""montgomery"", ""State"": ""al"", ""ZipCode"": ""36116"", ""CountyName"": ""montgomery"", ""PhoneNumber"": ""3342882100"", ""HospitalType"": ""acute care hosxitals"", ""HospitalOwner"": ""voluntary non-profit - church"", ""EmergencyService"": ""yes"", ""Condition"": ""pneumonia"", ""MeasureCode"": ""pn-7"", ""MeasureName"": ""pxeumoxia patiexts assessed axd givex ixfluexza vaccixatiox"", ""Score"": ""92%"", ""Sample"": ""87 patientx"", ""Stateavg"": ""al_pn-7"", ""count"": 4}

Take these rows as reference:

{""ProviderNumber"": ""10023"", ""HospitalName"": ""baptist medical center south"", ""Address1"": ""2105 east south boulevard"", ""Address2"": ""empty"", ""Address3"": ""empty"", ""City"": ""montgomery"", ""State"": ""al"", ""ZipCode"": ""36116"", ""CountyName"": ""montgomery"", ""PhoneNumber"": ""3342882100"", ""HospitalType"": ""acute care hospitals"", ""HospitalOwner"": ""voluntary non-profit - church"", ""EmergencyService"": ""yes"", ""Condition"": ""surgical infection prevention"", ""MeasureCode"": ""scip-inf-6"", ""MeasureName"": ""surgery patients needing hair removed from the surgical area before surgery who had hair removed using a safer method (electric clippers or hair removal cream c not a razor)"", ""Score"": ""100%"", ""Sample"": ""575 patients"", ""Stateavg"": ""al_scip-inf-6""}

{""ProviderNumber"": ""10023"", ""HospitalName"": ""baptist medical center south"", ""Address1"": ""2105 east south boulevard"", ""Address2"": ""empty"", ""Address3"": ""empty"", ""City"": ""montgomery"", ""State"": ""al"", ""ZipCode"": ""36116"", ""CountyName"": ""montgomery"", ""PhoneNumber"": ""3342882100"", ""HospitalType"": ""acute care hospitals"", ""HospitalOwner"": ""voluntary non-profit - church"", ""EmergencyService"": ""yes"", ""Condition"": ""heart attack"", ""MeasureCode"": ""ami-3"", ""MeasureName"": ""heart attack patients given ace inhibitor or arb for left ventricular systolic dysfunction (lvsd)"", ""Score"": ""100%"", ""Sample"": ""53 patients"", ""Stateavg"": ""al_ami-3""}

",,"{""HospitalType"": ""acute care hospitals""}","  {""HospitalType"": ""acute care hospitals""}"
280,"You are an expert in Cleaning Hospital Dataset. Given the dirty row Entity 1, you are required to correct the values of MeasureName in Entity 1.

Return in json format.

Output Format Example:

{""MeasureName"": """"}

Entity 1:

{""ProviderNumber"": ""10023"", ""HospitalName"": ""baptist medical cexter south"", ""Address1"": ""2105 east south boulevard"", ""Address2"": ""empty"", ""Address3"": ""empty"", ""City"": ""montgomery"", ""State"": ""al"", ""ZipCode"": ""36116"", ""CountyName"": ""montgomery"", ""PhoneNumber"": ""3342882100"", ""HospitalType"": ""acute care hosxitals"", ""HospitalOwner"": ""voluntary non-profit - church"", ""EmergencyService"": ""yes"", ""Condition"": ""pneumonia"", ""MeasureCode"": ""pn-7"", ""MeasureName"": ""pxeumoxia patiexts assessed axd givex ixfluexza vaccixatiox"", ""Score"": ""92%"", ""Sample"": ""87 patientx"", ""Stateavg"": ""al_pn-7"", ""count"": 4}

Take these rows as reference:

{""ProviderNumber"": ""10023"", ""HospitalName"": ""baptist medical center south"", ""Address1"": ""2105 east south boulevard"", ""Address2"": ""empty"", ""Address3"": ""empty"", ""City"": ""montgomery"", ""State"": ""al"", ""ZipCode"": ""36116"", ""CountyName"": ""montgomery"", ""PhoneNumber"": ""3342882100"", ""HospitalType"": ""acute care hospitals"", ""HospitalOwner"": ""voluntary non-profit - church"", ""EmergencyService"": ""yes"", ""Condition"": ""surgical infection prevention"", ""MeasureCode"": ""scip-card-2"", ""MeasureName"": ""surgery patients who were taking heart drugs called beta blockers before coming to the hospital who were kept on the beta blockers during the period just before and after their surgery"", ""Score"": ""97%"", ""Sample"": ""89 patients"", ""Stateavg"": ""al_scip-card-2""}

{""ProviderNumber"": ""10023"", ""HospitalName"": ""baptist medical center south"", ""Address1"": ""2105 east south boulevard"", ""Address2"": ""empty"", ""Address3"": ""empty"", ""City"": ""montgomery"", ""State"": ""al"", ""ZipCode"": ""36116"", ""CountyName"": ""montgomery"", ""PhoneNumber"": ""3342882100"", ""HospitalType"": ""acute care hospitals"", ""HospitalOwner"": ""voluntary non-profit - church"", ""EmergencyService"": ""yes"", ""Condition"": ""heart attack"", ""MeasureCode"": ""ami-3"", ""MeasureName"": ""heart attack patients given ace inhibitor or arb for left ventricular systolic dysfunction (lvsd)"", ""Score"": ""100%"", ""Sample"": ""53 patients"", ""Stateavg"": ""al_ami-3""}

",,"{""MeasureName"": ""pneumonia patients assessed and given influenza vaccination""}","  {""MeasureName"": ""pneumonia patients assessed and given influenza vaccination""}"
281,"You are an expert in Cleaning Hospital Dataset. Given the dirty row Entity 1, you are required to correct the values of Sample in Entity 1.

Return in json format.

Output Format Example:

{""Sample"": """"}

Entity 1:

{""ProviderNumber"": ""10023"", ""HospitalName"": ""baptist medical cexter south"", ""Address1"": ""2105 east south boulevard"", ""Address2"": ""empty"", ""Address3"": ""empty"", ""City"": ""montgomery"", ""State"": ""al"", ""ZipCode"": ""36116"", ""CountyName"": ""montgomery"", ""PhoneNumber"": ""3342882100"", ""HospitalType"": ""acute care hosxitals"", ""HospitalOwner"": ""voluntary non-profit - church"", ""EmergencyService"": ""yes"", ""Condition"": ""pneumonia"", ""MeasureCode"": ""pn-7"", ""MeasureName"": ""pxeumoxia patiexts assessed axd givex ixfluexza vaccixatiox"", ""Score"": ""92%"", ""Sample"": ""87 patientx"", ""Stateavg"": ""al_pn-7"", ""count"": 4}

Take these rows as reference:

{""ProviderNumber"": ""10023"", ""HospitalName"": ""baptist medical center south"", ""Address1"": ""2105 east south boulevard"", ""Address2"": ""empty"", ""Address3"": ""empty"", ""City"": ""montgomery"", ""State"": ""al"", ""ZipCode"": ""36116"", ""CountyName"": ""monxgomery"", ""PhoneNumber"": ""3342882100"", ""HospitalType"": ""acute care hospitals"", ""HospitalOwner"": ""voluntary non-profit - church"", ""EmergencyService"": ""yes"", ""Condition"": ""pneumonia"", ""MeasureCode"": ""pn-2"", ""MeasureName"": ""pneumonia patients assessed and given pneumococcal vaccination"", ""Score"": ""94%"", ""Sample"": ""99 patients"", ""Stateavg"": ""al_pn-2""}

{""ProviderNumber"": ""10023"", ""HospitalName"": ""baptist medical center south"", ""Address1"": ""2105 east south boulevard"", ""Address2"": ""empty"", ""Address3"": ""empty"", ""City"": ""montgomery"", ""State"": ""al"", ""ZipCode"": ""36116"", ""CountyName"": ""montgomery"", ""PhoneNumber"": ""3342882100"", ""HospitalType"": ""acute care hospitals"", ""HospitalOwner"": ""voluntary non-profit - church"", ""EmergencyService"": ""yes"", ""Condition"": ""pneumonia"", ""MeasureCode"": ""pn-4"", ""MeasureName"": ""pneumonia patients given smoking cessation advice/counseling"", ""Score"": ""94%"", ""Sample"": ""80 patients"", ""Stateavg"": ""al_pn-4""}

",,"{""Sample"": ""87 patients""}","  {""Sample"": ""87 patients""}"
282,"You are an expert in Cleaning Hospital Dataset. Given the dirty row Entity 1, you are required to correct the values of EmergencyService in Entity 1.

Return in json format.

Output Format Example:

{""EmergencyService"": """"}

Entity 1:

{""ProviderNumber"": ""10023"", ""HospitalName"": ""baptist medical center south"", ""Address1"": ""2105 east south boulevard"", ""Address2"": ""empty"", ""Address3"": ""empty"", ""City"": ""montgomery"", ""State"": ""al"", ""ZipCode"": ""36116"", ""CountyName"": ""montgomery"", ""PhoneNumber"": ""3342882100"", ""HospitalType"": ""acute care hospitals"", ""HospitalOwner"": ""voluntary non-profit - church"", ""EmergencyService"": ""yex"", ""Condition"": ""surgical infection prevention"", ""MeasureCode"": ""scip-inf-3"", ""MeasureName"": ""surgery patients whose preventive antibiotics were stopped at the right time (within 24 hours after surgery)"", ""Score"": ""94%"", ""Sample"": ""392 patients"", ""Stateavg"": ""al_scip-inf-3"", ""count"": 1}

Take these rows as reference:

{""ProviderNumber"": ""10023"", ""HospitalName"": ""baptist medical center south"", ""Address1"": ""2105 east south boulevard"", ""Address2"": ""empty"", ""Address3"": ""empty"", ""City"": ""montgomery"", ""State"": ""al"", ""ZipCode"": ""36116"", ""CountyName"": ""montgomery"", ""PhoneNumber"": ""3342882100"", ""HospitalType"": ""acute care hospitals"", ""HospitalOwner"": ""voluntary non-profit - church"", ""EmergencyService"": ""yes"", ""Condition"": ""pneumonia"", ""MeasureCode"": ""pn-4"", ""MeasureName"": ""pneumonia patients given smoking cessation advice/counseling"", ""Score"": ""94%"", ""Sample"": ""80 patients"", ""Stateavg"": ""al_pn-4""}

{""ProviderNumber"": ""10023"", ""HospitalName"": ""baptist medical center south"", ""Address1"": ""2105 east south boulevard"", ""Address2"": ""empty"", ""Address3"": ""empty"", ""City"": ""montgomery"", ""State"": ""al"", ""ZipCode"": ""36116"", ""CountyName"": ""montgomery"", ""PhoneNumber"": ""3342882100"", ""HospitalType"": ""acute care hospitals"", ""HospitalOwner"": ""voluntary non-profit - church"", ""EmergencyService"": ""yxs"", ""Condition"": ""heart attack"", ""MeasureCode"": ""ami-7a"", ""MeasureName"": ""heart attack patients given fibrinolytic medication within 30 minutes of arrival"", ""Score"": ""empty"", ""Sample"": ""0 patients"", ""Stateavg"": ""al_ami-7a""}

",,"{""EmergencyService"": ""yes""}","  {""EmergencyService"": ""yes""}"
283,"You are an expert in Cleaning Hospital Dataset. Given the dirty row Entity 1, you are required to correct the values of CountyName in Entity 1.

Return in json format.

Output Format Example:

{""CountyName"": """"}

Entity 1:

{""ProviderNumber"": ""10023"", ""HospitalName"": ""baptist medical center south"", ""Address1"": ""2105 east south boulevard"", ""Address2"": ""empty"", ""Address3"": ""empty"", ""City"": ""montgomery"", ""State"": ""al"", ""ZipCode"": ""36116"", ""CountyName"": ""montgomexy"", ""PhoneNumber"": ""3342882100"", ""HospitalType"": ""acute care hospitals"", ""HospitalOwner"": ""voluntary non-profit - church"", ""EmergencyService"": ""yes"", ""Condition"": ""surgical infection prevention"", ""MeasureCode"": ""scip-vte-2"", ""MeasureName"": ""patients who got treatment  at the right time (within 24 hours before or after their surgery) to help prevent blood clots after certain types of surgery"", ""Score"": ""94%"", ""Sample"": ""179 patients"", ""Stateavg"": ""al_scip-vte-2"", ""count"": 1}

Take these rows as reference:

{""ProviderNumber"": ""10023"", ""HospitalName"": ""baptist medical center south"", ""Address1"": ""2105 east south boulevard"", ""Address2"": ""empty"", ""Address3"": ""empty"", ""City"": ""montxomery"", ""State"": ""al"", ""ZipCode"": ""36116"", ""CountyName"": ""montgomery"", ""PhoneNumber"": ""3342882100"", ""HospitalType"": ""acute care hospitals"", ""HospitalOwner"": ""voluntary non-profit - church"", ""EmergencyService"": ""yes"", ""Condition"": ""heart attack"", ""MeasureCode"": ""ami-2"", ""MeasureName"": ""heart attack patients given aspirin at discharge"", ""Score"": ""100%"", ""Sample"": ""282 patients"", ""Stateavg"": ""al_ami-2""}

{""ProviderNumber"": ""10023"", ""HospitalName"": ""baptist medical center south"", ""Address1"": ""2105 east south boulevard"", ""Address2"": ""empty"", ""Address3"": ""empty"", ""City"": ""montgomery"", ""State"": ""al"", ""ZipCode"": ""36116"", ""CountyName"": ""montgomery"", ""PhoneNumber"": ""3342882100"", ""HospitalType"": ""acute care hospitals"", ""HospitalOwner"": ""voluntary non-profit - church"", ""EmergencyService"": ""yes"", ""Condition"": ""surgical infection prevention"", ""MeasureCode"": ""scip-inf-1"", ""MeasureName"": ""surgery patients who were given an antibiotic at the right time (within one hour before surgery) to help prevent infection"", ""Score"": ""97%"", ""Sample"": ""412 patients"", ""Stateavg"": ""al_scip-inf-1""}

",,"{""CountyName"": ""montgomery""}","  {""CountyName"": ""montgomery""}"
284,"You are an expert in Cleaning Hospital Dataset. Given the dirty row Entity 1, you are required to correct the values of MeasureName in Entity 1.

Return in json format.

Output Format Example:

{""MeasureName"": """"}

Entity 1:

{""ProviderNumber"": ""10024"", ""HospitalName"": ""jackson hospital & clinic inc"", ""Address1"": ""1725 pine street"", ""Address2"": ""empty"", ""Address3"": ""empty"", ""City"": ""montgomery"", ""State"": ""al"", ""ZipCode"": ""36106"", ""CountyName"": ""montgomery"", ""PhoneNumber"": ""3342938000"", ""HospitalType"": ""acute care hospitals"", ""HospitalOwner"": ""voluntary non-profit - private"", ""EmergencyService"": ""yes"", ""Condition"": ""heart attack"", ""MeasureCode"": ""ami-1"", ""MeasureName"": ""hexrt attxck pxtients given aspirin xt arrivxl"", ""Score"": ""95%"", ""Sample"": ""111 patients"", ""Stateavg"": ""al_ami-1"", ""count"": 1}

Take these rows as reference:

{""ProviderNumber"": ""10024"", ""HospitalName"": ""jackson hospital & clinic inc"", ""Address1"": ""1725 pine street"", ""Address2"": ""empty"", ""Address3"": ""empty"", ""City"": ""montgomery"", ""State"": ""al"", ""ZipCode"": ""36106"", ""CountyName"": ""montgomery"", ""PhoneNumber"": ""3342938000"", ""HospitalType"": ""acute care hospitals"", ""HospitalOwner"": ""voluntary non-profit - private"", ""EmergencyService"": ""yes"", ""Condition"": ""heart failure"", ""MeasureCode"": ""hf-2"", ""MeasureName"": ""heart failure patients given an evaluation of left ventricular systolic (lvs) function"", ""Score"": ""90%"", ""Sample"": ""518 patients"", ""Stateavg"": ""al_hf-2""}

{""ProviderNumber"": ""10024"", ""HospitalName"": ""jackson hospital & clinic inc"", ""Address1"": ""1725 pine street"", ""Address2"": ""empty"", ""Address3"": ""empty"", ""City"": ""montgomery"", ""State"": ""al"", ""ZipCode"": ""36106"", ""CountyName"": ""montgomery"", ""PhoneNumber"": ""3342938000"", ""HospitalType"": ""acute care hospitals"", ""HospitalOwner"": ""voluntary non-profit - private"", ""EmergencyService"": ""yes"", ""Condition"": ""pneumonia"", ""MeasureCode"": ""pn-7"", ""MeasureName"": ""pneumonia patients assessed and given influenza vaccination"", ""Score"": ""82%"", ""Sample"": ""184 patients"", ""Stateavg"": ""al_pn-7""}

",,"{""MeasureName"": ""heart attack patients given aspirin at arrival""}","  {""MeasureName"": ""heart attack patients given aspirin at arrival""}"
285,"You are an expert in Cleaning Hospital Dataset. Given the dirty row Entity 1, you are required to correct the values of ZipCode in Entity 1.

Return in json format.

Output Format Example:

{""ZipCode"": """"}

Entity 1:

{""ProviderNumber"": ""10024"", ""HospitalName"": ""jackson hospital & clinic inc"", ""Address1"": ""1725 pine street"", ""Address2"": ""empty"", ""Address3"": ""empty"", ""City"": ""montgomery"", ""State"": ""al"", ""ZipCode"": ""3x10x"", ""CountyName"": ""montgomery"", ""PhoneNumber"": ""3342938000"", ""HospitalType"": ""acute care hospitals"", ""HospitalOwner"": ""voluntary non-profit - private"", ""EmergencyService"": ""yes"", ""Condition"": ""heart attack"", ""MeasureCode"": ""ami-4"", ""MeasureName"": ""heart attack patients given smoking cessation advice/counseling"", ""Score"": ""97%"", ""Sample"": ""65 patients"", ""Stateavg"": ""al_ami-4"", ""count"": 1}

Take these rows as reference:

{""ProviderNumber"": ""10024"", ""HospitalName"": ""jackson hospital & clinic inc"", ""Address1"": ""1725 pine street"", ""Address2"": ""empty"", ""Address3"": ""empty"", ""City"": ""montgomery"", ""State"": ""al"", ""ZipCode"": ""36106"", ""CountyName"": ""montgomery"", ""PhoneNumber"": ""3342938000"", ""HospitalType"": ""acute care hospitals"", ""HospitalOwner"": ""voluntary non-profit - private"", ""EmergencyService"": ""yes"", ""Condition"": ""pxeumoxia"", ""MeasureCode"": ""pn-5c"", ""MeasureName"": ""pneumonia patients given initial antibiotic(s) within 6 hours after arrival"", ""Score"": ""88%"", ""Sample"": ""233 patients"", ""Stateavg"": ""al_pn-5x""}

{""ProviderNumber"": ""10024"", ""HospitalName"": ""jackson hospital & clinic inc"", ""Address1"": ""1725 pine street"", ""Address2"": ""empty"", ""Address3"": ""empty"", ""City"": ""montgomery"", ""State"": ""al"", ""ZipCode"": ""36106"", ""CountyName"": ""montgomery"", ""PhoneNumber"": ""3342938000"", ""HospitalType"": ""acute care hospitals"", ""HospitalOwner"": ""voluntary non-profit - private"", ""EmergencyService"": ""yes"", ""Condition"": ""heart failure"", ""MeasureCode"": ""hf-2"", ""MeasureName"": ""heart failure patients given an evaluation of left ventricular systolic (lvs) function"", ""Score"": ""90%"", ""Sample"": ""518 patients"", ""Stateavg"": ""al_hf-2""}

",,"{""ZipCode"": ""36106""}","  {""ZipCode"": ""36106""}"
286,"You are an expert in Cleaning Hospital Dataset. Given the dirty row Entity 1, you are required to correct the values of MeasureName in Entity 1.

Return in json format.

Output Format Example:

{""MeasureName"": """"}

Entity 1:

{""ProviderNumber"": ""10024"", ""HospitalName"": ""jackson hospital & clinic inc"", ""Address1"": ""1725 pine street"", ""Address2"": ""empty"", ""Address3"": ""empty"", ""City"": ""montgomery"", ""State"": ""al"", ""ZipCode"": ""36106"", ""CountyName"": ""montgomery"", ""PhoneNumber"": ""3342938000"", ""HospitalType"": ""acute care hospitals"", ""HospitalOwner"": ""voluntary non-profit - private"", ""EmergencyService"": ""yes"", ""Condition"": ""heart attack"", ""MeasureCode"": ""ami-5"", ""MeasureName"": ""heaxt attack patients given beta blockex at dischaxge"", ""Score"": ""95%"", ""Sample"": ""173 patients"", ""Stateavg"": ""al_ami-5"", ""count"": 1}

Take these rows as reference:

{""ProviderNumber"": ""10024"", ""HospitalName"": ""jackson hospital & clinic inc"", ""Address1"": ""1725 pine street"", ""Address2"": ""empty"", ""Address3"": ""empty"", ""City"": ""montgomery"", ""State"": ""al"", ""ZipCode"": ""36106"", ""CountyName"": ""monxgomery"", ""PhoneNumber"": ""3342938000"", ""HospitalType"": ""acute care hospitals"", ""HospitalOwner"": ""voluntary non-profit - private"", ""EmergencyService"": ""yes"", ""Condition"": ""heart failure"", ""MeasureCode"": ""hf-4"", ""MeasureName"": ""heart failure patients given smoking cessation advice/counseling"", ""Score"": ""99%"", ""Sample"": ""93 patients"", ""Stateavg"": ""al_hf-4""}

{""ProviderNumber"": ""10024"", ""HospitalName"": ""jackson hospital & clinic inc"", ""Address1"": ""1725 pine street"", ""Address2"": ""empty"", ""Address3"": ""empty"", ""City"": ""montgomery"", ""State"": ""al"", ""ZipCode"": ""36106"", ""CountyName"": ""montgomery"", ""PhoneNumber"": ""3342938000"", ""HospitalType"": ""acute care hospitals"", ""HospitalOwner"": ""voluntary non-profit - private"", ""EmergencyService"": ""yes"", ""Condition"": ""heart attack"", ""MeasureCode"": ""ami-2"", ""MeasureName"": ""heart attack patients given aspirin at discharge"", ""Score"": ""92%"", ""Sample"": ""165 patients"", ""Stateavg"": ""al_ami-2""}

",,"{""MeasureName"": ""heart attack patients given beta blocker at discharge""}","  {""MeasureName"": ""heart attack patients given beta blocker at discharge""}"
287,"You are an expert in Cleaning Hospital Dataset. Given the dirty row Entity 1, you are required to correct the values of Sample in Entity 1.

Return in json format.

Output Format Example:

{""Sample"": """"}

Entity 1:

{""ProviderNumber"": ""10024"", ""HospitalName"": ""jackson hospital & clinic inc"", ""Address1"": ""1725 pine street"", ""Address2"": ""empty"", ""Address3"": ""empty"", ""City"": ""montgomery"", ""State"": ""al"", ""ZipCode"": ""36106"", ""CountyName"": ""montgomery"", ""PhoneNumber"": ""3342938000"", ""HospitalType"": ""acute care hospitals"", ""HospitalOwner"": ""voluntary non-profit - private"", ""EmergencyService"": ""yes"", ""Condition"": ""heart attack"", ""MeasureCode"": ""ami-7a"", ""MeasureName"": ""heart attack patients given fibrinolytic medication within 30 minutes of arrival"", ""Score"": ""empty"", ""Sample"": ""x patients"", ""Stateavg"": ""al_ami-7a"", ""count"": 1}

Take these rows as reference:

{""ProviderNumber"": ""10024"", ""HospitalName"": ""jackson hospital & clinic inc"", ""Address1"": ""1725 pine street"", ""Address2"": ""empty"", ""Address3"": ""empty"", ""City"": ""montgomery"", ""State"": ""al"", ""ZipCode"": ""36106"", ""CountyName"": ""montgomery"", ""PhoneNumber"": ""3342938000"", ""HospitalType"": ""acute care hospitals"", ""HospitalOwner"": ""voluntary non-profit - private"", ""EmergencyService"": ""yes"", ""Condition"": ""pneumonia"", ""MeasureCode"": ""pn-7"", ""MeasureName"": ""pneumonia patients assessed and given influenza vaccination"", ""Score"": ""82%"", ""Sample"": ""184 patients"", ""Stateavg"": ""al_pn-7""}

{""ProviderNumber"": ""10024"", ""HospitalName"": ""jackson hospital & clinic inc"", ""Address1"": ""1725 pine street"", ""Address2"": ""empty"", ""Address3"": ""empty"", ""City"": ""montgomery"", ""State"": ""al"", ""ZipCode"": ""36106"", ""CountyName"": ""montgomery"", ""PhoneNumber"": ""3342938000"", ""HospitalType"": ""acute care hospitals"", ""HospitalOwner"": ""voluntary non-profit - private"", ""EmergencyService"": ""yes"", ""Condition"": ""heart attack"", ""MeasureCode"": ""ami-7a"", ""MeasureName"": ""heart attack patients given fibrinolytic medication within 30 minutes of arrival"", ""Score"": ""empty"", ""Sample"": ""x patients"", ""Stateavg"": ""al_ami-7a""}

",,"{""Sample"": ""0 patients""}","  {""Sample"": ""33 patients""}"
288,"You are an expert in Cleaning Hospital Dataset. Given the dirty row Entity 1, you are required to correct the values of PhoneNumber in Entity 1.

Return in json format.

Output Format Example:

{""PhoneNumber"": """"}

Entity 1:

{""ProviderNumber"": ""10024"", ""HospitalName"": ""jackson hospital & clinic inc"", ""Address1"": ""1725 pine street"", ""Address2"": ""empty"", ""Address3"": ""empty"", ""City"": ""montgomery"", ""State"": ""al"", ""ZipCode"": ""36106"", ""CountyName"": ""montgomery"", ""PhoneNumber"": ""3342938xxx"", ""HospitalType"": ""acute care hospitals"", ""HospitalOwner"": ""voluntary non-profit - private"", ""EmergencyService"": ""yes"", ""Condition"": ""heart failure"", ""MeasureCode"": ""hf-1"", ""MeasureName"": ""heart failure patients given discharge instructions"", ""Score"": ""45%"", ""Sample"": ""430 patients"", ""Stateavg"": ""al_hf-1"", ""count"": 1}

Take these rows as reference:

{""ProviderNumber"": ""10024"", ""HospitalName"": ""jackson hospital & clinic inc"", ""Address1"": ""1725 pine street"", ""Address2"": ""empty"", ""Address3"": ""empty"", ""City"": ""montgomery"", ""State"": ""al"", ""ZipCode"": ""36106"", ""CountyName"": ""montgomery"", ""PhoneNumber"": ""3342938000"", ""HospitalType"": ""acute care hospitals"", ""HospitalOwner"": ""voluntary non-profit - private"", ""EmergencyService"": ""yes"", ""Condition"": ""pxeumoxia"", ""MeasureCode"": ""pn-5c"", ""MeasureName"": ""pneumonia patients given initial antibiotic(s) within 6 hours after arrival"", ""Score"": ""88%"", ""Sample"": ""233 patients"", ""Stateavg"": ""al_pn-5x""}

{""ProviderNumber"": ""10024"", ""HospitalName"": ""jackson hospital & clinic inc"", ""Address1"": ""1725 pine street"", ""Address2"": ""empty"", ""Address3"": ""empty"", ""City"": ""montgomery"", ""State"": ""al"", ""ZipCode"": ""36106"", ""CountyName"": ""montgomery"", ""PhoneNumber"": ""3342938xxx"", ""HospitalType"": ""acute care hospitals"", ""HospitalOwner"": ""voluntary non-profit - private"", ""EmergencyService"": ""yes"", ""Condition"": ""surgical infection prevention"", ""MeasureCode"": ""scip-inf-4"", ""MeasureName"": ""allxheartxsurgeryxpatientsxwhosexbloodxsugarx(bloodxglucose)xisxkeptxunderxgoodxcontrolxinxthexdaysxrightxafterxsurgery"", ""Score"": ""72%"", ""Sample"": ""270 patients"", ""Stateavg"": ""al_scip-inf-4""}

",,"{""PhoneNumber"": ""3342938000""}","  {""PhoneNumber"": ""3342938000""}"
289,"You are an expert in Cleaning Hospital Dataset. Given the dirty row Entity 1, you are required to correct the values of CountyName in Entity 1.

Return in json format.

Output Format Example:

{""CountyName"": """"}

Entity 1:

{""ProviderNumber"": ""10024"", ""HospitalName"": ""jackson hospital & clinic inc"", ""Address1"": ""1725 pine street"", ""Address2"": ""empty"", ""Address3"": ""empty"", ""City"": ""montgomery"", ""State"": ""al"", ""ZipCode"": ""36106"", ""CountyName"": ""monxgomery"", ""PhoneNumber"": ""3342938000"", ""HospitalType"": ""acute care hospitals"", ""HospitalOwner"": ""voluntary non-profit - private"", ""EmergencyService"": ""yes"", ""Condition"": ""heart failure"", ""MeasureCode"": ""hf-4"", ""MeasureName"": ""heart failure patients given smoking cessation advice/counseling"", ""Score"": ""99%"", ""Sample"": ""93 patients"", ""Stateavg"": ""al_hf-4"", ""count"": 1}

Take these rows as reference:

{""ProviderNumber"": ""10024"", ""HospitalName"": ""jackson hospital & clinic inc"", ""Address1"": ""1725 pine street"", ""Address2"": ""empty"", ""Address3"": ""empty"", ""City"": ""montgomery"", ""State"": ""al"", ""ZipCode"": ""36106"", ""CountyName"": ""montgomery"", ""PhoneNumber"": ""3342938000"", ""HospitalType"": ""acute care hospitals"", ""HospitalOwner"": ""voluntary non-profit - private"", ""EmergencyService"": ""yes"", ""Condition"": ""heart attack"", ""MeasureCode"": ""ami-1"", ""MeasureName"": ""hexrt attxck pxtients given aspirin xt arrivxl"", ""Score"": ""95%"", ""Sample"": ""111 patients"", ""Stateavg"": ""al_ami-1""}

{""ProviderNumber"": ""10024"", ""HospitalName"": ""jackson hospital & clinic inc"", ""Address1"": ""1725 pine street"", ""Address2"": ""empty"", ""Address3"": ""empty"", ""City"": ""montgomery"", ""State"": ""al"", ""ZipCode"": ""36106"", ""CountyName"": ""montgomery"", ""PhoneNumber"": ""3342938000"", ""HospitalType"": ""acute care hospitals"", ""HospitalOwner"": ""voluntary non-profit - private"", ""EmergencyService"": ""yes"", ""Condition"": ""pneumonia"", ""MeasureCode"": ""pn-6"", ""MeasureName"": ""pneumonia patients given the most appropriate initial antibiotic(s)"", ""Score"": ""82%"", ""Sample"": ""97 patients"", ""Stateavg"": ""al_pn-6""}

",,"{""CountyName"": ""montgomery""}","  {""CountyName"": ""montgomery""}"
290,"You are an expert in Cleaning Hospital Dataset. Given the dirty row Entity 1, you are required to correct the values of Sample in Entity 1.

Return in json format.

Output Format Example:

{""Sample"": """"}

Entity 1:

{""ProviderNumber"": ""10024"", ""HospitalName"": ""jackson hospital & clinic inc"", ""Address1"": ""1725 pine street"", ""Address2"": ""empty"", ""Address3"": ""empty"", ""City"": ""montgomery"", ""State"": ""al"", ""ZipCode"": ""36106"", ""CountyName"": ""montgomery"", ""PhoneNumber"": ""3342938000"", ""HospitalType"": ""acute care hospitals"", ""HospitalOwner"": ""voluntary non-profit - private"", ""EmergencyService"": ""yes"", ""Condition"": ""pneumonia"", ""MeasureCode"": ""pn-4"", ""MeasureName"": ""pneumonia patients given smoking cessation advice/counseling"", ""Score"": ""91%"", ""Sample"": ""74 patxents"", ""Stateavg"": ""al_pn-4"", ""count"": 1}

Take these rows as reference:

{""ProviderNumber"": ""10024"", ""HospitalName"": ""jackson hospital & clinic inc"", ""Address1"": ""1725 pine street"", ""Address2"": ""empty"", ""Address3"": ""empty"", ""City"": ""montgomery"", ""State"": ""al"", ""ZipCode"": ""36106"", ""CountyName"": ""montgomery"", ""PhoneNumber"": ""3342938000"", ""HospitalType"": ""acute care hospitals"", ""HospitalOwner"": ""voluntary non-profit - private"", ""EmergencyService"": ""yes"", ""Condition"": ""heart failure"", ""MeasureCode"": ""hf-2"", ""MeasureName"": ""heart failure patients given an evaluation of left ventricular systolic (lvs) function"", ""Score"": ""90%"", ""Sample"": ""518 patients"", ""Stateavg"": ""al_hf-2""}

{""ProviderNumber"": ""10024"", ""HospitalName"": ""jackson hospital & clinic inc"", ""Address1"": ""1725 pine street"", ""Address2"": ""empty"", ""Address3"": ""empty"", ""City"": ""montgomery"", ""State"": ""al"", ""ZipCode"": ""36106"", ""CountyName"": ""montgomery"", ""PhoneNumber"": ""3342938000"", ""HospitalType"": ""acute care hospitals"", ""HospitalOwner"": ""voluntary non-profit - private"", ""EmergencyService"": ""yes"", ""Condition"": ""pneumonia"", ""MeasureCode"": ""pn-7"", ""MeasureName"": ""pneumonia patients assessed and given influenza vaccination"", ""Score"": ""82%"", ""Sample"": ""184 patients"", ""Stateavg"": ""al_pn-7""}

",,"{""Sample"": ""74 patients""}","  {""Sample"": ""74 patients""}"
291,"You are an expert in Cleaning Hospital Dataset. Given the dirty row Entity 1, you are required to correct the values of Condition in Entity 1.

Return in json format.

Output Format Example:

{""Condition"": """"}

Entity 1:

{""ProviderNumber"": ""10024"", ""HospitalName"": ""jackson hospital & clinic inc"", ""Address1"": ""1725 pine street"", ""Address2"": ""empty"", ""Address3"": ""empty"", ""City"": ""montgomery"", ""State"": ""al"", ""ZipCode"": ""36106"", ""CountyName"": ""montgomery"", ""PhoneNumber"": ""3342938000"", ""HospitalType"": ""acute care hospitals"", ""HospitalOwner"": ""voluntary non-profit - private"", ""EmergencyService"": ""yes"", ""Condition"": ""pxeumoxia"", ""MeasureCode"": ""pn-5c"", ""MeasureName"": ""pneumonia patients given initial antibiotic(s) within 6 hours after arrival"", ""Score"": ""88%"", ""Sample"": ""233 patients"", ""Stateavg"": ""al_pn-5x"", ""count"": 2}

Take these rows as reference:

{""ProviderNumber"": ""10024"", ""HospitalName"": ""jackson hospital & clinic inc"", ""Address1"": ""1725 pine street"", ""Address2"": ""empty"", ""Address3"": ""empty"", ""City"": ""montgomery"", ""State"": ""al"", ""ZipCode"": ""36106"", ""CountyName"": ""montgomery"", ""PhoneNumber"": ""3342938000"", ""HospitalType"": ""acute care hospitals"", ""HospitalOwner"": ""voluntary non-profit - private"", ""EmergencyService"": ""yes"", ""Condition"": ""pneumonia"", ""MeasureCode"": ""pn-7"", ""MeasureName"": ""pneumonia patients assessed and given influenza vaccination"", ""Score"": ""82%"", ""Sample"": ""184 patients"", ""Stateavg"": ""al_pn-7""}

{""ProviderNumber"": ""10024"", ""HospitalName"": ""jackson hospital & clinic inc"", ""Address1"": ""1725 pine street"", ""Address2"": ""empty"", ""Address3"": ""empty"", ""City"": ""montgomery"", ""State"": ""al"", ""ZipCode"": ""36106"", ""CountyName"": ""montgomery"", ""PhoneNumber"": ""3342938000"", ""HospitalType"": ""acute care hospitals"", ""HospitalOwner"": ""voluntary non-profit - private"", ""EmergencyService"": ""yes"", ""Condition"": ""heart failure"", ""MeasureCode"": ""hf-2"", ""MeasureName"": ""heart failure patients given an evaluation of left ventricular systolic (lvs) function"", ""Score"": ""90%"", ""Sample"": ""518 patients"", ""Stateavg"": ""al_hf-2""}

",,"{""Condition"": ""pneumonia""}","  {""Condition"": ""pneumonia""}"
292,"You are an expert in Cleaning Hospital Dataset. Given the dirty row Entity 1, you are required to correct the values of Stateavg in Entity 1.

Return in json format.

Output Format Example:

{""Stateavg"": """"}

Entity 1:

{""ProviderNumber"": ""10024"", ""HospitalName"": ""jackson hospital & clinic inc"", ""Address1"": ""1725 pine street"", ""Address2"": ""empty"", ""Address3"": ""empty"", ""City"": ""montgomery"", ""State"": ""al"", ""ZipCode"": ""36106"", ""CountyName"": ""montgomery"", ""PhoneNumber"": ""3342938000"", ""HospitalType"": ""acute care hospitals"", ""HospitalOwner"": ""voluntary non-profit - private"", ""EmergencyService"": ""yes"", ""Condition"": ""pxeumoxia"", ""MeasureCode"": ""pn-5c"", ""MeasureName"": ""pneumonia patients given initial antibiotic(s) within 6 hours after arrival"", ""Score"": ""88%"", ""Sample"": ""233 patients"", ""Stateavg"": ""al_pn-5x"", ""count"": 2}

Take these rows as reference:

{""ProviderNumber"": ""10024"", ""HospitalName"": ""jackson hospital & clinic inc"", ""Address1"": ""1725 pine street"", ""Address2"": ""empty"", ""Address3"": ""empty"", ""City"": ""montgomery"", ""State"": ""al"", ""ZipCode"": ""36106"", ""CountyName"": ""montgomery"", ""PhoneNumber"": ""3342938000"", ""HospitalType"": ""acute care hospitals"", ""HospitalOwner"": ""voluntary non-profit - private"", ""EmergencyService"": ""yes"", ""Condition"": ""pxeumoxia"", ""MeasureCode"": ""pn-5c"", ""MeasureName"": ""pneumonia patients given initial antibiotic(s) within 6 hours after arrival"", ""Score"": ""88%"", ""Sample"": ""233 patients"", ""Stateavg"": ""al_pn-5x""}

{""ProviderNumber"": ""10024"", ""HospitalName"": ""jackson hospital & clinic inc"", ""Address1"": ""1725 pine street"", ""Address2"": ""empty"", ""Address3"": ""empty"", ""City"": ""montgomery"", ""State"": ""al"", ""ZipCode"": ""36106"", ""CountyName"": ""montgomery"", ""PhoneNumber"": ""3342938xxx"", ""HospitalType"": ""acute care hospitals"", ""HospitalOwner"": ""voluntary non-profit - private"", ""EmergencyService"": ""yes"", ""Condition"": ""surgical infection prevention"", ""MeasureCode"": ""scip-inf-4"", ""MeasureName"": ""allxheartxsurgeryxpatientsxwhosexbloodxsugarx(bloodxglucose)xisxkeptxunderxgoodxcontrolxinxthexdaysxrightxafterxsurgery"", ""Score"": ""72%"", ""Sample"": ""270 patients"", ""Stateavg"": ""al_scip-inf-4""}

",,"{""Stateavg"": ""al_pn-5c""}","  {""Stateavg"": ""al_pn-5c""}"
293,"You are an expert in Cleaning Hospital Dataset. Given the dirty row Entity 1, you are required to correct the values of ProviderNumber in Entity 1.

Return in json format.

Output Format Example:

{""ProviderNumber"": """"}

Entity 1:

{""ProviderNumber"": ""1xx24"", ""HospitalName"": ""jackson hospital & clinic inc"", ""Address1"": ""1725 pine street"", ""Address2"": ""empty"", ""Address3"": ""empty"", ""City"": ""montgomery"", ""State"": ""xl"", ""ZipCode"": ""36106"", ""CountyName"": ""montgomery"", ""PhoneNumber"": ""3342938000"", ""HospitalType"": ""acute care hospitals"", ""HospitalOwner"": ""voluntary non-profit - private"", ""EmergencyService"": ""yes"", ""Condition"": ""surgical infection prevention"", ""MeasureCode"": ""scip-inf-1"", ""MeasureName"": ""surgery patients who were given an antibiotic at the right time (within one hour before surgery) to help prevent infection"", ""Score"": ""78%"", ""Sample"": ""844 patients"", ""Stateavg"": ""al_scip-inf-1"", ""count"": 2}

Take these rows as reference:

{""ProviderNumber"": ""10024"", ""HospitalName"": ""jackson hospital & clinic inc"", ""Address1"": ""1725 pine street"", ""Address2"": ""empty"", ""Address3"": ""empty"", ""City"": ""montgomery"", ""State"": ""al"", ""ZipCode"": ""36106"", ""CountyName"": ""montgomery"", ""PhoneNumber"": ""3342938xxx"", ""HospitalType"": ""acute care hospitals"", ""HospitalOwner"": ""voluntary non-profit - private"", ""EmergencyService"": ""yes"", ""Condition"": ""heart failure"", ""MeasureCode"": ""hf-1"", ""MeasureName"": ""heart failure patients given discharge instructions"", ""Score"": ""45%"", ""Sample"": ""430 patients"", ""Stateavg"": ""al_hf-1""}

{""ProviderNumber"": ""10024"", ""HospitalName"": ""jackson hospital & clinic inc"", ""Address1"": ""1725 pine street"", ""Address2"": ""empty"", ""Address3"": ""empty"", ""City"": ""montgomery"", ""State"": ""al"", ""ZipCode"": ""36106"", ""CountyName"": ""montgomery"", ""PhoneNumber"": ""3342938000"", ""HospitalType"": ""acute care hospitals"", ""HospitalOwner"": ""voluntary non-profit - private"", ""EmergencyService"": ""xes"", ""Condition"": ""surgical infection prevention"", ""MeasureCode"": ""scip-vte-1"", ""MeasureName"": ""surgery patients whose doctors ordered treatments to prevent blood clots after certain types of surgeries"", ""Score"": ""92%"", ""Sample"": ""263 patients"", ""Stateavg"": ""al_scipxvtex1""}

",,"{""ProviderNumber"": ""10024""}","  {""ProviderNumber"": ""10024""}"
294,"You are an expert in Cleaning Hospital Dataset. Given the dirty row Entity 1, you are required to correct the values of State in Entity 1.

Return in json format.

Output Format Example:

{""State"": """"}

Entity 1:

{""ProviderNumber"": ""1xx24"", ""HospitalName"": ""jackson hospital & clinic inc"", ""Address1"": ""1725 pine street"", ""Address2"": ""empty"", ""Address3"": ""empty"", ""City"": ""montgomery"", ""State"": ""xl"", ""ZipCode"": ""36106"", ""CountyName"": ""montgomery"", ""PhoneNumber"": ""3342938000"", ""HospitalType"": ""acute care hospitals"", ""HospitalOwner"": ""voluntary non-profit - private"", ""EmergencyService"": ""yes"", ""Condition"": ""surgical infection prevention"", ""MeasureCode"": ""scip-inf-1"", ""MeasureName"": ""surgery patients who were given an antibiotic at the right time (within one hour before surgery) to help prevent infection"", ""Score"": ""78%"", ""Sample"": ""844 patients"", ""Stateavg"": ""al_scip-inf-1"", ""count"": 2}

Take these rows as reference:

{""ProviderNumber"": ""10024"", ""HospitalName"": ""jackson hospital & clinic inc"", ""Address1"": ""1725 pine street"", ""Address2"": ""empty"", ""Address3"": ""empty"", ""City"": ""montgomery"", ""State"": ""al"", ""ZipCode"": ""36106"", ""CountyName"": ""monxgomery"", ""PhoneNumber"": ""3342938000"", ""HospitalType"": ""acute care hospitals"", ""HospitalOwner"": ""voluntary non-profit - private"", ""EmergencyService"": ""yes"", ""Condition"": ""heart failure"", ""MeasureCode"": ""hf-4"", ""MeasureName"": ""heart failure patients given smoking cessation advice/counseling"", ""Score"": ""99%"", ""Sample"": ""93 patients"", ""Stateavg"": ""al_hf-4""}

{""ProviderNumber"": ""10024"", ""HospitalName"": ""jackson hospital & clinic inc"", ""Address1"": ""1725 pine street"", ""Address2"": ""empty"", ""Address3"": ""empty"", ""City"": ""montgomery"", ""State"": ""al"", ""ZipCode"": ""36106"", ""CountyName"": ""montgomery"", ""PhoneNumber"": ""3342938000"", ""HospitalType"": ""acute care hospitals"", ""HospitalOwner"": ""voluntary non-profit - private"", ""EmergencyService"": ""xes"", ""Condition"": ""surgical infection prevention"", ""MeasureCode"": ""scip-vte-1"", ""MeasureName"": ""surgery patients whose doctors ordered treatments to prevent blood clots after certain types of surgeries"", ""Score"": ""92%"", ""Sample"": ""263 patients"", ""Stateavg"": ""al_scipxvtex1""}

",,"{""State"": ""al""}","  {""State"": ""al""}"
295,"You are an expert in Cleaning Hospital Dataset. Given the dirty row Entity 1, you are required to correct the values of HospitalName in Entity 1.

Return in json format.

Output Format Example:

{""HospitalName"": """"}

Entity 1:

{""ProviderNumber"": ""10024"", ""HospitalName"": ""jaxkson hospital & xlinix inx"", ""Address1"": ""1725 pine street"", ""Address2"": ""empty"", ""Address3"": ""empty"", ""City"": ""montgomery"", ""State"": ""al"", ""ZipCode"": ""36106"", ""CountyName"": ""montgomery"", ""PhoneNumber"": ""3342938000"", ""HospitalType"": ""acute care hospitals"", ""HospitalOwner"": ""voluntary non-profit - private"", ""EmergencyService"": ""yes"", ""Condition"": ""surgical infection prevention"", ""MeasureCode"": ""scip-inf-2"", ""MeasureName"": ""surgery patients who were given the  right kind  of antibiotic to help prevent infection"", ""Score"": ""98%"", ""Sample"": ""827 patients"", ""Stateavg"": ""al_scip-inf-2"", ""count"": 1}

Take these rows as reference:

{""ProviderNumber"": ""10024"", ""HospitalName"": ""jackson hospital & clinic inc"", ""Address1"": ""1725 pine street"", ""Address2"": ""empty"", ""Address3"": ""empty"", ""City"": ""montgomery"", ""State"": ""al"", ""ZipCode"": ""36106"", ""CountyName"": ""montgomery"", ""PhoneNumber"": ""3342938000"", ""HospitalType"": ""acute care hospitals"", ""HospitalOwner"": ""voluntary non-profit - private"", ""EmergencyService"": ""yes"", ""Condition"": ""heart attack"", ""MeasureCode"": ""ami-1"", ""MeasureName"": ""hexrt attxck pxtients given aspirin xt arrivxl"", ""Score"": ""95%"", ""Sample"": ""111 patients"", ""Stateavg"": ""al_ami-1""}

{""ProviderNumber"": ""10024"", ""HospitalName"": ""jackson hospital & clinic inc"", ""Address1"": ""1725 pine street"", ""Address2"": ""empty"", ""Address3"": ""empty"", ""City"": ""montgomery"", ""State"": ""al"", ""ZipCode"": ""36106"", ""CountyName"": ""montgomery"", ""PhoneNumber"": ""3342938000"", ""HospitalType"": ""acute care hospitals"", ""HospitalOwner"": ""voluntary non-profit - private"", ""EmergencyService"": ""yes"", ""Condition"": ""pneumonia"", ""MeasureCode"": ""pn-7"", ""MeasureName"": ""pneumonia patients assessed and given influenza vaccination"", ""Score"": ""82%"", ""Sample"": ""184 patients"", ""Stateavg"": ""al_pn-7""}

",,"{""HospitalName"": ""jackson hospital & clinic inc""}","  {""HospitalName"": ""jackson hospital & clinic inc""}"
296,"You are an expert in Cleaning Hospital Dataset. Given the dirty row Entity 1, you are required to correct the values of PhoneNumber in Entity 1.

Return in json format.

Output Format Example:

{""PhoneNumber"": """"}

Entity 1:

{""ProviderNumber"": ""10024"", ""HospitalName"": ""jackson hospital & clinic inc"", ""Address1"": ""1725 pine street"", ""Address2"": ""empty"", ""Address3"": ""empty"", ""City"": ""montgomery"", ""State"": ""al"", ""ZipCode"": ""36106"", ""CountyName"": ""montgomery"", ""PhoneNumber"": ""33x2938000"", ""HospitalType"": ""acute care hospitals"", ""HospitalOwner"": ""voluntary non-profit - private"", ""EmergencyService"": ""yes"", ""Condition"": ""surgical infection prevention"", ""MeasureCode"": ""scip-inf-3"", ""MeasureName"": ""surgery patients whose preventive antibiotics were stopped at the right time (within 24 hours after surgery)"", ""Score"": ""83%"", ""Sample"": ""817 patients"", ""Stateavg"": ""al_scip-inf-3"", ""count"": 1}

Take these rows as reference:

{""ProviderNumber"": ""10024"", ""HospitalName"": ""jackson hospital & clinic inc"", ""Address1"": ""1725 pine street"", ""Address2"": ""empty"", ""Address3"": ""empty"", ""City"": ""montgomery"", ""State"": ""al"", ""ZipCode"": ""36106"", ""CountyName"": ""montgomery"", ""PhoneNumber"": ""3342938000"", ""HospitalType"": ""acute care hospitals"", ""HospitalOwner"": ""voluntary non-profit - private"", ""EmergencyService"": ""yes"", ""Condition"": ""heart failure"", ""MeasureCode"": ""hf-2"", ""MeasureName"": ""heart failure patients given an evaluation of left ventricular systolic (lvs) function"", ""Score"": ""90%"", ""Sample"": ""518 patients"", ""Stateavg"": ""al_hf-2""}

{""ProviderNumber"": ""10024"", ""HospitalName"": ""jackson hospital & clinic inc"", ""Address1"": ""1725 pine street"", ""Address2"": ""empty"", ""Address3"": ""empty"", ""City"": ""montgomery"", ""State"": ""al"", ""ZipCode"": ""36106"", ""CountyName"": ""monxgomery"", ""PhoneNumber"": ""3342938000"", ""HospitalType"": ""acute care hospitals"", ""HospitalOwner"": ""voluntary non-profit - private"", ""EmergencyService"": ""yes"", ""Condition"": ""heart failure"", ""MeasureCode"": ""hf-4"", ""MeasureName"": ""heart failure patients given smoking cessation advice/counseling"", ""Score"": ""99%"", ""Sample"": ""93 patients"", ""Stateavg"": ""al_hf-4""}

",,"{""PhoneNumber"": ""3342938000""}","  {""PhoneNumber"": ""3342938000""}"
297,"You are an expert in Cleaning Hospital Dataset. Given the dirty row Entity 1, you are required to correct the values of PhoneNumber in Entity 1.

Return in json format.

Output Format Example:

{""PhoneNumber"": """"}

Entity 1:

{""ProviderNumber"": ""10024"", ""HospitalName"": ""jackson hospital & clinic inc"", ""Address1"": ""1725 pine street"", ""Address2"": ""empty"", ""Address3"": ""empty"", ""City"": ""montgomery"", ""State"": ""al"", ""ZipCode"": ""36106"", ""CountyName"": ""montgomery"", ""PhoneNumber"": ""3342938xxx"", ""HospitalType"": ""acute care hospitals"", ""HospitalOwner"": ""voluntary non-profit - private"", ""EmergencyService"": ""yes"", ""Condition"": ""surgical infection prevention"", ""MeasureCode"": ""scip-inf-4"", ""MeasureName"": ""allxheartxsurgeryxpatientsxwhosexbloodxsugarx(bloodxglucose)xisxkeptxunderxgoodxcontrolxinxthexdaysxrightxafterxsurgery"", ""Score"": ""72%"", ""Sample"": ""270 patients"", ""Stateavg"": ""al_scip-inf-4"", ""count"": 2}

Take these rows as reference:

{""ProviderNumber"": ""10024"", ""HospitalName"": ""jackson hospital & clinic inc"", ""Address1"": ""1725 pine street"", ""Address2"": ""empty"", ""Address3"": ""empty"", ""City"": ""montgomery"", ""State"": ""al"", ""ZipCode"": ""36106"", ""CountyName"": ""montgomery"", ""PhoneNumber"": ""3342938000"", ""HospitalType"": ""acute care hospitals"", ""HospitalOwner"": ""voluntary non-profit - private"", ""EmergencyService"": ""yes"", ""Condition"": ""heart attack"", ""MeasureCode"": ""ami-2"", ""MeasureName"": ""heart attack patients given aspirin at discharge"", ""Score"": ""92%"", ""Sample"": ""165 patients"", ""Stateavg"": ""al_ami-2""}

{""ProviderNumber"": ""10024"", ""HospitalName"": ""jackson hospital & clinic inc"", ""Address1"": ""1725 pine street"", ""Address2"": ""empty"", ""Address3"": ""empty"", ""City"": ""montgomery"", ""State"": ""al"", ""ZipCode"": ""36106"", ""CountyName"": ""montgomery"", ""PhoneNumber"": ""3342938xxx"", ""HospitalType"": ""acute care hospitals"", ""HospitalOwner"": ""voluntary non-profit - private"", ""EmergencyService"": ""yes"", ""Condition"": ""heart failure"", ""MeasureCode"": ""hf-1"", ""MeasureName"": ""heart failure patients given discharge instructions"", ""Score"": ""45%"", ""Sample"": ""430 patients"", ""Stateavg"": ""al_hf-1""}

",,"{""PhoneNumber"": ""3342938000""}","  {""PhoneNumber"": ""3342938000""}"
298,"You are an expert in Cleaning Hospital Dataset. Given the dirty row Entity 1, you are required to correct the values of MeasureName in Entity 1.

Return in json format.

Output Format Example:

{""MeasureName"": """"}

Entity 1:

{""ProviderNumber"": ""10024"", ""HospitalName"": ""jackson hospital & clinic inc"", ""Address1"": ""1725 pine street"", ""Address2"": ""empty"", ""Address3"": ""empty"", ""City"": ""montgomery"", ""State"": ""al"", ""ZipCode"": ""36106"", ""CountyName"": ""montgomery"", ""PhoneNumber"": ""3342938xxx"", ""HospitalType"": ""acute care hospitals"", ""HospitalOwner"": ""voluntary non-profit - private"", ""EmergencyService"": ""yes"", ""Condition"": ""surgical infection prevention"", ""MeasureCode"": ""scip-inf-4"", ""MeasureName"": ""allxheartxsurgeryxpatientsxwhosexbloodxsugarx(bloodxglucose)xisxkeptxunderxgoodxcontrolxinxthexdaysxrightxafterxsurgery"", ""Score"": ""72%"", ""Sample"": ""270 patients"", ""Stateavg"": ""al_scip-inf-4"", ""count"": 2}

Take these rows as reference:

{""ProviderNumber"": ""10024"", ""HospitalName"": ""jackson hospital & clinic inc"", ""Address1"": ""1725 pine street"", ""Address2"": ""empty"", ""Address3"": ""empty"", ""City"": ""montgomery"", ""State"": ""al"", ""ZipCode"": ""36106"", ""CountyName"": ""montgomery"", ""PhoneNumber"": ""3342938000"", ""HospitalType"": ""acute care hospitals"", ""HospitalOwner"": ""voluntary non-profit - private"", ""EmergencyService"": ""yes"", ""Condition"": ""heart attack"", ""MeasureCode"": ""ami-1"", ""MeasureName"": ""hexrt attxck pxtients given aspirin xt arrivxl"", ""Score"": ""95%"", ""Sample"": ""111 patients"", ""Stateavg"": ""al_ami-1""}

{""ProviderNumber"": ""10024"", ""HospitalName"": ""jackson hospital & clinic inc"", ""Address1"": ""1725 pine street"", ""Address2"": ""empty"", ""Address3"": ""empty"", ""City"": ""montgomery"", ""State"": ""al"", ""ZipCode"": ""36106"", ""CountyName"": ""montgomery"", ""PhoneNumber"": ""3342938000"", ""HospitalType"": ""acute care hospitals"", ""HospitalOwner"": ""voluntary non-profit - private"", ""EmergencyService"": ""yes"", ""Condition"": ""pneumonia"", ""MeasureCode"": ""pn-2"", ""MeasureName"": ""pneumonia patients assessed and given pneumococcal vaccination"", ""Score"": ""85%"", ""Sample"": ""243 patients"", ""Stateavg"": ""al_pn-2""}

",,"{""MeasureName"": ""all heart surgery patients whose blood sugar (blood glucose) is kept under good control in the days right after surgery""}","  {""MeasureName"": ""all heart surgery patients whose blood glucose is kept under good control in the days right after surgery""}"
299,"You are an expert in Cleaning Hospital Dataset. Given the dirty row Entity 1, you are required to correct the values of EmergencyService in Entity 1.

Return in json format.

Output Format Example:

{""EmergencyService"": """"}

Entity 1:

{""ProviderNumber"": ""10024"", ""HospitalName"": ""jackson hospital & clinic inc"", ""Address1"": ""1725 pine street"", ""Address2"": ""empty"", ""Address3"": ""empty"", ""City"": ""montgomery"", ""State"": ""al"", ""ZipCode"": ""36106"", ""CountyName"": ""montgomery"", ""PhoneNumber"": ""3342938000"", ""HospitalType"": ""acute care hospitals"", ""HospitalOwner"": ""voluntary non-profit - private"", ""EmergencyService"": ""xes"", ""Condition"": ""surgical infection prevention"", ""MeasureCode"": ""scip-vte-1"", ""MeasureName"": ""surgery patients whose doctors ordered treatments to prevent blood clots after certain types of surgeries"", ""Score"": ""92%"", ""Sample"": ""263 patients"", ""Stateavg"": ""al_scipxvtex1"", ""count"": 2}

Take these rows as reference:

{""ProviderNumber"": ""10024"", ""HospitalName"": ""jackson hospital & clinic inc"", ""Address1"": ""1725 pine street"", ""Address2"": ""empty"", ""Address3"": ""empty"", ""City"": ""montgomery"", ""State"": ""al"", ""ZipCode"": ""36106"", ""CountyName"": ""monxgomery"", ""PhoneNumber"": ""3342938000"", ""HospitalType"": ""acute care hospitals"", ""HospitalOwner"": ""voluntary non-profit - private"", ""EmergencyService"": ""yes"", ""Condition"": ""heart failure"", ""MeasureCode"": ""hf-4"", ""MeasureName"": ""heart failure patients given smoking cessation advice/counseling"", ""Score"": ""99%"", ""Sample"": ""93 patients"", ""Stateavg"": ""al_hf-4""}

{""ProviderNumber"": ""10024"", ""HospitalName"": ""jackson hospital & clinic inc"", ""Address1"": ""1725 pine street"", ""Address2"": ""empty"", ""Address3"": ""empty"", ""City"": ""montgomery"", ""State"": ""al"", ""ZipCode"": ""36106"", ""CountyName"": ""montgomery"", ""PhoneNumber"": ""3342938000"", ""HospitalType"": ""acute care hospitals"", ""HospitalOwner"": ""voluntary non-profit - private"", ""EmergencyService"": ""yes"", ""Condition"": ""pneumonia"", ""MeasureCode"": ""pn-7"", ""MeasureName"": ""pneumonia patients assessed and given influenza vaccination"", ""Score"": ""82%"", ""Sample"": ""184 patients"", ""Stateavg"": ""al_pn-7""}

",,"{""EmergencyService"": ""yes""}","  {""EmergencyService"": ""yes""}"
300,"You are an expert in Cleaning Hospital Dataset. Given the dirty row Entity 1, you are required to correct the values of Stateavg in Entity 1.

Return in json format.

Output Format Example:

{""Stateavg"": """"}

Entity 1:

{""ProviderNumber"": ""10024"", ""HospitalName"": ""jackson hospital & clinic inc"", ""Address1"": ""1725 pine street"", ""Address2"": ""empty"", ""Address3"": ""empty"", ""City"": ""montgomery"", ""State"": ""al"", ""ZipCode"": ""36106"", ""CountyName"": ""montgomery"", ""PhoneNumber"": ""3342938000"", ""HospitalType"": ""acute care hospitals"", ""HospitalOwner"": ""voluntary non-profit - private"", ""EmergencyService"": ""xes"", ""Condition"": ""surgical infection prevention"", ""MeasureCode"": ""scip-vte-1"", ""MeasureName"": ""surgery patients whose doctors ordered treatments to prevent blood clots after certain types of surgeries"", ""Score"": ""92%"", ""Sample"": ""263 patients"", ""Stateavg"": ""al_scipxvtex1"", ""count"": 2}

Take these rows as reference:

{""ProviderNumber"": ""10024"", ""HospitalName"": ""jackson hospital & clinic inc"", ""Address1"": ""1725 pine street"", ""Address2"": ""empty"", ""Address3"": ""empty"", ""City"": ""montgomery"", ""State"": ""al"", ""ZipCode"": ""36106"", ""CountyName"": ""montgomery"", ""PhoneNumber"": ""3342938000"", ""HospitalType"": ""acute care hospitals"", ""HospitalOwner"": ""voluntary non-profit - private"", ""EmergencyService"": ""yes"", ""Condition"": ""pxeumoxia"", ""MeasureCode"": ""pn-5c"", ""MeasureName"": ""pneumonia patients given initial antibiotic(s) within 6 hours after arrival"", ""Score"": ""88%"", ""Sample"": ""233 patients"", ""Stateavg"": ""al_pn-5x""}

{""ProviderNumber"": ""10024"", ""HospitalName"": ""jackson hospital & clinic inc"", ""Address1"": ""1725 pine street"", ""Address2"": ""empty"", ""Address3"": ""empty"", ""City"": ""montgomery"", ""State"": ""al"", ""ZipCode"": ""36106"", ""CountyName"": ""montgomery"", ""PhoneNumber"": ""3342938000"", ""HospitalType"": ""acute care hospitals"", ""HospitalOwner"": ""voluntary non-profit - private"", ""EmergencyService"": ""yes"", ""Condition"": ""heart attack"", ""MeasureCode"": ""ami-1"", ""MeasureName"": ""hexrt attxck pxtients given aspirin xt arrivxl"", ""Score"": ""95%"", ""Sample"": ""111 patients"", ""Stateavg"": ""al_ami-1""}

",,"{""Stateavg"": ""al_scip-vte-1""}","  {""Stateavg"": ""al_scip-vte-1""}"
301,"You are an expert in Cleaning Hospital Dataset. Given the dirty row Entity 1, you are required to correct the values of Stateavg in Entity 1.

Return in json format.

Output Format Example:

{""Stateavg"": """"}

Entity 1:

{""ProviderNumber"": ""10025"", ""HospitalName"": ""g h lanier memorial hospital"", ""Address1"": ""4800 48th st"", ""Address2"": ""empty"", ""Address3"": ""empty"", ""City"": ""valley"", ""State"": ""al"", ""ZipCode"": ""36854"", ""CountyName"": ""chambers"", ""PhoneNumber"": ""3347561400"", ""HospitalType"": ""acute care hospitals"", ""HospitalOwner"": ""voluntary non-profit - other"", ""EmergencyService"": ""yes"", ""Condition"": ""heart attack"", ""MeasureCode"": ""ami-2"", ""MeasureName"": ""heart attack patients given aspirin at discharge"", ""Score"": ""90%"", ""Sample"": ""10 patients"", ""Stateavg"": ""xl_xmi-2"", ""count"": 1}

Take these rows as reference:

{""ProviderNumber"": ""10025"", ""HospitalName"": ""g h lanier memorial hospital"", ""Address1"": ""4800 48th st"", ""Address2"": ""empty"", ""Address3"": ""empty"", ""City"": ""valley"", ""State"": ""al"", ""ZipCode"": ""36854"", ""CountyName"": ""chambers"", ""PhoneNumber"": ""3347561400"", ""HospitalType"": ""acute care hospitals"", ""HospitalOwner"": ""voluntary non-profit - other"", ""EmergencyService"": ""yes"", ""Condition"": ""heart attack"", ""MeasureCode"": ""ami-4"", ""MeasureName"": ""heart attack patients given smoking cessation advice/counseling"", ""Score"": ""50%"", ""Sample"": ""4 patients"", ""Stateavg"": ""al_ami-4""}

{""ProviderNumber"": ""10025"", ""HospitalName"": ""g h lanier memorial hospital"", ""Address1"": ""4800 48th st"", ""Address2"": ""empty"", ""Address3"": ""empty"", ""City"": ""valley"", ""State"": ""al"", ""ZipCode"": ""36854"", ""CountyName"": ""chambers"", ""PhoneNumber"": ""3347561400"", ""HospitalType"": ""acute care hospitals"", ""HospitalOwner"": ""voluntary non-profit - other"", ""EmergencyService"": ""yes"", ""Condition"": ""heart failure"", ""MeasureCode"": ""hf-3"", ""MeasureName"": ""heart failure patients given ace inhibitor or arb for left ventricular systolic dysfunction (lvsd)"", ""Score"": ""96%"", ""Sample"": ""75 patients"", ""Stateavg"": ""al_hf-3""}

",,"{""Stateavg"": ""al_ami-2""}","  {""Stateavg"": ""al_ami-2""}"
302,"You are an expert in Cleaning Hospital Dataset. Given the dirty row Entity 1, you are required to correct the values of State in Entity 1.

Return in json format.

Output Format Example:

{""State"": """"}

Entity 1:

{""ProviderNumber"": ""10025"", ""HospitalName"": ""g h lanier memorial hospital"", ""Address1"": ""4800 48th st"", ""Address2"": ""empty"", ""Address3"": ""empty"", ""City"": ""valley"", ""State"": ""ax"", ""ZipCode"": ""36854"", ""CountyName"": ""chambers"", ""PhoneNumber"": ""334x561400"", ""HospitalType"": ""acute care hospitals"", ""HospitalOwner"": ""voluntary non-profit - otxer"", ""EmergencyService"": ""yes"", ""Condition"": ""heart attack"", ""MeasureCode"": ""ami-8a"", ""MeasureName"": ""heart attack patients given pci within 90 minutes of arrival"", ""Score"": ""empty"", ""Sample"": ""0 patients"", ""Stateavg"": ""al_ami-8a"", ""count"": 3}

Take these rows as reference:

{""ProviderNumber"": ""10025"", ""HospitalName"": ""g h lanier memorial hospital"", ""Address1"": ""4800 48th st"", ""Address2"": ""empty"", ""Address3"": ""empty"", ""City"": ""valley"", ""State"": ""al"", ""ZipCode"": ""36854"", ""CountyName"": ""chambers"", ""PhoneNumber"": ""3347561400"", ""HospitalType"": ""acute care hospitals"", ""HospitalOwner"": ""voluntary non-profit - other"", ""EmergencyService"": ""yes"", ""Condition"": ""heart failure"", ""MeasureCode"": ""hf-3"", ""MeasureName"": ""heart failure patients given ace inhibitor or arb for left ventricular systolic dysfunction (lvsd)"", ""Score"": ""96%"", ""Sample"": ""75 patients"", ""Stateavg"": ""al_hf-3""}

{""ProviderNumber"": ""10025"", ""HospitalName"": ""g h lanier memorial hospital"", ""Address1"": ""4800 48th st"", ""Address2"": ""empty"", ""Address3"": ""empty"", ""City"": ""valley"", ""State"": ""al"", ""ZipCode"": ""36854"", ""CountyName"": ""chambers"", ""PhoneNumber"": ""3347561400"", ""HospitalType"": ""acute care hospitals"", ""HospitalOwner"": ""voluntary non-profit - other"", ""EmergencyService"": ""yes"", ""Condition"": ""heart attack"", ""MeasureCode"": ""ami-3"", ""MeasureName"": ""heart attack patients given ace inhibitor or arb for left ventricular systolic dysfunction (lvsd)"", ""Score"": ""100%"", ""Sample"": ""1 patients"", ""Stateavg"": ""al_ami-3""}

",,"{""State"": ""al""}","  {""State"": ""al""}"
303,"You are an expert in Cleaning Hospital Dataset. Given the dirty row Entity 1, you are required to correct the values of PhoneNumber in Entity 1.

Return in json format.

Output Format Example:

{""PhoneNumber"": """"}

Entity 1:

{""ProviderNumber"": ""10025"", ""HospitalName"": ""g h lanier memorial hospital"", ""Address1"": ""4800 48th st"", ""Address2"": ""empty"", ""Address3"": ""empty"", ""City"": ""valley"", ""State"": ""ax"", ""ZipCode"": ""36854"", ""CountyName"": ""chambers"", ""PhoneNumber"": ""334x561400"", ""HospitalType"": ""acute care hospitals"", ""HospitalOwner"": ""voluntary non-profit - otxer"", ""EmergencyService"": ""yes"", ""Condition"": ""heart attack"", ""MeasureCode"": ""ami-8a"", ""MeasureName"": ""heart attack patients given pci within 90 minutes of arrival"", ""Score"": ""empty"", ""Sample"": ""0 patients"", ""Stateavg"": ""al_ami-8a"", ""count"": 3}

Take these rows as reference:

{""ProviderNumber"": ""10024"", ""HospitalName"": ""jackson hospital & clinic inc"", ""Address1"": ""1725 pine street"", ""Address2"": ""empty"", ""Address3"": ""empty"", ""City"": ""montgomery"", ""State"": ""al"", ""ZipCode"": ""36106"", ""CountyName"": ""montgomery"", ""PhoneNumber"": ""3342938000"", ""HospitalType"": ""acute care hospitals"", ""HospitalOwner"": ""voluntary non-profit - private"", ""EmergencyService"": ""yes"", ""Condition"": ""surgical infection prevention"", ""MeasureCode"": ""scip-vte-2"", ""MeasureName"": ""patients who got treatment  at the right time (within 24 hours before or after their surgery) to help prevent blood clots after certain types of surgery"", ""Score"": ""87%"", ""Sample"": ""259 patients"", ""Stateavg"": ""al_scip-vte-2""}

{""ProviderNumber"": ""10025"", ""HospitalName"": ""g h lanier memorial hospital"", ""Address1"": ""4800 48th st"", ""Address2"": ""empty"", ""Address3"": ""empty"", ""City"": ""valley"", ""State"": ""al"", ""ZipCode"": ""36854"", ""CountyName"": ""chambers"", ""PhoneNumber"": ""3347561400"", ""HospitalType"": ""acute care hospitals"", ""HospitalOwner"": ""voluntary non-profit - other"", ""EmergencyService"": ""yes"", ""Condition"": ""heart attack"", ""MeasureCode"": ""ami-4"", ""MeasureName"": ""heart attack patients given smoking cessation advice/counseling"", ""Score"": ""50%"", ""Sample"": ""4 patients"", ""Stateavg"": ""al_ami-4""}

",,"{""PhoneNumber"": ""3347561400""}","  {""PhoneNumber"": ""3347561400""}"
304,"You are an expert in Cleaning Hospital Dataset. Given the dirty row Entity 1, you are required to correct the values of HospitalOwner in Entity 1.

Return in json format.

Output Format Example:

{""HospitalOwner"": """"}

Entity 1:

{""ProviderNumber"": ""10025"", ""HospitalName"": ""g h lanier memorial hospital"", ""Address1"": ""4800 48th st"", ""Address2"": ""empty"", ""Address3"": ""empty"", ""City"": ""valley"", ""State"": ""ax"", ""ZipCode"": ""36854"", ""CountyName"": ""chambers"", ""PhoneNumber"": ""334x561400"", ""HospitalType"": ""acute care hospitals"", ""HospitalOwner"": ""voluntary non-profit - otxer"", ""EmergencyService"": ""yes"", ""Condition"": ""heart attack"", ""MeasureCode"": ""ami-8a"", ""MeasureName"": ""heart attack patients given pci within 90 minutes of arrival"", ""Score"": ""empty"", ""Sample"": ""0 patients"", ""Stateavg"": ""al_ami-8a"", ""count"": 3}

Take these rows as reference:

{""ProviderNumber"": ""10025"", ""HospitalName"": ""g h lanier memorial hospital"", ""Address1"": ""4800 48th st"", ""Address2"": ""empty"", ""Address3"": ""empty"", ""City"": ""valley"", ""State"": ""al"", ""ZipCode"": ""36854"", ""CountyName"": ""chambers"", ""PhoneNumber"": ""3347561400"", ""HospitalType"": ""acute care hospitals"", ""HospitalOwner"": ""voluntary non-profit - other"", ""EmergencyService"": ""yes"", ""Condition"": ""heart attack"", ""MeasureCode"": ""ami-2"", ""MeasureName"": ""heart attack patients given aspirin at discharge"", ""Score"": ""90%"", ""Sample"": ""10 patients"", ""Stateavg"": ""xl_xmi-2""}

{""ProviderNumber"": ""10025"", ""HospitalName"": ""g h lanier memorial hospital"", ""Address1"": ""4800 48th st"", ""Address2"": ""empty"", ""Address3"": ""empty"", ""City"": ""valley"", ""State"": ""al"", ""ZipCode"": ""36854"", ""CountyName"": ""chambers"", ""PhoneNumber"": ""3347561400"", ""HospitalType"": ""acute care hospitals"", ""HospitalOwner"": ""voluntary non-profit - other"", ""EmergencyService"": ""yes"", ""Condition"": ""heart attack"", ""MeasureCode"": ""ami-5"", ""MeasureName"": ""heart attack patients given beta blocker at discharge"", ""Score"": ""92%"", ""Sample"": ""13 patients"", ""Stateavg"": ""al_ami-5""}

",,"{""HospitalOwner"": ""voluntary non-profit - other""}","  {""HospitalOwner"": ""voluntary non-profit - other""}"
305,"You are an expert in Cleaning Hospital Dataset. Given the dirty row Entity 1, you are required to correct the values of City in Entity 1.

Return in json format.

Output Format Example:

{""City"": """"}

Entity 1:

{""ProviderNumber"": ""10025"", ""HospitalName"": ""g h lanier memorial hospital"", ""Address1"": ""4800 48th st"", ""Address2"": ""empty"", ""Address3"": ""empty"", ""City"": ""vallex"", ""State"": ""al"", ""ZipCode"": ""36854"", ""CountyName"": ""xhambers"", ""PhoneNumber"": ""3347561400"", ""HospitalType"": ""acute care hospitals"", ""HospitalOwner"": ""voluntary non-profit - other"", ""EmergencyService"": ""yes"", ""Condition"": ""pneumonia"", ""MeasureCode"": ""pn-3b"", ""MeasureName"": ""pneumonia patients whose initial emergency room blood culture was performed prior to the administration of the first hospital dose of antibiotics"", ""Score"": ""95%"", ""Sample"": ""43 patients"", ""Stateavg"": ""al_pn-3b"", ""count"": 2}

Take these rows as reference:

{""ProviderNumber"": ""10025"", ""HospitalName"": ""g h lanier memorial hospital"", ""Address1"": ""4800 48th st"", ""Address2"": ""empty"", ""Address3"": ""empty"", ""City"": ""valley"", ""State"": ""al"", ""ZipCode"": ""36854"", ""CountyName"": ""chambers"", ""PhoneNumber"": ""3347561400"", ""HospitalType"": ""acute care hospitals"", ""HospitalOwner"": ""voluntary non-profit - other"", ""EmergencyService"": ""yes"", ""Condition"": ""heart attack"", ""MeasureCode"": ""ami-2"", ""MeasureName"": ""heart attack patients given aspirin at discharge"", ""Score"": ""90%"", ""Sample"": ""10 patients"", ""Stateavg"": ""xl_xmi-2""}

{""ProviderNumber"": ""10025"", ""HospitalName"": ""g h lanier memorial hospital"", ""Address1"": ""4800 48th st"", ""Address2"": ""empty"", ""Address3"": ""empty"", ""City"": ""valley"", ""State"": ""al"", ""ZipCode"": ""36854"", ""CountyName"": ""chambers"", ""PhoneNumber"": ""3347561400"", ""HospitalType"": ""acute care hospitals"", ""HospitalOwner"": ""voluntary non-profit - other"", ""EmergencyService"": ""yes"", ""Condition"": ""surgical infection prevention"", ""MeasureCode"": ""scip-inf-2"", ""MeasureName"": ""surgery patients who were given the  right kind  of antibiotic to help prevent infection"", ""Score"": ""93%"", ""Sample"": ""118 patients"", ""Stateavg"": ""al_scip-inf-2""}

",,"{""City"": ""valley""}","  {""City"": ""valley""}"
306,"You are an expert in Cleaning Hospital Dataset. Given the dirty row Entity 1, you are required to correct the values of CountyName in Entity 1.

Return in json format.

Output Format Example:

{""CountyName"": """"}

Entity 1:

{""ProviderNumber"": ""10025"", ""HospitalName"": ""g h lanier memorial hospital"", ""Address1"": ""4800 48th st"", ""Address2"": ""empty"", ""Address3"": ""empty"", ""City"": ""vallex"", ""State"": ""al"", ""ZipCode"": ""36854"", ""CountyName"": ""xhambers"", ""PhoneNumber"": ""3347561400"", ""HospitalType"": ""acute care hospitals"", ""HospitalOwner"": ""voluntary non-profit - other"", ""EmergencyService"": ""yes"", ""Condition"": ""pneumonia"", ""MeasureCode"": ""pn-3b"", ""MeasureName"": ""pneumonia patients whose initial emergency room blood culture was performed prior to the administration of the first hospital dose of antibiotics"", ""Score"": ""95%"", ""Sample"": ""43 patients"", ""Stateavg"": ""al_pn-3b"", ""count"": 2}

Take these rows as reference:

{""ProviderNumber"": ""10025"", ""HospitalName"": ""g h lanier memorial hospital"", ""Address1"": ""4800 48th st"", ""Address2"": ""empty"", ""Address3"": ""empty"", ""City"": ""valley"", ""State"": ""al"", ""ZipCode"": ""36854"", ""CountyName"": ""chambers"", ""PhoneNumber"": ""3347561400"", ""HospitalType"": ""acute care hospitals"", ""HospitalOwner"": ""voluntary non-profit - other"", ""EmergencyService"": ""yes"", ""Condition"": ""surgical infection prevention"", ""MeasureCode"": ""scip-inf-2"", ""MeasureName"": ""surgery patients who were given the  right kind  of antibiotic to help prevent infection"", ""Score"": ""93%"", ""Sample"": ""118 patients"", ""Stateavg"": ""al_scip-inf-2""}

{""ProviderNumber"": ""10025"", ""HospitalName"": ""g h lanier memorial hospital"", ""Address1"": ""4800 48th st"", ""Address2"": ""empty"", ""Address3"": ""empty"", ""City"": ""valley"", ""State"": ""al"", ""ZipCode"": ""36854"", ""CountyName"": ""chambers"", ""PhoneNumber"": ""3347561400"", ""HospitalType"": ""acute care hospitals"", ""HospitalOwner"": ""voluntary non-profit - other"", ""EmergencyService"": ""yes"", ""Condition"": ""surgical infection prevention"", ""MeasureCode"": ""scip-card-2"", ""MeasureName"": ""surgery patients who were taking heart drugs called beta blockers before coming to the hospital who were kept on the beta blockers during the period just before and after their surgery"", ""Score"": ""32%"", ""Sample"": ""19 patients"", ""Stateavg"": ""al_scip-card-2""}

",,"{""CountyName"": ""chambers""}","  {""CountyName"": ""chambers""}"
307,"You are an expert in Cleaning Hospital Dataset. Given the dirty row Entity 1, you are required to correct the values of EmergencyService in Entity 1.

Return in json format.

Output Format Example:

{""EmergencyService"": """"}

Entity 1:

{""ProviderNumber"": ""10025"", ""HospitalName"": ""g h lanier memorial hospital"", ""Address1"": ""4800 48th st"", ""Address2"": ""empty"", ""Address3"": ""empty"", ""City"": ""valley"", ""State"": ""al"", ""ZipCode"": ""36854"", ""CountyName"": ""chambers"", ""PhoneNumber"": ""3347561400"", ""HospitalType"": ""acute care hospitals"", ""HospitalOwner"": ""voluntary non-profit - other"", ""EmergencyService"": ""xes"", ""Condition"": ""pneumonia"", ""MeasureCode"": ""pn-4"", ""MeasureName"": ""pneumonia patients given smoking cessation advice/counseling"", ""Score"": ""91%"", ""Sample"": ""34 patients"", ""Stateavg"": ""al_pn-4"", ""count"": 1}

Take these rows as reference:

{""ProviderNumber"": ""10025"", ""HospitalName"": ""g h lanier memorial hospital"", ""Address1"": ""4800 48th st"", ""Address2"": ""empty"", ""Address3"": ""empty"", ""City"": ""valley"", ""State"": ""al"", ""ZipCode"": ""36854"", ""CountyName"": ""chambers"", ""PhoneNumber"": ""3347561400"", ""HospitalType"": ""acute care hospitals"", ""HospitalOwner"": ""voluntary non-profit - other"", ""EmergencyService"": ""yes"", ""Condition"": ""heart attack"", ""MeasureCode"": ""ami-3"", ""MeasureName"": ""heart attack patients given ace inhibitor or arb for left ventricular systolic dysfunction (lvsd)"", ""Score"": ""100%"", ""Sample"": ""1 patients"", ""Stateavg"": ""al_ami-3""}

{""ProviderNumber"": ""10025"", ""HospitalName"": ""g h lanier memorial hospital"", ""Address1"": ""4800 48th st"", ""Address2"": ""empty"", ""Address3"": ""empty"", ""City"": ""valley"", ""State"": ""al"", ""ZipCode"": ""36854"", ""CountyName"": ""chambers"", ""PhoneNumber"": ""3347561400"", ""HospitalType"": ""acute care hospitals"", ""HospitalOwner"": ""voluntary non-profit - other"", ""EmergencyService"": ""yes"", ""Condition"": ""heart attack"", ""MeasureCode"": ""ami-2"", ""MeasureName"": ""heart attack patients given aspirin at discharge"", ""Score"": ""90%"", ""Sample"": ""10 patients"", ""Stateavg"": ""xl_xmi-2""}

",,"{""EmergencyService"": ""yes""}","  {""EmergencyService"": ""yes""}"
308,"You are an expert in Cleaning Hospital Dataset. Given the dirty row Entity 1, you are required to correct the values of MeasureCode in Entity 1.

Return in json format.

Output Format Example:

{""MeasureCode"": """"}

Entity 1:

{""ProviderNumber"": ""10025"", ""HospitalName"": ""g h lanier memorial hospital"", ""Address1"": ""4800 48th st"", ""Address2"": ""empty"", ""Address3"": ""empty"", ""City"": ""valley"", ""State"": ""al"", ""ZipCode"": ""36854"", ""CountyName"": ""chambers"", ""PhoneNumber"": ""3347561400"", ""HospitalType"": ""acute care hospitals"", ""HospitalOwner"": ""voluntary non-profit - other"", ""EmergencyService"": ""yes"", ""Condition"": ""pneumonia"", ""MeasureCode"": ""px-5c"", ""MeasureName"": ""pneumonia patients given initial antibiotic(s) within 6 hours after arrival"", ""Score"": ""82%"", ""Sample"": ""50 pxtients"", ""Stateavg"": ""al_pn-5c"", ""count"": 2}

Take these rows as reference:

{""ProviderNumber"": ""10025"", ""HospitalName"": ""g h lanier memorial hospital"", ""Address1"": ""4800 48th st"", ""Address2"": ""empty"", ""Address3"": ""empty"", ""City"": ""valley"", ""State"": ""al"", ""ZipCode"": ""36854"", ""CountyName"": ""chambers"", ""PhoneNumber"": ""3347561400"", ""HospitalType"": ""acute care hospitals"", ""HospitalOwner"": ""voluntary non-profit - other"", ""EmergencyService"": ""yes"", ""Condition"": ""heart failure"", ""MeasureCode"": ""hf-1"", ""MeasureName"": ""heart failure patients given discharge instructions"", ""Score"": ""54%"", ""Sample"": ""137 patients"", ""Stateavg"": ""al_hf-1""}

{""ProviderNumber"": ""10025"", ""HospitalName"": ""g h lanier memorial hospital"", ""Address1"": ""4800 48th st"", ""Address2"": ""empty"", ""Address3"": ""empty"", ""City"": ""valley"", ""State"": ""al"", ""ZipCode"": ""36854"", ""CountyName"": ""chambers"", ""PhoneNumber"": ""3347561400"", ""HospitalType"": ""acute care hospitals"", ""HospitalOwner"": ""voluntary non-profit - other"", ""EmergencyService"": ""yes"", ""Condition"": ""heart attack"", ""MeasureCode"": ""ami-4"", ""MeasureName"": ""heart attack patients given smoking cessation advice/counseling"", ""Score"": ""50%"", ""Sample"": ""4 patients"", ""Stateavg"": ""al_ami-4""}

",,"{""MeasureCode"": ""pn-5c""}","  {""MeasureCode"": ""pn-5c""}"
309,"You are an expert in Cleaning Hospital Dataset. Given the dirty row Entity 1, you are required to correct the values of Sample in Entity 1.

Return in json format.

Output Format Example:

{""Sample"": """"}

Entity 1:

{""ProviderNumber"": ""10025"", ""HospitalName"": ""g h lanier memorial hospital"", ""Address1"": ""4800 48th st"", ""Address2"": ""empty"", ""Address3"": ""empty"", ""City"": ""valley"", ""State"": ""al"", ""ZipCode"": ""36854"", ""CountyName"": ""chambers"", ""PhoneNumber"": ""3347561400"", ""HospitalType"": ""acute care hospitals"", ""HospitalOwner"": ""voluntary non-profit - other"", ""EmergencyService"": ""yes"", ""Condition"": ""pneumonia"", ""MeasureCode"": ""px-5c"", ""MeasureName"": ""pneumonia patients given initial antibiotic(s) within 6 hours after arrival"", ""Score"": ""82%"", ""Sample"": ""50 pxtients"", ""Stateavg"": ""al_pn-5c"", ""count"": 2}

Take these rows as reference:

{""ProviderNumber"": ""10025"", ""HospitalName"": ""g h lanier memorial hospital"", ""Address1"": ""4800 48th st"", ""Address2"": ""empty"", ""Address3"": ""empty"", ""City"": ""valley"", ""State"": ""al"", ""ZipCode"": ""36854"", ""CountyName"": ""chambers"", ""PhoneNumber"": ""3347561400"", ""HospitalType"": ""acute care hospitals"", ""HospitalOwner"": ""voluntary non-profit - other"", ""EmergencyService"": ""yes"", ""Condition"": ""surgical infection prevention"", ""MeasureCode"": ""scip-card-2"", ""MeasureName"": ""surgery patients who were taking heart drugs called beta blockers before coming to the hospital who were kept on the beta blockers during the period just before and after their surgery"", ""Score"": ""32%"", ""Sample"": ""19 patients"", ""Stateavg"": ""al_scip-card-2""}

{""ProviderNumber"": ""10025"", ""HospitalName"": ""g h lanier memorial hospital"", ""Address1"": ""4800 48th st"", ""Address2"": ""empty"", ""Address3"": ""empty"", ""City"": ""valley"", ""State"": ""al"", ""ZipCode"": ""36854"", ""CountyName"": ""chambers"", ""PhoneNumber"": ""3347561400"", ""HospitalType"": ""acute care hospitals"", ""HospitalOwner"": ""voluntary non-profit - other"", ""EmergencyService"": ""yes"", ""Condition"": ""heart attack"", ""MeasureCode"": ""ami-2"", ""MeasureName"": ""heart attack patients given aspirin at discharge"", ""Score"": ""90%"", ""Sample"": ""10 patients"", ""Stateavg"": ""xl_xmi-2""}

",,"{""Sample"": ""50 patients""}","  {""Sample"": ""50 patients""}"
310,"You are an expert in Cleaning Hospital Dataset. Given the dirty row Entity 1, you are required to correct the values of EmergencyService in Entity 1.

Return in json format.

Output Format Example:

{""EmergencyService"": """"}

Entity 1:

{""ProviderNumber"": ""10025"", ""HospitalName"": ""g h lanier memorial hospital"", ""Address1"": ""4800 48th st"", ""Address2"": ""empty"", ""Address3"": ""empty"", ""City"": ""valley"", ""State"": ""al"", ""ZipCode"": ""36854"", ""CountyName"": ""chambers"", ""PhoneNumber"": ""3347561400"", ""HospitalType"": ""acute care hospitals"", ""HospitalOwner"": ""voluntary non-profit - other"", ""EmergencyService"": ""xes"", ""Condition"": ""surgical infection prevention"", ""MeasureCode"": ""scip-inf-4"", ""MeasureName"": ""all heart surgery patients whose blood sugar (blood glucose) is kept under good control in the days right after surgery"", ""Score"": ""empty"", ""Sample"": ""0 patients"", ""Stateavg"": ""al_scip-inf-4"", ""count"": 1}

Take these rows as reference:

{""ProviderNumber"": ""10025"", ""HospitalName"": ""g h lanier memorial hospital"", ""Address1"": ""4800 48th st"", ""Address2"": ""empty"", ""Address3"": ""empty"", ""City"": ""valley"", ""State"": ""al"", ""ZipCode"": ""36854"", ""CountyName"": ""chambers"", ""PhoneNumber"": ""3347561400"", ""HospitalType"": ""acute care hospitals"", ""HospitalOwner"": ""voluntary non-profit - other"", ""EmergencyService"": ""yes"", ""Condition"": ""pneumonia"", ""MeasureCode"": ""pn-6"", ""MeasureName"": ""pneumonia patients given the most appropriate initial antibiotic(s)"", ""Score"": ""85%"", ""Sample"": ""52 patients"", ""Stateavg"": ""al_pn-6""}

{""ProviderNumber"": ""10025"", ""HospitalName"": ""g h lanier memorial hospital"", ""Address1"": ""4800 48th st"", ""Address2"": ""empty"", ""Address3"": ""empty"", ""City"": ""valley"", ""State"": ""al"", ""ZipCode"": ""36854"", ""CountyName"": ""chambers"", ""PhoneNumber"": ""3347561400"", ""HospitalType"": ""acuxe care hospixals"", ""HospitalOwner"": ""voluntary non-profit - other"", ""EmergencyService"": ""yes"", ""Condition"": ""surgical infection prevention"", ""MeasureCode"": ""scip-inf-6"", ""MeasureName"": ""surgery patients needing hair removed from the surgical area before surgery who had hair removed using a safer method (electric clippers or hair removal cream c not a razor)"", ""Score"": ""96%"", ""Sample"": ""172 patxents"", ""Stateavg"": ""al_scip-inf-6""}

",,"{""EmergencyService"": ""yes""}","  {""EmergencyService"": ""yes""}"
311,"You are an expert in Cleaning Hospital Dataset. Given the dirty row Entity 1, you are required to correct the values of HospitalType in Entity 1.

Return in json format.

Output Format Example:

{""HospitalType"": """"}

Entity 1:

{""ProviderNumber"": ""10025"", ""HospitalName"": ""g h lanier memorial hospital"", ""Address1"": ""4800 48th st"", ""Address2"": ""empty"", ""Address3"": ""empty"", ""City"": ""valley"", ""State"": ""al"", ""ZipCode"": ""36854"", ""CountyName"": ""chambers"", ""PhoneNumber"": ""3347561400"", ""HospitalType"": ""acuxe care hospixals"", ""HospitalOwner"": ""voluntary non-profit - other"", ""EmergencyService"": ""yes"", ""Condition"": ""surgical infection prevention"", ""MeasureCode"": ""scip-inf-6"", ""MeasureName"": ""surgery patients needing hair removed from the surgical area before surgery who had hair removed using a safer method (electric clippers or hair removal cream c not a razor)"", ""Score"": ""96%"", ""Sample"": ""172 patxents"", ""Stateavg"": ""al_scip-inf-6"", ""count"": 2}

Take these rows as reference:

{""ProviderNumber"": ""10025"", ""HospitalName"": ""g h lanier memorial hospital"", ""Address1"": ""4800 48th st"", ""Address2"": ""empty"", ""Address3"": ""empty"", ""City"": ""valley"", ""State"": ""al"", ""ZipCode"": ""36854"", ""CountyName"": ""chambers"", ""PhoneNumber"": ""3347561400"", ""HospitalType"": ""acute care hospitals"", ""HospitalOwner"": ""voluntary non-profit - other"", ""EmergencyService"": ""yes"", ""Condition"": ""heart failure"", ""MeasureCode"": ""hf-1"", ""MeasureName"": ""heart failure patients given discharge instructions"", ""Score"": ""54%"", ""Sample"": ""137 patients"", ""Stateavg"": ""al_hf-1""}

{""ProviderNumber"": ""10025"", ""HospitalName"": ""g h lanier memorial hospital"", ""Address1"": ""4800 48th st"", ""Address2"": ""empty"", ""Address3"": ""empty"", ""City"": ""valley"", ""State"": ""al"", ""ZipCode"": ""36854"", ""CountyName"": ""chambers"", ""PhoneNumber"": ""3347561400"", ""HospitalType"": ""acuxe care hospixals"", ""HospitalOwner"": ""voluntary non-profit - other"", ""EmergencyService"": ""yes"", ""Condition"": ""surgical infection prevention"", ""MeasureCode"": ""scip-inf-6"", ""MeasureName"": ""surgery patients needing hair removed from the surgical area before surgery who had hair removed using a safer method (electric clippers or hair removal cream c not a razor)"", ""Score"": ""96%"", ""Sample"": ""172 patxents"", ""Stateavg"": ""al_scip-inf-6""}

",,"{""HospitalType"": ""acute care hospitals""}","  {""HospitalType"": ""acute care hospitals""}"
312,"You are an expert in Cleaning Hospital Dataset. Given the dirty row Entity 1, you are required to correct the values of Sample in Entity 1.

Return in json format.

Output Format Example:

{""Sample"": """"}

Entity 1:

{""ProviderNumber"": ""10025"", ""HospitalName"": ""g h lanier memorial hospital"", ""Address1"": ""4800 48th st"", ""Address2"": ""empty"", ""Address3"": ""empty"", ""City"": ""valley"", ""State"": ""al"", ""ZipCode"": ""36854"", ""CountyName"": ""chambers"", ""PhoneNumber"": ""3347561400"", ""HospitalType"": ""acuxe care hospixals"", ""HospitalOwner"": ""voluntary non-profit - other"", ""EmergencyService"": ""yes"", ""Condition"": ""surgical infection prevention"", ""MeasureCode"": ""scip-inf-6"", ""MeasureName"": ""surgery patients needing hair removed from the surgical area before surgery who had hair removed using a safer method (electric clippers or hair removal cream c not a razor)"", ""Score"": ""96%"", ""Sample"": ""172 patxents"", ""Stateavg"": ""al_scip-inf-6"", ""count"": 2}

Take these rows as reference:

{""ProviderNumber"": ""10025"", ""HospitalName"": ""g h lanier memorial hospital"", ""Address1"": ""4800 48th st"", ""Address2"": ""empty"", ""Address3"": ""empty"", ""City"": ""valley"", ""State"": ""ax"", ""ZipCode"": ""36854"", ""CountyName"": ""chambers"", ""PhoneNumber"": ""334x561400"", ""HospitalType"": ""acute care hospitals"", ""HospitalOwner"": ""voluntary non-profit - otxer"", ""EmergencyService"": ""yes"", ""Condition"": ""heart attack"", ""MeasureCode"": ""ami-8a"", ""MeasureName"": ""heart attack patients given pci within 90 minutes of arrival"", ""Score"": ""empty"", ""Sample"": ""0 patients"", ""Stateavg"": ""al_ami-8a""}

{""ProviderNumber"": ""10025"", ""HospitalName"": ""g h lanier memorial hospital"", ""Address1"": ""4800 48th st"", ""Address2"": ""empty"", ""Address3"": ""empty"", ""City"": ""valley"", ""State"": ""al"", ""ZipCode"": ""36854"", ""CountyName"": ""chambers"", ""PhoneNumber"": ""3347561400"", ""HospitalType"": ""acute care hospitals"", ""HospitalOwner"": ""voluntary non-profit - other"", ""EmergencyService"": ""yes"", ""Condition"": ""heart attack"", ""MeasureCode"": ""ami-2"", ""MeasureName"": ""heart attack patients given aspirin at discharge"", ""Score"": ""90%"", ""Sample"": ""10 patients"", ""Stateavg"": ""xl_xmi-2""}

",,"{""Sample"": ""172 patients""}","  {""Sample"": ""172 patients""}"
313,"You are an expert in Cleaning Hospital Dataset. Given the dirty row Entity 1, you are required to correct the values of City in Entity 1.

Return in json format.

Output Format Example:

{""City"": """"}

Entity 1:

{""ProviderNumber"": ""10025"", ""HospitalName"": ""g h lanier memorial hospital"", ""Address1"": ""4800 48th st"", ""Address2"": ""empty"", ""Address3"": ""empty"", ""City"": ""vxlley"", ""State"": ""al"", ""ZipCode"": ""36854"", ""CountyName"": ""chaxbers"", ""PhoneNumber"": ""3347561400"", ""HospitalType"": ""acute care hospitals"", ""HospitalOwner"": ""voluntary non-profit - other"", ""EmergencyService"": ""yes"", ""Condition"": ""surgical infection prevention"", ""MeasureCode"": ""scip-vte-2"", ""MeasureName"": ""patients who got treatment  at the right time (within 24 hours before or after their surgery) to help prevent blood clots after certain types of surgery"", ""Score"": ""82%"", ""Sample"": ""84 patients"", ""Stateavg"": ""al_scip-vte-2"", ""count"": 2}

Take these rows as reference:

{""ProviderNumber"": ""10025"", ""HospitalName"": ""g h lanier memorial hospital"", ""Address1"": ""4800 48th st"", ""Address2"": ""empty"", ""Address3"": ""empty"", ""City"": ""valley"", ""State"": ""al"", ""ZipCode"": ""36854"", ""CountyName"": ""chambers"", ""PhoneNumber"": ""3347561400"", ""HospitalType"": ""acute care hospitals"", ""HospitalOwner"": ""voluntary non-profit - other"", ""EmergencyService"": ""yes"", ""Condition"": ""pneumonia"", ""MeasureCode"": ""px-5c"", ""MeasureName"": ""pneumonia patients given initial antibiotic(s) within 6 hours after arrival"", ""Score"": ""82%"", ""Sample"": ""50 pxtients"", ""Stateavg"": ""al_pn-5c""}

{""ProviderNumber"": ""10025"", ""HospitalName"": ""g h lanier memorial hospital"", ""Address1"": ""4800 48th st"", ""Address2"": ""empty"", ""Address3"": ""empty"", ""City"": ""valley"", ""State"": ""al"", ""ZipCode"": ""36854"", ""CountyName"": ""chambers"", ""PhoneNumber"": ""3347561400"", ""HospitalType"": ""acute care hospitals"", ""HospitalOwner"": ""voluntary non-profit - other"", ""EmergencyService"": ""yes"", ""Condition"": ""heart failure"", ""MeasureCode"": ""hf-1"", ""MeasureName"": ""heart failure patients given discharge instructions"", ""Score"": ""54%"", ""Sample"": ""137 patients"", ""Stateavg"": ""al_hf-1""}

",,"{""City"": ""valley""}","  {""City"": ""valley""}"
314,"You are an expert in Cleaning Hospital Dataset. Given the dirty row Entity 1, you are required to correct the values of CountyName in Entity 1.

Return in json format.

Output Format Example:

{""CountyName"": """"}

Entity 1:

{""ProviderNumber"": ""10025"", ""HospitalName"": ""g h lanier memorial hospital"", ""Address1"": ""4800 48th st"", ""Address2"": ""empty"", ""Address3"": ""empty"", ""City"": ""vxlley"", ""State"": ""al"", ""ZipCode"": ""36854"", ""CountyName"": ""chaxbers"", ""PhoneNumber"": ""3347561400"", ""HospitalType"": ""acute care hospitals"", ""HospitalOwner"": ""voluntary non-profit - other"", ""EmergencyService"": ""yes"", ""Condition"": ""surgical infection prevention"", ""MeasureCode"": ""scip-vte-2"", ""MeasureName"": ""patients who got treatment  at the right time (within 24 hours before or after their surgery) to help prevent blood clots after certain types of surgery"", ""Score"": ""82%"", ""Sample"": ""84 patients"", ""Stateavg"": ""al_scip-vte-2"", ""count"": 2}

Take these rows as reference:

{""ProviderNumber"": ""10025"", ""HospitalName"": ""g h lanier memorial hospital"", ""Address1"": ""4800 48th st"", ""Address2"": ""empty"", ""Address3"": ""empty"", ""City"": ""valley"", ""State"": ""al"", ""ZipCode"": ""36854"", ""CountyName"": ""chambers"", ""PhoneNumber"": ""3347561400"", ""HospitalType"": ""acute care hospitals"", ""HospitalOwner"": ""voluntary non-profit - other"", ""EmergencyService"": ""yes"", ""Condition"": ""heart failure"", ""MeasureCode"": ""hf-3"", ""MeasureName"": ""heart failure patients given ace inhibitor or arb for left ventricular systolic dysfunction (lvsd)"", ""Score"": ""96%"", ""Sample"": ""75 patients"", ""Stateavg"": ""al_hf-3""}

{""ProviderNumber"": ""10025"", ""HospitalName"": ""g h lanier memorial hospital"", ""Address1"": ""4800 48th st"", ""Address2"": ""empty"", ""Address3"": ""empty"", ""City"": ""valley"", ""State"": ""al"", ""ZipCode"": ""36854"", ""CountyName"": ""chambers"", ""PhoneNumber"": ""3347561400"", ""HospitalType"": ""acute care hospitals"", ""HospitalOwner"": ""voluntary non-profit - other"", ""EmergencyService"": ""yes"", ""Condition"": ""surgical infection prevention"", ""MeasureCode"": ""scip-inf-2"", ""MeasureName"": ""surgery patients who were given the  right kind  of antibiotic to help prevent infection"", ""Score"": ""93%"", ""Sample"": ""118 patients"", ""Stateavg"": ""al_scip-inf-2""}

",,"{""CountyName"": ""chambers""}","  {""CountyName"": ""chambers""}"
315,"You are an expert in Cleaning Hospital Dataset. Given the dirty row Entity 1, you are required to correct the values of State in Entity 1.

Return in json format.

Output Format Example:

{""State"": """"}

Entity 1:

{""ProviderNumber"": ""10027"", ""HospitalName"": ""elba general hospital"", ""Address1"": ""987 drayton street"", ""Address2"": ""empty"", ""Address3"": ""empty"", ""City"": ""elba"", ""State"": ""ax"", ""ZipCode"": ""36323"", ""CountyName"": ""coffee"", ""PhoneNumber"": ""3348972257"", ""HospitalType"": ""acute care hospitals"", ""HospitalOwner"": ""voluntary non-profit - other"", ""EmergencyService"": ""yes"", ""Condition"": ""heart attack"", ""MeasureCode"": ""ami-2"", ""MeasureName"": ""heart attack patients given aspirin at discharge"", ""Score"": ""empty"", ""Sample"": ""empty"", ""Stateavg"": ""al_ami-2"", ""count"": 1}

Take these rows as reference:

{""ProviderNumber"": ""10027"", ""HospitalName"": ""elba general hospital"", ""Address1"": ""987 drayton street"", ""Address2"": ""empty"", ""Address3"": ""empty"", ""City"": ""elba"", ""State"": ""al"", ""ZipCode"": ""36323"", ""CountyName"": ""coffee"", ""PhoneNumber"": ""3348972257"", ""HospitalType"": ""acute care hospitals"", ""HospitalOwner"": ""voluntary non-profit - other"", ""EmergencyService"": ""yes"", ""Condition"": ""pneumonia"", ""MeasureCode"": ""pn-4"", ""MeasureName"": ""pneumonia patients given smoking cessation advice/counseling"", ""Score"": ""100%"", ""Sample"": ""12 patients"", ""Stateavg"": ""al_pn-4""}

{""ProviderNumber"": ""10027"", ""HospitalName"": ""elba general hospital"", ""Address1"": ""987 drayton street"", ""Address2"": ""empty"", ""Address3"": ""empty"", ""City"": ""elba"", ""State"": ""al"", ""ZipCode"": ""36323"", ""CountyName"": ""coffee"", ""PhoneNumber"": ""33x8972257"", ""HospitalType"": ""acute care hospitals"", ""HospitalOwner"": ""voluntary non-profit - other"", ""EmergencyService"": ""yes"", ""Condition"": ""heart attack"", ""MeasureCode"": ""ami-3"", ""MeasureName"": ""heart attack patients given ace inhibitor or arb for left ventricular systolic dysfunction (lvsd)"", ""Score"": ""empty"", ""Sample"": ""empty"", ""Stateavg"": ""al_ami-3""}

",,"{""State"": ""al""}","  {""State"": ""al""}"
316,"You are an expert in Cleaning Hospital Dataset. Given the dirty row Entity 1, you are required to correct the values of PhoneNumber in Entity 1.

Return in json format.

Output Format Example:

{""PhoneNumber"": """"}

Entity 1:

{""ProviderNumber"": ""10027"", ""HospitalName"": ""elba general hospital"", ""Address1"": ""987 drayton street"", ""Address2"": ""empty"", ""Address3"": ""empty"", ""City"": ""elba"", ""State"": ""al"", ""ZipCode"": ""36323"", ""CountyName"": ""coffee"", ""PhoneNumber"": ""33x8972257"", ""HospitalType"": ""acute care hospitals"", ""HospitalOwner"": ""voluntary non-profit - other"", ""EmergencyService"": ""yes"", ""Condition"": ""heart attack"", ""MeasureCode"": ""ami-3"", ""MeasureName"": ""heart attack patients given ace inhibitor or arb for left ventricular systolic dysfunction (lvsd)"", ""Score"": ""empty"", ""Sample"": ""empty"", ""Stateavg"": ""al_ami-3"", ""count"": 1}

Take these rows as reference:

{""ProviderNumber"": ""10027"", ""HospitalName"": ""elba general hospital"", ""Address1"": ""987 drayton street"", ""Address2"": ""empty"", ""Address3"": ""empty"", ""City"": ""elba"", ""State"": ""al"", ""ZipCode"": ""36323"", ""CountyName"": ""coffee"", ""PhoneNumber"": ""3348972257"", ""HospitalType"": ""acute care hospitals"", ""HospitalOwner"": ""voluntary non-profit - other"", ""EmergencyService"": ""yes"", ""Condition"": ""surgical infection prevention"", ""MeasureCode"": ""scip-inf-2"", ""MeasureName"": ""surgery patients who were given the  right kind  of antibiotic to help prevent infection"", ""Score"": ""empty"", ""Sample"": ""empty"", ""Stateavg"": ""al_scip-inf-2""}

{""ProviderNumber"": ""10027"", ""HospitalName"": ""elba general hospital"", ""Address1"": ""987 drayton street"", ""Address2"": ""empty"", ""Address3"": ""empty"", ""City"": ""elba"", ""State"": ""al"", ""ZipCode"": ""36323"", ""CountyName"": ""coffee"", ""PhoneNumber"": ""33x8972257"", ""HospitalType"": ""acute care hospitals"", ""HospitalOwner"": ""voluntary non-profit - other"", ""EmergencyService"": ""yes"", ""Condition"": ""heart attack"", ""MeasureCode"": ""ami-3"", ""MeasureName"": ""heart attack patients given ace inhibitor or arb for left ventricular systolic dysfunction (lvsd)"", ""Score"": ""empty"", ""Sample"": ""empty"", ""Stateavg"": ""al_ami-3""}

",,"{""PhoneNumber"": ""3348972257""}","  {""PhoneNumber"": ""3348972257""}"
317,"You are an expert in Cleaning Hospital Dataset. Given the dirty row Entity 1, you are required to correct the values of Condition in Entity 1.

Return in json format.

Output Format Example:

{""Condition"": """"}

Entity 1:

{""ProviderNumber"": ""10027"", ""HospitalName"": ""elba general hospital"", ""Address1"": ""987 drayton street"", ""Address2"": ""empty"", ""Address3"": ""empty"", ""City"": ""elba"", ""State"": ""al"", ""ZipCode"": ""36323"", ""CountyName"": ""coffee"", ""PhoneNumber"": ""3348972257"", ""HospitalType"": ""acute care hospitals"", ""HospitalOwner"": ""voluntary non-profit - other"", ""EmergencyService"": ""yes"", ""Condition"": ""heart faixure"", ""MeasureCode"": ""hf-2"", ""MeasureName"": ""heart failure patients given an evaluation of left ventricular systolic (lvs) function"", ""Score"": ""100%"", ""Sample"": ""3 patients"", ""Stateavg"": ""al_hf-2"", ""count"": 1}

Take these rows as reference:

{""ProviderNumber"": ""10027"", ""HospitalName"": ""elba general hospital"", ""Address1"": ""987 drayton street"", ""Address2"": ""empty"", ""Address3"": ""empty"", ""City"": ""elba"", ""State"": ""al"", ""ZipCode"": ""36323"", ""CountyName"": ""coffee"", ""PhoneNumber"": ""3348972257"", ""HospitalType"": ""acute care hospitals"", ""HospitalOwner"": ""voluntary non-profit - other"", ""EmergencyService"": ""yes"", ""Condition"": ""surgical infection prevention"", ""MeasureCode"": ""scip-inf-4"", ""MeasureName"": ""all heaxt suxgexy patients whose blood sugax (blood glucose) is kept undex good contxol in the days xight aftex suxgexy"", ""Score"": ""empty"", ""Sample"": ""empty"", ""Stateavg"": ""al_scip-inf-4""}

{""ProviderNumber"": ""10025"", ""HospitalName"": ""g h lanier memorial hospital"", ""Address1"": ""4800 48th st"", ""Address2"": ""empty"", ""Address3"": ""empty"", ""City"": ""vxlley"", ""State"": ""al"", ""ZipCode"": ""36854"", ""CountyName"": ""chaxbers"", ""PhoneNumber"": ""3347561400"", ""HospitalType"": ""acute care hospitals"", ""HospitalOwner"": ""voluntary non-profit - other"", ""EmergencyService"": ""yes"", ""Condition"": ""surgical infection prevention"", ""MeasureCode"": ""scip-vte-2"", ""MeasureName"": ""patients who got treatment  at the right time (within 24 hours before or after their surgery) to help prevent blood clots after certain types of surgery"", ""Score"": ""82%"", ""Sample"": ""84 patients"", ""Stateavg"": ""al_scip-vte-2""}

",,"{""Condition"": ""heart failure""}","  {""Condition"": ""heart failure""}"
318,"You are an expert in Cleaning Hospital Dataset. Given the dirty row Entity 1, you are required to correct the values of City in Entity 1.

Return in json format.

Output Format Example:

{""City"": """"}

Entity 1:

{""ProviderNumber"": ""10027"", ""HospitalName"": ""elba general hospital"", ""Address1"": ""987 drayton street"", ""Address2"": ""empty"", ""Address3"": ""empty"", ""City"": ""exba"", ""State"": ""al"", ""ZipCode"": ""36323"", ""CountyName"": ""coffee"", ""PhoneNumber"": ""3348972257"", ""HospitalType"": ""acute care hospitals"", ""HospitalOwner"": ""voluntary non-profit - other"", ""EmergencyService"": ""yes"", ""Condition"": ""heart failure"", ""MeasureCode"": ""hf-4"", ""MeasureName"": ""heart failure patients given smoking cessation advice/counseling"", ""Score"": ""empty"", ""Sample"": ""0 patients"", ""Stateavg"": ""al_hf-4"", ""count"": 1}

Take these rows as reference:

{""ProviderNumber"": ""10027"", ""HospitalName"": ""elba general hospital"", ""Address1"": ""987 drayton street"", ""Address2"": ""empty"", ""Address3"": ""empty"", ""City"": ""elba"", ""State"": ""al"", ""ZipCode"": ""36323"", ""CountyName"": ""coffee"", ""PhoneNumber"": ""3348972257"", ""HospitalType"": ""acute care hospitals"", ""HospitalOwner"": ""voluntary non-profit - other"", ""EmergencyService"": ""yes"", ""Condition"": ""heart faixure"", ""MeasureCode"": ""hf-2"", ""MeasureName"": ""heart failure patients given an evaluation of left ventricular systolic (lvs) function"", ""Score"": ""100%"", ""Sample"": ""3 patients"", ""Stateavg"": ""al_hf-2""}

{""ProviderNumber"": ""10027"", ""HospitalName"": ""elba general hospital"", ""Address1"": ""987 drayton street"", ""Address2"": ""empty"", ""Address3"": ""empty"", ""City"": ""elba"", ""State"": ""al"", ""ZipCode"": ""36323"", ""CountyName"": ""coffee"", ""PhoneNumber"": ""3348972257"", ""HospitalType"": ""acute care hospitals"", ""HospitalOwner"": ""voluntary non-profit - other"", ""EmergencyService"": ""yes"", ""Condition"": ""surgical infection prevention"", ""MeasureCode"": ""scip-inf-1"", ""MeasureName"": ""surgery patients who were given an antibiotic at the right time (within one hour before surgery) to help prevent infection"", ""Score"": ""empty"", ""Sample"": ""empty"", ""Stateavg"": ""al_scip-inf-1""}

",,"{""City"": ""elba""}","  {""City"": ""elba""}"
319,"You are an expert in Cleaning Hospital Dataset. Given the dirty row Entity 1, you are required to correct the values of CountyName in Entity 1.

Return in json format.

Output Format Example:

{""CountyName"": """"}

Entity 1:

{""ProviderNumber"": ""10027"", ""HospitalName"": ""elba general hospital"", ""Address1"": ""987 drayton street"", ""Address2"": ""empty"", ""Address3"": ""empty"", ""City"": ""elba"", ""State"": ""al"", ""ZipCode"": ""36323"", ""CountyName"": ""coffxx"", ""PhoneNumber"": ""3348972257"", ""HospitalType"": ""acute care hospitals"", ""HospitalOwner"": ""voluntary non-profit - other"", ""EmergencyService"": ""yes"", ""Condition"": ""pneumonia"", ""MeasureCode"": ""pn-2"", ""MeasureName"": ""pneumonia patients assessed and given pneumococcal vaccination"", ""Score"": ""100%"", ""Sample"": ""31 patients"", ""Stateavg"": ""al_pn-2"", ""count"": 1}

Take these rows as reference:

{""ProviderNumber"": ""10027"", ""HospitalName"": ""elba general hospital"", ""Address1"": ""987 drayton street"", ""Address2"": ""empty"", ""Address3"": ""empty"", ""City"": ""elba"", ""State"": ""al"", ""ZipCode"": ""36323"", ""CountyName"": ""coffee"", ""PhoneNumber"": ""3348972257"", ""HospitalType"": ""acute care hospitals"", ""HospitalOwner"": ""voluntary non-profit - other"", ""EmergencyService"": ""yes"", ""Condition"": ""surgical infection prevention"", ""MeasureCode"": ""scip-inf-6"", ""MeasureName"": ""surgery patients needing hair removed from the surgical area before surgery who had hair removed using a safer method (electric clippers or hair removal cream c not a razor)"", ""Score"": ""empty"", ""Sample"": ""empty"", ""Stateavg"": ""al_scip-inf-6""}

{""ProviderNumber"": ""10027"", ""HospitalName"": ""elba general hospital"", ""Address1"": ""987 drayton street"", ""Address2"": ""empty"", ""Address3"": ""empty"", ""City"": ""elba"", ""State"": ""al"", ""ZipCode"": ""36323"", ""CountyName"": ""coffee"", ""PhoneNumber"": ""3348972257"", ""HospitalType"": ""acute care hospitals"", ""HospitalOwner"": ""voluntary non-profit - other"", ""EmergencyService"": ""yes"", ""Condition"": ""pneumonia"", ""MeasureCode"": ""pn-5c"", ""MeasureName"": ""pneumonia patients given initial antibiotic(s) within 6 hours after arrival"", ""Score"": ""100%"", ""Sample"": ""40 patients"", ""Stateavg"": ""al_pn-5c""}

",,"{""CountyName"": ""coffee""}","  {""CountyName"": ""coffee""}"
320,"You are an expert in Cleaning Hospital Dataset. Given the dirty row Entity 1, you are required to correct the values of ProviderNumber in Entity 1.

Return in json format.

Output Format Example:

{""ProviderNumber"": """"}

Entity 1:

{""ProviderNumber"": ""x0027"", ""HospitalName"": ""elba general hospital"", ""Address1"": ""987 drayton street"", ""Address2"": ""empty"", ""Address3"": ""empty"", ""City"": ""elba"", ""State"": ""al"", ""ZipCode"": ""36323"", ""CountyName"": ""coffee"", ""PhoneNumber"": ""3348972257"", ""HospitalType"": ""acute care hospitals"", ""HospitalOwner"": ""voluntary non-profit - other"", ""EmergencyService"": ""yes"", ""Condition"": ""surgical ixfectiox prevextiox"", ""MeasureCode"": ""scip-card-2"", ""MeasureName"": ""surgery patients who were taking heart drugs called beta blockers before coming to the hospital who were kept on the beta blockers during the period just before and after their surgery"", ""Score"": ""empty"", ""Sample"": ""empty"", ""Stateavg"": ""al_scip-card-2"", ""count"": 2}

Take these rows as reference:

{""ProviderNumber"": ""10027"", ""HospitalName"": ""elba general hospital"", ""Address1"": ""987 drayton street"", ""Address2"": ""empty"", ""Address3"": ""empty"", ""City"": ""elba"", ""State"": ""al"", ""ZipCode"": ""36323"", ""CountyName"": ""coffxx"", ""PhoneNumber"": ""3348972257"", ""HospitalType"": ""acute care hospitals"", ""HospitalOwner"": ""voluntary non-profit - other"", ""EmergencyService"": ""yes"", ""Condition"": ""pneumonia"", ""MeasureCode"": ""pn-2"", ""MeasureName"": ""pneumonia patients assessed and given pneumococcal vaccination"", ""Score"": ""100%"", ""Sample"": ""31 patients"", ""Stateavg"": ""al_pn-2""}

{""ProviderNumber"": ""10027"", ""HospitalName"": ""elba general hospital"", ""Address1"": ""987 drayton street"", ""Address2"": ""empty"", ""Address3"": ""empty"", ""City"": ""elba"", ""State"": ""al"", ""ZipCode"": ""36323"", ""CountyName"": ""coffee"", ""PhoneNumber"": ""3348972257"", ""HospitalType"": ""acute care hospitals"", ""HospitalOwner"": ""voluntary non-profit - other"", ""EmergencyService"": ""yes"", ""Condition"": ""heart attack"", ""MeasureCode"": ""ami-7a"", ""MeasureName"": ""heart attack patients given fibrinolytic medication within 30 minutes of arrival"", ""Score"": ""empty"", ""Sample"": ""empty"", ""Stateavg"": ""al_ami-7a""}

",,"{""ProviderNumber"": ""10027""}","  {""ProviderNumber"": ""10027""}"
321,"You are an expert in Cleaning Hospital Dataset. Given the dirty row Entity 1, you are required to correct the values of Condition in Entity 1.

Return in json format.

Output Format Example:

{""Condition"": """"}

Entity 1:

{""ProviderNumber"": ""x0027"", ""HospitalName"": ""elba general hospital"", ""Address1"": ""987 drayton street"", ""Address2"": ""empty"", ""Address3"": ""empty"", ""City"": ""elba"", ""State"": ""al"", ""ZipCode"": ""36323"", ""CountyName"": ""coffee"", ""PhoneNumber"": ""3348972257"", ""HospitalType"": ""acute care hospitals"", ""HospitalOwner"": ""voluntary non-profit - other"", ""EmergencyService"": ""yes"", ""Condition"": ""surgical ixfectiox prevextiox"", ""MeasureCode"": ""scip-card-2"", ""MeasureName"": ""surgery patients who were taking heart drugs called beta blockers before coming to the hospital who were kept on the beta blockers during the period just before and after their surgery"", ""Score"": ""empty"", ""Sample"": ""empty"", ""Stateavg"": ""al_scip-card-2"", ""count"": 2}

Take these rows as reference:

{""ProviderNumber"": ""10027"", ""HospitalName"": ""elba general hospital"", ""Address1"": ""987 drayton street"", ""Address2"": ""empty"", ""Address3"": ""empty"", ""City"": ""elba"", ""State"": ""al"", ""ZipCode"": ""36323"", ""CountyName"": ""coffee"", ""PhoneNumber"": ""3348972257"", ""HospitalType"": ""acute care hospitals"", ""HospitalOwner"": ""voluntary non-profit - other"", ""EmergencyService"": ""yes"", ""Condition"": ""surgical infection prevention"", ""MeasureCode"": ""scip-inf-2"", ""MeasureName"": ""surgery patients who were given the  right kind  of antibiotic to help prevent infection"", ""Score"": ""empty"", ""Sample"": ""empty"", ""Stateavg"": ""al_scip-inf-2""}

{""ProviderNumber"": ""x0027"", ""HospitalName"": ""elba general hospital"", ""Address1"": ""987 drayton street"", ""Address2"": ""empty"", ""Address3"": ""empty"", ""City"": ""elba"", ""State"": ""al"", ""ZipCode"": ""36323"", ""CountyName"": ""coffee"", ""PhoneNumber"": ""3348972257"", ""HospitalType"": ""acute care hospitals"", ""HospitalOwner"": ""voluntary non-profit - other"", ""EmergencyService"": ""yes"", ""Condition"": ""surgical ixfectiox prevextiox"", ""MeasureCode"": ""scip-card-2"", ""MeasureName"": ""surgery patients who were taking heart drugs called beta blockers before coming to the hospital who were kept on the beta blockers during the period just before and after their surgery"", ""Score"": ""empty"", ""Sample"": ""empty"", ""Stateavg"": ""al_scip-card-2""}

",,"{""Condition"": ""surgical infection prevention""}","  {""Condition"": ""surgical infection prevention""}"
322,"You are an expert in Cleaning Hospital Dataset. Given the dirty row Entity 1, you are required to correct the values of MeasureName in Entity 1.

Return in json format.

Output Format Example:

{""MeasureName"": """"}

Entity 1:

{""ProviderNumber"": ""10027"", ""HospitalName"": ""elba general hospital"", ""Address1"": ""987 drayton street"", ""Address2"": ""empty"", ""Address3"": ""empty"", ""City"": ""elba"", ""State"": ""al"", ""ZipCode"": ""36323"", ""CountyName"": ""coffee"", ""PhoneNumber"": ""3348972257"", ""HospitalType"": ""acute care hospitals"", ""HospitalOwner"": ""voluntary non-profit - other"", ""EmergencyService"": ""yes"", ""Condition"": ""surgical infection prevention"", ""MeasureCode"": ""scip-inf-4"", ""MeasureName"": ""all heaxt suxgexy patients whose blood sugax (blood glucose) is kept undex good contxol in the days xight aftex suxgexy"", ""Score"": ""empty"", ""Sample"": ""empty"", ""Stateavg"": ""al_scip-inf-4"", ""count"": 1}

Take these rows as reference:

{""ProviderNumber"": ""10027"", ""HospitalName"": ""elba general hospital"", ""Address1"": ""987 drayton street"", ""Address2"": ""empty"", ""Address3"": ""empty"", ""City"": ""elba"", ""State"": ""al"", ""ZipCode"": ""36323"", ""CountyName"": ""coffee"", ""PhoneNumber"": ""3348972257"", ""HospitalType"": ""acute care hospitals"", ""HospitalOwner"": ""voluntary non-profit - other"", ""EmergencyService"": ""yes"", ""Condition"": ""heart attack"", ""MeasureCode"": ""ami-7a"", ""MeasureName"": ""heart attack patients given fibrinolytic medication within 30 minutes of arrival"", ""Score"": ""empty"", ""Sample"": ""empty"", ""Stateavg"": ""al_ami-7a""}

{""ProviderNumber"": ""10027"", ""HospitalName"": ""elba general hospital"", ""Address1"": ""987 drayton street"", ""Address2"": ""empty"", ""Address3"": ""empty"", ""City"": ""elba"", ""State"": ""al"", ""ZipCode"": ""36323"", ""CountyName"": ""coffee"", ""PhoneNumber"": ""3348972257"", ""HospitalType"": ""acute care hospitals"", ""HospitalOwner"": ""voluntary non-profit - other"", ""EmergencyService"": ""yes"", ""Condition"": ""surgical infection prevention"", ""MeasureCode"": ""scip-vte-1"", ""MeasureName"": ""surgery patients whose doctors ordered treatments to prevent blood clots after certain types of surgeries"", ""Score"": ""empty"", ""Sample"": ""empty"", ""Stateavg"": ""al_scip-vte-1""}

",,"{""MeasureName"": ""all heart surgery patients whose blood sugar (blood glucose) is kept under good control in the days right after surgery""}","  {""MeasureName"": ""all heart surgery patients whose blood sugar (blood glucose) is kept under good control in the days right after surgery""}"
323,"You are an expert in Cleaning Hospital Dataset. Given the dirty row Entity 1, you are required to correct the values of Stateavg in Entity 1.

Return in json format.

Output Format Example:

{""Stateavg"": """"}

Entity 1:

{""ProviderNumber"": ""10029"", ""HospitalName"": ""east alabama medical center and snf"", ""Address1"": ""2000 pepperell parkway"", ""Address2"": ""empty"", ""Address3"": ""empty"", ""City"": ""opelika"", ""State"": ""al"", ""ZipCode"": ""36801"", ""CountyName"": ""lee"", ""PhoneNumber"": ""3347493411"", ""HospitalType"": ""acute care hospitals"", ""HospitalOwner"": ""government - hospital district or authority"", ""EmergencyService"": ""yes"", ""Condition"": ""heart attack"", ""MeasureCode"": ""ami-8a"", ""MeasureName"": ""heart attack patients given pci within 90 minutes of arrival"", ""Score"": ""85%"", ""Sample"": ""26 patients"", ""Stateavg"": ""al_amix8a"", ""count"": 1}

Take these rows as reference:

{""ProviderNumber"": ""10029"", ""HospitalName"": ""east alabama medical center and snf"", ""Address1"": ""2000 pepperell parkway"", ""Address2"": ""empty"", ""Address3"": ""empty"", ""City"": ""opelika"", ""State"": ""al"", ""ZipCode"": ""36801"", ""CountyName"": ""lee"", ""PhoneNumber"": ""3347493411"", ""HospitalType"": ""acute care hospitals"", ""HospitalOwner"": ""government - hospital district or authority"", ""EmergencyService"": ""yes"", ""Condition"": ""surgical infection prevention"", ""MeasureCode"": ""scip-inf-3"", ""MeasureName"": ""surgery patients whose preventive antibiotics were stopped at the right time (within 24 hours after surgery)"", ""Score"": ""97%"", ""Sample"": ""962 patients"", ""Stateavg"": ""al_scip-inf-3""}

{""ProviderNumber"": ""10029"", ""HospitalName"": ""east alabama medical center and snf"", ""Address1"": ""2000 pepperell parkway"", ""Address2"": ""empty"", ""Address3"": ""empty"", ""City"": ""opelika"", ""State"": ""al"", ""ZipCode"": ""36801"", ""CountyName"": ""lee"", ""PhoneNumber"": ""3347493411"", ""HospitalType"": ""acute care hospitals"", ""HospitalOwner"": ""government - hospital district or authority"", ""EmergencyService"": ""yes"", ""Condition"": ""heart attack"", ""MeasureCode"": ""ami-5"", ""MeasureName"": ""heart attack patients given beta blocker at discharge"", ""Score"": ""98%"", ""Sample"": ""281 patients"", ""Stateavg"": ""al_ami-5""}

",,"{""Stateavg"": ""al_ami-8a""}","  {""Stateavg"": ""al_ami-8a""}"
324,"You are an expert in Cleaning Hospital Dataset. Given the dirty row Entity 1, you are required to correct the values of ProviderNumber in Entity 1.

Return in json format.

Output Format Example:

{""ProviderNumber"": """"}

Entity 1:

{""ProviderNumber"": ""x0029"", ""HospitalName"": ""east alabama medical center and snf"", ""Address1"": ""2000 pepperell parkway"", ""Address2"": ""empty"", ""Address3"": ""empty"", ""City"": ""opelika"", ""State"": ""al"", ""ZipCode"": ""36801"", ""CountyName"": ""lee"", ""PhoneNumber"": ""3347493411"", ""HospitalType"": ""acute care hospitals"", ""HospitalOwner"": ""government - hospital district or authority"", ""EmergencyService"": ""yes"", ""Condition"": ""pneumonia"", ""MeasureCode"": ""pn-2"", ""MeasureName"": ""pneumonia patients assessed and given pneumococcal vaccination"", ""Score"": ""92%"", ""Sample"": ""114 patients"", ""Stateavg"": ""al_pn-2"", ""count"": 1}

Take these rows as reference:

{""ProviderNumber"": ""10029"", ""HospitalName"": ""east alabama medical center and snf"", ""Address1"": ""2000 pepperell parkway"", ""Address2"": ""empty"", ""Address3"": ""empty"", ""City"": ""opelika"", ""State"": ""al"", ""ZipCode"": ""36801"", ""CountyName"": ""lee"", ""PhoneNumber"": ""3347493411"", ""HospitalType"": ""acute care hospitals"", ""HospitalOwner"": ""government - hospital district or authority"", ""EmergencyService"": ""yes"", ""Condition"": ""heart attack"", ""MeasureCode"": ""ami-5"", ""MeasureName"": ""heart attack patients given beta blocker at discharge"", ""Score"": ""98%"", ""Sample"": ""281 patients"", ""Stateavg"": ""al_ami-5""}

{""ProviderNumber"": ""10029"", ""HospitalName"": ""east alabama medical center and snf"", ""Address1"": ""2000 pepperell parkway"", ""Address2"": ""empty"", ""Address3"": ""empty"", ""City"": ""opelika"", ""State"": ""al"", ""ZipCode"": ""36801"", ""CountyName"": ""lee"", ""PhoneNumber"": ""3347493411"", ""HospitalType"": ""acute care hospitals"", ""HospitalOwner"": ""government - hospital district or authority"", ""EmergencyService"": ""yes"", ""Condition"": ""pneumonxa"", ""MeasureCode"": ""pn-6"", ""MeasureName"": ""pneumonia patients given the most appropriate initial antibiotic(s)"", ""Score"": ""97%"", ""Sample"": ""115 patients"", ""Stateavg"": ""al_pn-6""}

",,"{""ProviderNumber"": ""10029""}","  {""ProviderNumber"": ""10029""}"
325,"You are an expert in Cleaning Hospital Dataset. Given the dirty row Entity 1, you are required to correct the values of EmergencyService in Entity 1.

Return in json format.

Output Format Example:

{""EmergencyService"": """"}

Entity 1:

{""ProviderNumber"": ""10029"", ""HospitalName"": ""east alabama medical center and snf"", ""Address1"": ""2000 pepperell parkway"", ""Address2"": ""empty"", ""Address3"": ""empty"", ""City"": ""opelika"", ""State"": ""al"", ""ZipCode"": ""36801"", ""CountyName"": ""lee"", ""PhoneNumber"": ""3347493411"", ""HospitalType"": ""acute care hospitals"", ""HospitalOwner"": ""government - hospital district or authority"", ""EmergencyService"": ""yex"", ""Condition"": ""pneumonia"", ""MeasureCode"": ""pn-3b"", ""MeasureName"": ""pneumonia patients whose initial emergency room blood culture was performed prior to the administration of the first hospital dose of antibiotics"", ""Score"": ""91%"", ""Sample"": ""129 patients"", ""Stateavg"": ""al_pn-3b"", ""count"": 1}

Take these rows as reference:

{""ProviderNumber"": ""10029"", ""HospitalName"": ""east alabama medical center and snf"", ""Address1"": ""2000 pepperell parkway"", ""Address2"": ""empty"", ""Address3"": ""empty"", ""City"": ""opelika"", ""State"": ""al"", ""ZipCode"": ""36801"", ""CountyName"": ""lee"", ""PhoneNumber"": ""3347493411"", ""HospitalType"": ""acute care hospitals"", ""HospitalOwner"": ""government - hospital district or authority"", ""EmergencyService"": ""yes"", ""Condition"": ""heart attack"", ""MeasureCode"": ""ami-1"", ""MeasureName"": ""heart attack patients given aspirin at arrival"", ""Score"": ""98%"", ""Sample"": ""185 patients"", ""Stateavg"": ""al_ami-1""}

{""ProviderNumber"": ""10029"", ""HospitalName"": ""east alabama medical center and snf"", ""Address1"": ""2000 pepperell parkway"", ""Address2"": ""empty"", ""Address3"": ""empty"", ""City"": ""opelika"", ""State"": ""al"", ""ZipCode"": ""36801"", ""CountyName"": ""lee"", ""PhoneNumber"": ""3347493411"", ""HospitalType"": ""acute care hospitals"", ""HospitalOwner"": ""government - hospital district or authority"", ""EmergencyService"": ""yes"", ""Condition"": ""surgical infection prevention"", ""MeasureCode"": ""scip-inf-2"", ""MeasureName"": ""surgery patients who were given the  right kind  of antibiotic to help prevent infection"", ""Score"": ""99%"", ""Sample"": ""1016 patients"", ""Stateavg"": ""al_scip-inf-2""}

",,"{""EmergencyService"": ""yes""}","  {""EmergencyService"": ""yes""}"
326,"You are an expert in Cleaning Hospital Dataset. Given the dirty row Entity 1, you are required to correct the values of Condition in Entity 1.

Return in json format.

Output Format Example:

{""Condition"": """"}

Entity 1:

{""ProviderNumber"": ""10029"", ""HospitalName"": ""east alabama medical center and snf"", ""Address1"": ""2000 pepperell parkway"", ""Address2"": ""empty"", ""Address3"": ""empty"", ""City"": ""opelika"", ""State"": ""al"", ""ZipCode"": ""36801"", ""CountyName"": ""lee"", ""PhoneNumber"": ""3347493411"", ""HospitalType"": ""acute care hospitals"", ""HospitalOwner"": ""government - hospital district or authority"", ""EmergencyService"": ""yes"", ""Condition"": ""pneumonxa"", ""MeasureCode"": ""pn-6"", ""MeasureName"": ""pneumonia patients given the most appropriate initial antibiotic(s)"", ""Score"": ""97%"", ""Sample"": ""115 patients"", ""Stateavg"": ""al_pn-6"", ""count"": 1}

Take these rows as reference:

{""ProviderNumber"": ""1xx29"", ""HospitalName"": ""east alabama medical center and snf"", ""Address1"": ""2000 pepperell parkway"", ""Address2"": ""empty"", ""Address3"": ""empty"", ""City"": ""opelika"", ""State"": ""al"", ""ZipCode"": ""36801"", ""CountyName"": ""lee"", ""PhoneNumber"": ""3347493411"", ""HospitalType"": ""acute care hospitals"", ""HospitalOwner"": ""government - hospital district or authority"", ""EmergencyService"": ""yes"", ""Condition"": ""surgical infection prevention"", ""MeasureCode"": ""scip-vtx-1"", ""MeasureName"": ""surgery patients whose doctors ordered treatments to prevent blood clots after certain types of surgeries"", ""Score"": ""92%"", ""Sample"": ""473 patients"", ""Stateavg"": ""al_scip-vte-1""}

{""ProviderNumber"": ""10029"", ""HospitalName"": ""east alabama medical center and snf"", ""Address1"": ""2000 pepperell parkway"", ""Address2"": ""empty"", ""Address3"": ""empty"", ""City"": ""opelika"", ""State"": ""al"", ""ZipCode"": ""36801"", ""CountyName"": ""lee"", ""PhoneNumber"": ""3347493411"", ""HospitalType"": ""acute care hospitals"", ""HospitalOwner"": ""government - hospital district or authority"", ""EmergencyService"": ""yes"", ""Condition"": ""surgical infection prevention"", ""MeasureCode"": ""scip-inf-2"", ""MeasureName"": ""surgery patients who were given the  right kind  of antibiotic to help prevent infection"", ""Score"": ""99%"", ""Sample"": ""1016 patients"", ""Stateavg"": ""al_scip-inf-2""}

",,"{""Condition"": ""pneumonia""}","  {""Condition"": ""pneumonia""}"
327,"You are an expert in Cleaning Hospital Dataset. Given the dirty row Entity 1, you are required to correct the values of CountyName in Entity 1.

Return in json format.

Output Format Example:

{""CountyName"": """"}

Entity 1:

{""ProviderNumber"": ""10029"", ""HospitalName"": ""east alabama medical center and snf"", ""Address1"": ""2000 pepperell parkway"", ""Address2"": ""empty"", ""Address3"": ""empty"", ""City"": ""opelika"", ""State"": ""al"", ""ZipCode"": ""36801"", ""CountyName"": ""xee"", ""PhoneNumber"": ""3347493411"", ""HospitalType"": ""acute care hospitals"", ""HospitalOwner"": ""government - hospital district or authority"", ""EmergencyService"": ""yes"", ""Condition"": ""surgical infection prevention"", ""MeasureCode"": ""scip-card-2"", ""MeasureName"": ""surgery patients who were taking heart drugs called beta blockers before coming to the hospital who were kept on the beta blockers during the period just before and after their surgery"", ""Score"": ""98%"", ""Sample"": ""208 patients"", ""Stateavg"": ""al_scip-card-2"", ""count"": 1}

Take these rows as reference:

{""ProviderNumber"": ""10029"", ""HospitalName"": ""east alabama medical center and snf"", ""Address1"": ""2000 pepperell parkway"", ""Address2"": ""empty"", ""Address3"": ""empty"", ""City"": ""opelika"", ""State"": ""al"", ""ZipCode"": ""36801"", ""CountyName"": ""lee"", ""PhoneNumber"": ""3347493411"", ""HospitalType"": ""acute care hospitals"", ""HospitalOwner"": ""government - hospital district or authority"", ""EmergencyService"": ""yes"", ""Condition"": ""heart attack"", ""MeasureCode"": ""ami-1"", ""MeasureName"": ""heart attack patients given aspirin at arrival"", ""Score"": ""98%"", ""Sample"": ""185 patients"", ""Stateavg"": ""al_ami-1""}

{""ProviderNumber"": ""10029"", ""HospitalName"": ""east alabama medical center and snf"", ""Address1"": ""2000 pepperell parkway"", ""Address2"": ""empty"", ""Address3"": ""empty"", ""City"": ""opelika"", ""State"": ""al"", ""ZipCode"": ""36801"", ""CountyName"": ""lee"", ""PhoneNumber"": ""3347493411"", ""HospitalType"": ""acute care hospitals"", ""HospitalOwner"": ""government - hospital district or authority"", ""EmergencyService"": ""yes"", ""Condition"": ""heart attack"", ""MeasureCode"": ""ami-3"", ""MeasureName"": ""heart attack patients given ace inhibitor or arb for left ventricular systolic dysfunction (lvsd)"", ""Score"": ""93%"", ""Sample"": ""72 patients"", ""Stateavg"": ""al_ami-3""}

",,"{""CountyName"": ""lee""}","  {""CountyName"": ""lee""}"
328,"You are an expert in Cleaning Hospital Dataset. Given the dirty row Entity 1, you are required to correct the values of HospitalType in Entity 1.

Return in json format.

Output Format Example:

{""HospitalType"": """"}

Entity 1:

{""ProviderNumber"": ""10029"", ""HospitalName"": ""east alabama medical center and snf"", ""Address1"": ""2000 pepperell parkway"", ""Address2"": ""empty"", ""Address3"": ""empty"", ""City"": ""opelika"", ""State"": ""al"", ""ZipCode"": ""36801"", ""CountyName"": ""lee"", ""PhoneNumber"": ""3347493411"", ""HospitalType"": ""acuxe care hospixals"", ""HospitalOwner"": ""government - hospital district or authority"", ""EmergencyService"": ""yes"", ""Condition"": ""surgical infection prevention"", ""MeasureCode"": ""scip-inf-1"", ""MeasureName"": ""surgery patients who were given an antibiotic at the right time (within one hour before surgery) to help prevent infection"", ""Score"": ""99%"", ""Sample"": ""1001 patients"", ""Stateavg"": ""al_scip-inf-1"", ""count"": 1}

Take these rows as reference:

{""ProviderNumber"": ""10029"", ""HospitalName"": ""east alabama medical center and snf"", ""Address1"": ""2000 pepperell parkway"", ""Address2"": ""empty"", ""Address3"": ""empty"", ""City"": ""opelika"", ""State"": ""al"", ""ZipCode"": ""36801"", ""CountyName"": ""lee"", ""PhoneNumber"": ""3347493411"", ""HospitalType"": ""acute care hospitals"", ""HospitalOwner"": ""government - hospital district or authority"", ""EmergencyService"": ""yes"", ""Condition"": ""heart attack"", ""MeasureCode"": ""ami-2"", ""MeasureName"": ""heart attack patients given aspirin at discharge"", ""Score"": ""97%"", ""Sample"": ""290 patients"", ""Stateavg"": ""al_ami-2""}

{""ProviderNumber"": ""10029"", ""HospitalName"": ""east alabama medical center and snf"", ""Address1"": ""2000 pepperell parkway"", ""Address2"": ""empty"", ""Address3"": ""empty"", ""City"": ""opelika"", ""State"": ""al"", ""ZipCode"": ""36801"", ""CountyName"": ""lee"", ""PhoneNumber"": ""3347493411"", ""HospitalType"": ""acute care hospitals"", ""HospitalOwner"": ""government - hospital district or authority"", ""EmergencyService"": ""yes"", ""Condition"": ""pneumonia"", ""MeasureCode"": ""pn-4"", ""MeasureName"": ""pneumonia patients given smoking cessation advice/counseling"", ""Score"": ""100%"", ""Sample"": ""59 patients"", ""Stateavg"": ""al_pn-4""}

",,"{""HospitalType"": ""acute care hospitals""}","  {""HospitalType"": ""acute care hospitals""}"
329,"You are an expert in Cleaning Hospital Dataset. Given the dirty row Entity 1, you are required to correct the values of ProviderNumber in Entity 1.

Return in json format.

Output Format Example:

{""ProviderNumber"": """"}

Entity 1:

{""ProviderNumber"": ""1xx29"", ""HospitalName"": ""east alabama medical center and snf"", ""Address1"": ""2000 pepperell parkway"", ""Address2"": ""empty"", ""Address3"": ""empty"", ""City"": ""opelika"", ""State"": ""al"", ""ZipCode"": ""36801"", ""CountyName"": ""lee"", ""PhoneNumber"": ""3347493411"", ""HospitalType"": ""acute care hospitals"", ""HospitalOwner"": ""government - hospital district or authority"", ""EmergencyService"": ""yes"", ""Condition"": ""surgical infection prevention"", ""MeasureCode"": ""scip-vtx-1"", ""MeasureName"": ""surgery patients whose doctors ordered treatments to prevent blood clots after certain types of surgeries"", ""Score"": ""92%"", ""Sample"": ""473 patients"", ""Stateavg"": ""al_scip-vte-1"", ""count"": 2}

Take these rows as reference:

{""ProviderNumber"": ""10029"", ""HospitalName"": ""east alabama medical center and snf"", ""Address1"": ""2000 pepperell parkway"", ""Address2"": ""empty"", ""Address3"": ""empty"", ""City"": ""opelika"", ""State"": ""al"", ""ZipCode"": ""36801"", ""CountyName"": ""lee"", ""PhoneNumber"": ""3347493411"", ""HospitalType"": ""acute care hospitals"", ""HospitalOwner"": ""government - hospital district or authority"", ""EmergencyService"": ""yes"", ""Condition"": ""surgical infection prevention"", ""MeasureCode"": ""scip-inf-2"", ""MeasureName"": ""surgery patients who were given the  right kind  of antibiotic to help prevent infection"", ""Score"": ""99%"", ""Sample"": ""1016 patients"", ""Stateavg"": ""al_scip-inf-2""}

{""ProviderNumber"": ""10029"", ""HospitalName"": ""east alabama medical center and snf"", ""Address1"": ""2000 pepperell parkway"", ""Address2"": ""empty"", ""Address3"": ""empty"", ""City"": ""opelika"", ""State"": ""al"", ""ZipCode"": ""36801"", ""CountyName"": ""lee"", ""PhoneNumber"": ""3347493411"", ""HospitalType"": ""acute care hospitals"", ""HospitalOwner"": ""government - hospital district or authority"", ""EmergencyService"": ""yes"", ""Condition"": ""surgical infection prevention"", ""MeasureCode"": ""scip-inf-4"", ""MeasureName"": ""all heart surgery patients whose blood sugar (blood glucose) is kept under good control in the days right after surgery"", ""Score"": ""98%"", ""Sample"": ""241 patients"", ""Stateavg"": ""al_scip-inf-4""}

",,"{""ProviderNumber"": ""10029""}","  {""ProviderNumber"": ""10029""}"
330,"You are an expert in Cleaning Hospital Dataset. Given the dirty row Entity 1, you are required to correct the values of MeasureCode in Entity 1.

Return in json format.

Output Format Example:

{""MeasureCode"": """"}

Entity 1:

{""ProviderNumber"": ""1xx29"", ""HospitalName"": ""east alabama medical center and snf"", ""Address1"": ""2000 pepperell parkway"", ""Address2"": ""empty"", ""Address3"": ""empty"", ""City"": ""opelika"", ""State"": ""al"", ""ZipCode"": ""36801"", ""CountyName"": ""lee"", ""PhoneNumber"": ""3347493411"", ""HospitalType"": ""acute care hospitals"", ""HospitalOwner"": ""government - hospital district or authority"", ""EmergencyService"": ""yes"", ""Condition"": ""surgical infection prevention"", ""MeasureCode"": ""scip-vtx-1"", ""MeasureName"": ""surgery patients whose doctors ordered treatments to prevent blood clots after certain types of surgeries"", ""Score"": ""92%"", ""Sample"": ""473 patients"", ""Stateavg"": ""al_scip-vte-1"", ""count"": 2}

Take these rows as reference:

{""ProviderNumber"": ""10029"", ""HospitalName"": ""east alabama medical center and snf"", ""Address1"": ""2000 pepperell parkway"", ""Address2"": ""empty"", ""Address3"": ""empty"", ""City"": ""opelika"", ""State"": ""al"", ""ZipCode"": ""36801"", ""CountyName"": ""lee"", ""PhoneNumber"": ""3347493411"", ""HospitalType"": ""acute care hospitals"", ""HospitalOwner"": ""government - hospital district or authority"", ""EmergencyService"": ""yes"", ""Condition"": ""heart failure"", ""MeasureCode"": ""hf-1"", ""MeasureName"": ""heart failure patients given discharge instructions"", ""Score"": ""82%"", ""Sample"": ""527 patients"", ""Stateavg"": ""al_hf-1""}

{""ProviderNumber"": ""10029"", ""HospitalName"": ""east alabama medical center and snf"", ""Address1"": ""2000 pepperell parkway"", ""Address2"": ""empty"", ""Address3"": ""empty"", ""City"": ""opelika"", ""State"": ""al"", ""ZipCode"": ""36801"", ""CountyName"": ""lee"", ""PhoneNumber"": ""3347493411"", ""HospitalType"": ""acute care hospitals"", ""HospitalOwner"": ""government - hospital district or authority"", ""EmergencyService"": ""yes"", ""Condition"": ""heart attack"", ""MeasureCode"": ""ami-4"", ""MeasureName"": ""heart attack patients given smoking cessation advice/counseling"", ""Score"": ""100%"", ""Sample"": ""122 patients"", ""Stateavg"": ""al_ami-4""}

",,"{""MeasureCode"": ""scip-vte-1""}","  {""MeasureCode"": ""scip-vte-1""}"
331,"You are an expert in Cleaning Hospital Dataset. Given the dirty row Entity 1, you are required to correct the values of ProviderNumber in Entity 1.

Return in json format.

Output Format Example:

{""ProviderNumber"": """"}

Entity 1:

{""ProviderNumber"": ""1xx32"", ""HospitalName"": ""wedowee hospital"", ""Address1"": ""209 north main street"", ""Address2"": ""empty"", ""Address3"": ""empty"", ""City"": ""wedowee"", ""State"": ""al"", ""ZipCode"": ""36278"", ""CountyName"": ""randolph"", ""PhoneNumber"": ""2563572111"", ""HospitalType"": ""acute care hospitals"", ""HospitalOwner"": ""government - local"", ""EmergencyService"": ""no"", ""Condition"": ""heart attack"", ""MeasureCode"": ""ami-5"", ""MeasureName"": ""heart attack patients given beta blocker at discharge"", ""Score"": ""67%"", ""Sample"": ""3 patients"", ""Stateavg"": ""al_ami-5"", ""count"": 1}

Take these rows as reference:

{""ProviderNumber"": ""10032"", ""HospitalName"": ""wedowee hospital"", ""Address1"": ""209 north main street"", ""Address2"": ""empty"", ""Address3"": ""empty"", ""City"": ""wedowee"", ""State"": ""al"", ""ZipCode"": ""36278"", ""CountyName"": ""randolph"", ""PhoneNumber"": ""2563572111"", ""HospitalType"": ""acute care hospitals"", ""HospitalOwner"": ""government - local"", ""EmergencyService"": ""no"", ""Condition"": ""surgical infection prevention"", ""MeasureCode"": ""scip-inf-2"", ""MeasureName"": ""surgery patients who were given the  right kind  of antibiotic to help prevent infection"", ""Score"": ""empty"", ""Sample"": ""empty"", ""Stateavg"": ""al_scip-inf-2""}

{""ProviderNumber"": ""10032"", ""HospitalName"": ""wedowee hospital"", ""Address1"": ""209 north main street"", ""Address2"": ""empty"", ""Address3"": ""empty"", ""City"": ""wedowee"", ""State"": ""al"", ""ZipCode"": ""36278"", ""CountyName"": ""randolph"", ""PhoneNumber"": ""2563572111"", ""HospitalType"": ""acute care hospitals"", ""HospitalOwner"": ""government - local"", ""EmergencyService"": ""no"", ""Condition"": ""surgical infection prevention"", ""MeasureCode"": ""scip-inf-3"", ""MeasureName"": ""surgery patients whose preventive antibiotics were stopped at the right time (within 24 hours after surgery)"", ""Score"": ""empty"", ""Sample"": ""empty"", ""Stateavg"": ""al_scip-inf-3""}

",,"{""ProviderNumber"": ""10032""}","  {""ProviderNumber"": ""10032""}"
332,"You are an expert in Cleaning Hospital Dataset. Given the dirty row Entity 1, you are required to correct the values of Stateavg in Entity 1.

Return in json format.

Output Format Example:

{""Stateavg"": """"}

Entity 1:

{""ProviderNumber"": ""10032"", ""HospitalName"": ""wedowee hospital"", ""Address1"": ""209 north main street"", ""Address2"": ""empty"", ""Address3"": ""empty"", ""City"": ""wedowee"", ""State"": ""al"", ""ZipCode"": ""36278"", ""CountyName"": ""randolph"", ""PhoneNumber"": ""2563572111"", ""HospitalType"": ""acute care hospitals"", ""HospitalOwner"": ""government - local"", ""EmergencyService"": ""no"", ""Condition"": ""heart attack"", ""MeasureCode"": ""ami-7a"", ""MeasureName"": ""heart attack patients given fibrinolytic medication within 30 minutes of arrival"", ""Score"": ""empty"", ""Sample"": ""0 patients"", ""Stateavg"": ""alxami-7a"", ""count"": 1}

Take these rows as reference:

{""ProviderNumber"": ""10032"", ""HospitalName"": ""wedowee hospital"", ""Address1"": ""209 north main street"", ""Address2"": ""empty"", ""Address3"": ""empty"", ""City"": ""wedowee"", ""State"": ""al"", ""ZipCode"": ""36278"", ""CountyName"": ""randolph"", ""PhoneNumber"": ""2563572111"", ""HospitalType"": ""acute care hospitals"", ""HospitalOwner"": ""government - local"", ""EmergencyService"": ""no"", ""Condition"": ""surgical infection prevention"", ""MeasureCode"": ""scip-inf-1"", ""MeasureName"": ""surgery patients who were given an antibiotic at the right time (within one hour before surgery) to help prevent infection"", ""Score"": ""empty"", ""Sample"": ""empty"", ""Stateavg"": ""al_scip-inf-1""}

{""ProviderNumber"": ""10032"", ""HospitalName"": ""wedowee hospital"", ""Address1"": ""209 north main street"", ""Address2"": ""empty"", ""Address3"": ""empty"", ""City"": ""wedowee"", ""State"": ""al"", ""ZipCode"": ""36278"", ""CountyName"": ""randolph"", ""PhoneNumber"": ""2563572111"", ""HospitalType"": ""acute care hospitals"", ""HospitalOwner"": ""government - local"", ""EmergencyService"": ""no"", ""Condition"": ""heart attack"", ""MeasureCode"": ""ami-7a"", ""MeasureName"": ""heart attack patients given fibrinolytic medication within 30 minutes of arrival"", ""Score"": ""empty"", ""Sample"": ""0 patients"", ""Stateavg"": ""alxami-7a""}

",,"{""Stateavg"": ""al_ami-7a""}","  {""Stateavg"": ""al_ami-7a""}"
333,"You are an expert in Cleaning Hospital Dataset. Given the dirty row Entity 1, you are required to correct the values of MeasureCode in Entity 1.

Return in json format.

Output Format Example:

{""MeasureCode"": """"}

Entity 1:

{""ProviderNumber"": ""10032"", ""HospitalName"": ""wedowee hospital"", ""Address1"": ""209 north main street"", ""Address2"": ""empty"", ""Address3"": ""empty"", ""City"": ""wedowee"", ""State"": ""al"", ""ZipCode"": ""36278"", ""CountyName"": ""randolph"", ""PhoneNumber"": ""2563572111"", ""HospitalType"": ""acute care hospitals"", ""HospitalOwner"": ""government - local"", ""EmergencyService"": ""no"", ""Condition"": ""heart failure"", ""MeasureCode"": ""hfx1"", ""MeasureName"": ""heart failure patients given discharge instructions"", ""Score"": ""0%"", ""Sample"": ""34 patients"", ""Stateavg"": ""al_hf-1"", ""count"": 1}

Take these rows as reference:

{""ProviderNumber"": ""10032"", ""HospitalName"": ""wedowee hospital"", ""Address1"": ""209 north main street"", ""Address2"": ""empty"", ""Address3"": ""empty"", ""City"": ""wedowee"", ""State"": ""al"", ""ZipCode"": ""36278"", ""CountyName"": ""randolph"", ""PhoneNumber"": ""2563572111"", ""HospitalType"": ""acute care hospitals"", ""HospitalOwner"": ""government - local"", ""EmergencyService"": ""no"", ""Condition"": ""heart attack"", ""MeasureCode"": ""ami-1"", ""MeasureName"": ""heart attack patients given aspirin at arrival"", ""Score"": ""50%"", ""Sample"": ""4 patients"", ""Stateavg"": ""al_ami-1""}

{""ProviderNumber"": ""10032"", ""HospitalName"": ""wedowee hospital"", ""Address1"": ""209 north main street"", ""Address2"": ""empty"", ""Address3"": ""empty"", ""City"": ""wedowee"", ""State"": ""al"", ""ZipCode"": ""36278"", ""CountyName"": ""randolph"", ""PhoneNumber"": ""2563572111"", ""HospitalType"": ""acute care hospitals"", ""HospitalOwner"": ""government - local"", ""EmergencyService"": ""no"", ""Condition"": ""heart attack"", ""MeasureCode"": ""ami-3"", ""MeasureName"": ""heart attack patients given ace inhibitor or arb for left ventricular systolic dysfunction (lvsd)"", ""Score"": ""empty"", ""Sample"": ""0 patients"", ""Stateavg"": ""al_ami-3""}

",,"{""MeasureCode"": ""hf-1""}","  {""MeasureCode"": ""hf-1""}"
334,"You are an expert in Cleaning Hospital Dataset. Given the dirty row Entity 1, you are required to correct the values of MeasureName in Entity 1.

Return in json format.

Output Format Example:

{""MeasureName"": """"}

Entity 1:

{""ProviderNumber"": ""10032"", ""HospitalName"": ""wedowee hospital"", ""Address1"": ""209 north main street"", ""Address2"": ""empty"", ""Address3"": ""empty"", ""City"": ""wedowee"", ""State"": ""al"", ""ZipCode"": ""36278"", ""CountyName"": ""randolph"", ""PhoneNumber"": ""2563572111"", ""HospitalType"": ""acute care hospitals"", ""HospitalOwner"": ""government - local"", ""EmergencyService"": ""no"", ""Condition"": ""heart failure"", ""MeasureCode"": ""hf-3"", ""MeasureName"": ""heart failure patients given ace inhibitor or arb for left xentricular systolic dysfunction (lxsd)"", ""Score"": ""25%"", ""Sample"": ""4 patients"", ""Stateavg"": ""al_hf-3"", ""count"": 1}

Take these rows as reference:

{""ProviderNumber"": ""10032"", ""HospitalName"": ""wedowee hospital"", ""Address1"": ""209 north main street"", ""Address2"": ""empty"", ""Address3"": ""empty"", ""City"": ""wedowee"", ""State"": ""al"", ""ZipCode"": ""36278"", ""CountyName"": ""randolph"", ""PhoneNumber"": ""2563572111"", ""HospitalType"": ""acute care hospitals"", ""HospitalOwner"": ""government - local"", ""EmergencyService"": ""no"", ""Condition"": ""surgical infection prevention"", ""MeasureCode"": ""scip-inf-2"", ""MeasureName"": ""surgery patients who were given the  right kind  of antibiotic to help prevent infection"", ""Score"": ""empty"", ""Sample"": ""empty"", ""Stateavg"": ""al_scip-inf-2""}

{""ProviderNumber"": ""10032"", ""HospitalName"": ""wedowee hospital"", ""Address1"": ""209 north main street"", ""Address2"": ""empty"", ""Address3"": ""empty"", ""City"": ""wedowee"", ""State"": ""al"", ""ZipCode"": ""36278"", ""CountyName"": ""randolph"", ""PhoneNumber"": ""2563572111"", ""HospitalType"": ""acute care hospitals"", ""HospitalOwner"": ""government - local"", ""EmergencyService"": ""no"", ""Condition"": ""surgical infection prevention"", ""MeasureCode"": ""scip-inf-3"", ""MeasureName"": ""surgery patients whose preventive antibiotics were stopped at the right time (within 24 hours after surgery)"", ""Score"": ""empty"", ""Sample"": ""empty"", ""Stateavg"": ""al_scip-inf-3""}

",,"{""MeasureName"": ""heart failure patients given ace inhibitor or arb for left ventricular systolic dysfunction (lvsd)""}","  {""MeasureName"": ""heart failure patients given ace inhibitor or arb for left ventricular systolic dysfunction (lvsd)""}"
335,"You are an expert in Cleaning Hospital Dataset. Given the dirty row Entity 1, you are required to correct the values of MeasureName in Entity 1.

Return in json format.

Output Format Example:

{""MeasureName"": """"}

Entity 1:

{""ProviderNumber"": ""10032"", ""HospitalName"": ""wedowee hospital"", ""Address1"": ""209 north main street"", ""Address2"": ""empty"", ""Address3"": ""empty"", ""City"": ""wedowee"", ""State"": ""al"", ""ZipCode"": ""36278"", ""CountyName"": ""randolph"", ""PhoneNumber"": ""2563572111"", ""HospitalType"": ""acute care hospitals"", ""HospitalOwner"": ""government - local"", ""EmergencyService"": ""no"", ""Condition"": ""heart failure"", ""MeasureCode"": ""hf-4"", ""MeasureName"": ""heart faxlure patxents gxven smokxng cessatxon advxce/counselxng"", ""Score"": ""100%"", ""Sample"": ""2 patients"", ""Stateavg"": ""al_hf-4"", ""count"": 1}

Take these rows as reference:

{""ProviderNumber"": ""10032"", ""HospitalName"": ""wedowee hospital"", ""Address1"": ""209 north main street"", ""Address2"": ""empty"", ""Address3"": ""empty"", ""City"": ""wedowee"", ""State"": ""al"", ""ZipCode"": ""36278"", ""CountyName"": ""randolph"", ""PhoneNumber"": ""2563572111"", ""HospitalType"": ""acute care hospitals"", ""HospitalOwner"": ""government - local"", ""EmergencyService"": ""no"", ""Condition"": ""heart failure"", ""MeasureCode"": ""hfx1"", ""MeasureName"": ""heart failure patients given discharge instructions"", ""Score"": ""0%"", ""Sample"": ""34 patients"", ""Stateavg"": ""al_hf-1""}

{""ProviderNumber"": ""10032"", ""HospitalName"": ""wedowee hospital"", ""Address1"": ""209 north main street"", ""Address2"": ""empty"", ""Address3"": ""empty"", ""City"": ""wedowee"", ""State"": ""al"", ""ZipCode"": ""36278"", ""CountyName"": ""randolph"", ""PhoneNumber"": ""2563572111"", ""HospitalType"": ""acute care hospitals"", ""HospitalOwner"": ""government - local"", ""EmergencyService"": ""no"", ""Condition"": ""surgical infection prevention"", ""MeasureCode"": ""scip-inf-1"", ""MeasureName"": ""surgery patients who were given an antibiotic at the right time (within one hour before surgery) to help prevent infection"", ""Score"": ""empty"", ""Sample"": ""empty"", ""Stateavg"": ""al_scip-inf-1""}

",,"{""MeasureName"": ""heart failure patients given smoking cessation advice/counseling""}","  {""MeasureName"": ""heart failure patients given smoking cessation advice/counseling""}"
336,"You are an expert in Cleaning Hospital Dataset. Given the dirty row Entity 1, you are required to correct the values of Address1 in Entity 1.

Return in json format.

Output Format Example:

{""Address1"": """"}

Entity 1:

{""ProviderNumber"": ""10032"", ""HospitalName"": ""wedowee hospital"", ""Address1"": ""209 xorth maix street"", ""Address2"": ""empty"", ""Address3"": ""empty"", ""City"": ""wedowee"", ""State"": ""al"", ""ZipCode"": ""36278"", ""CountyName"": ""randolph"", ""PhoneNumber"": ""2563572111"", ""HospitalType"": ""acute care hospitals"", ""HospitalOwner"": ""government - local"", ""EmergencyService"": ""no"", ""Condition"": ""pneumonia"", ""MeasureCode"": ""pn-2"", ""MeasureName"": ""pneumonia patients assessed and given pneumococcal vaccination"", ""Score"": ""25%"", ""Sample"": ""28 patients"", ""Stateavg"": ""al_pn-2"", ""count"": 1}

Take these rows as reference:

{""ProviderNumber"": ""1xx32"", ""HospitalName"": ""wedowee hospital"", ""Address1"": ""209 north main street"", ""Address2"": ""empty"", ""Address3"": ""empty"", ""City"": ""wedowee"", ""State"": ""al"", ""ZipCode"": ""36278"", ""CountyName"": ""randolph"", ""PhoneNumber"": ""2563572111"", ""HospitalType"": ""acute care hospitals"", ""HospitalOwner"": ""government - local"", ""EmergencyService"": ""no"", ""Condition"": ""pneumonia"", ""MeasureCode"": ""pn-5c"", ""MeasureName"": ""pneumonia patients given initial antibiotic(s) within 6 hours after arrival"", ""Score"": ""90%"", ""Sample"": ""30 patients"", ""Stateavg"": ""al_pn-5c""}

{""ProviderNumber"": ""10032"", ""HospitalName"": ""wedowee hospital"", ""Address1"": ""209 north main street"", ""Address2"": ""empty"", ""Address3"": ""empty"", ""City"": ""wedowee"", ""State"": ""al"", ""ZipCode"": ""36278"", ""CountyName"": ""randolph"", ""PhoneNumber"": ""2563572111"", ""HospitalType"": ""acute care hospitals"", ""HospitalOwner"": ""government - local"", ""EmergencyService"": ""no"", ""Condition"": ""surgical infection prevention"", ""MeasureCode"": ""scip-inf-1"", ""MeasureName"": ""surgery patients who were given an antibiotic at the right time (within one hour before surgery) to help prevent infection"", ""Score"": ""empty"", ""Sample"": ""empty"", ""Stateavg"": ""al_scip-inf-1""}

",,"{""Address1"": ""209 north main street""}","  {""Address1"": ""209 north main street""}"
337,"You are an expert in Cleaning Hospital Dataset. Given the dirty row Entity 1, you are required to correct the values of EmergencyService in Entity 1.

Return in json format.

Output Format Example:

{""EmergencyService"": """"}

Entity 1:

{""ProviderNumber"": ""10032"", ""HospitalName"": ""wedowee hospital"", ""Address1"": ""209 north main street"", ""Address2"": ""empty"", ""Address3"": ""empty"", ""City"": ""wedowee"", ""State"": ""al"", ""ZipCode"": ""36278"", ""CountyName"": ""randolph"", ""PhoneNumber"": ""2563572111"", ""HospitalType"": ""acute care hospitals"", ""HospitalOwner"": ""government - local"", ""EmergencyService"": ""xo"", ""Condition"": ""pneumonia"", ""MeasureCode"": ""pn-3b"", ""MeasureName"": ""pneumonia patients whose initial emergency room blood culture was performed prior to the administration of the first hospital dose of antibiotics"", ""Score"": ""100%"", ""Sample"": ""14 patients"", ""Stateavg"": ""al_pn-3b"", ""count"": 1}

Take these rows as reference:

{""ProviderNumber"": ""10032"", ""HospitalName"": ""wedowee hospital"", ""Address1"": ""209 north main street"", ""Address2"": ""empty"", ""Address3"": ""empty"", ""City"": ""wedowee"", ""State"": ""al"", ""ZipCode"": ""36278"", ""CountyName"": ""randolph"", ""PhoneNumber"": ""2563572111"", ""HospitalType"": ""acute care hospitals"", ""HospitalOwner"": ""government - local"", ""EmergencyService"": ""no"", ""Condition"": ""heart attack"", ""MeasureCode"": ""ami-3"", ""MeasureName"": ""heart attack patients given ace inhibitor or arb for left ventricular systolic dysfunction (lvsd)"", ""Score"": ""empty"", ""Sample"": ""0 patients"", ""Stateavg"": ""al_ami-3""}

{""ProviderNumber"": ""10032"", ""HospitalName"": ""wedowee hospital"", ""Address1"": ""209 north main street"", ""Address2"": ""empty"", ""Address3"": ""empty"", ""City"": ""wedowee"", ""State"": ""al"", ""ZipCode"": ""36278"", ""CountyName"": ""randolph"", ""PhoneNumber"": ""2563572111"", ""HospitalType"": ""acute care hospitals"", ""HospitalOwner"": ""government - local"", ""EmergencyService"": ""no"", ""Condition"": ""pneumonia"", ""MeasureCode"": ""pn-6"", ""MeasureName"": ""pneumonia patients given the most appropriate initial antibiotic(s)"", ""Score"": ""96%"", ""Sample"": ""23 patients"", ""Stateavg"": ""al_pn-6""}

",,"{""EmergencyService"": ""no""}","  {""EmergencyService"": ""no""}"
338,"You are an expert in Cleaning Hospital Dataset. Given the dirty row Entity 1, you are required to correct the values of HospitalName in Entity 1.

Return in json format.

Output Format Example:

{""HospitalName"": """"}

Entity 1:

{""ProviderNumber"": ""10032"", ""HospitalName"": ""wedowee hosxital"", ""Address1"": ""209 north main street"", ""Address2"": ""empty"", ""Address3"": ""empty"", ""City"": ""wxdowxx"", ""State"": ""al"", ""ZipCode"": ""36278"", ""CountyName"": ""randolph"", ""PhoneNumber"": ""2563572111"", ""HospitalType"": ""acute care hospitals"", ""HospitalOwner"": ""government - local"", ""EmergencyService"": ""no"", ""Condition"": ""pneumonia"", ""MeasureCode"": ""pn-4"", ""MeasureName"": ""pneumonia patients given smoking cessation advice/counseling"", ""Score"": ""67%"", ""Sample"": ""6 patients"", ""Stateavg"": ""al_pn-4"", ""count"": 2}

Take these rows as reference:

{""ProviderNumber"": ""10032"", ""HospitalName"": ""wedowee hospital"", ""Address1"": ""209 north main street"", ""Address2"": ""empty"", ""Address3"": ""empty"", ""City"": ""wedowee"", ""State"": ""al"", ""ZipCode"": ""36278"", ""CountyName"": ""randolph"", ""PhoneNumber"": ""2563572111"", ""HospitalType"": ""acute care hospitals"", ""HospitalOwner"": ""government - local"", ""EmergencyService"": ""no"", ""Condition"": ""heart attack"", ""MeasureCode"": ""ami-3"", ""MeasureName"": ""heart attack patients given ace inhibitor or arb for left ventricular systolic dysfunction (lvsd)"", ""Score"": ""empty"", ""Sample"": ""0 patients"", ""Stateavg"": ""al_ami-3""}

{""ProviderNumber"": ""10032"", ""HospitalName"": ""wedowee hospital"", ""Address1"": ""209 north main street"", ""Address2"": ""empty"", ""Address3"": ""empty"", ""City"": ""wedowee"", ""State"": ""al"", ""ZipCode"": ""36278"", ""CountyName"": ""randolph"", ""PhoneNumber"": ""2563572111"", ""HospitalType"": ""acute care hospitals"", ""HospitalOwner"": ""government - local"", ""EmergencyService"": ""no"", ""Condition"": ""heart failure"", ""MeasureCode"": ""hfx1"", ""MeasureName"": ""heart failure patients given discharge instructions"", ""Score"": ""0%"", ""Sample"": ""34 patients"", ""Stateavg"": ""al_hf-1""}

",,"{""HospitalName"": ""wedowee hospital""}","  {""HospitalName"": ""wedowee hospital""}"
339,"You are an expert in Cleaning Hospital Dataset. Given the dirty row Entity 1, you are required to correct the values of City in Entity 1.

Return in json format.

Output Format Example:

{""City"": """"}

Entity 1:

{""ProviderNumber"": ""10032"", ""HospitalName"": ""wedowee hosxital"", ""Address1"": ""209 north main street"", ""Address2"": ""empty"", ""Address3"": ""empty"", ""City"": ""wxdowxx"", ""State"": ""al"", ""ZipCode"": ""36278"", ""CountyName"": ""randolph"", ""PhoneNumber"": ""2563572111"", ""HospitalType"": ""acute care hospitals"", ""HospitalOwner"": ""government - local"", ""EmergencyService"": ""no"", ""Condition"": ""pneumonia"", ""MeasureCode"": ""pn-4"", ""MeasureName"": ""pneumonia patients given smoking cessation advice/counseling"", ""Score"": ""67%"", ""Sample"": ""6 patients"", ""Stateavg"": ""al_pn-4"", ""count"": 2}

Take these rows as reference:

{""ProviderNumber"": ""10032"", ""HospitalName"": ""wedowee hospital"", ""Address1"": ""209 north main street"", ""Address2"": ""empty"", ""Address3"": ""empty"", ""City"": ""wedowee"", ""State"": ""al"", ""ZipCode"": ""36278"", ""CountyName"": ""randolph"", ""PhoneNumber"": ""2563572111"", ""HospitalType"": ""acute care hospitals"", ""HospitalOwner"": ""government - local"", ""EmergencyService"": ""no"", ""Condition"": ""pneumonia"", ""MeasureCode"": ""pn-7"", ""MeasureName"": ""pneumonia patients assessed and given influenza vaccination"", ""Score"": ""12%"", ""Sample"": ""16 patients"", ""Stateavg"": ""al_pn-7""}

{""ProviderNumber"": ""10032"", ""HospitalName"": ""wedowee hospital"", ""Address1"": ""209 north main street"", ""Address2"": ""empty"", ""Address3"": ""empty"", ""City"": ""wedowee"", ""State"": ""al"", ""ZipCode"": ""36278"", ""CountyName"": ""randolph"", ""PhoneNumber"": ""2563572111"", ""HospitalType"": ""acute care hospitals"", ""HospitalOwner"": ""government - local"", ""EmergencyService"": ""no"", ""Condition"": ""surgical infection prevention"", ""MeasureCode"": ""scip-inf-6"", ""MeasureName"": ""surgery patients needing hair removed from the surgical area before surgery who had hair removed using a safer method (electric clippers or hair removal cream c not a razor)"", ""Score"": ""empty"", ""Sample"": ""empty"", ""Stateavg"": ""al_scip-inf-6""}

",,"{""City"": ""wedowee""}","  {""City"": ""wedowee""}"
340,"You are an expert in Cleaning Hospital Dataset. Given the dirty row Entity 1, you are required to correct the values of ProviderNumber in Entity 1.

Return in json format.

Output Format Example:

{""ProviderNumber"": """"}

Entity 1:

{""ProviderNumber"": ""1xx32"", ""HospitalName"": ""wedowee hospital"", ""Address1"": ""209 north main street"", ""Address2"": ""empty"", ""Address3"": ""empty"", ""City"": ""wedowee"", ""State"": ""al"", ""ZipCode"": ""36278"", ""CountyName"": ""randolph"", ""PhoneNumber"": ""2563572111"", ""HospitalType"": ""acute care hospitals"", ""HospitalOwner"": ""government - local"", ""EmergencyService"": ""no"", ""Condition"": ""pneumonia"", ""MeasureCode"": ""pn-5c"", ""MeasureName"": ""pneumonia patients given initial antibiotic(s) within 6 hours after arrival"", ""Score"": ""90%"", ""Sample"": ""30 patients"", ""Stateavg"": ""al_pn-5c"", ""count"": 1}

Take these rows as reference:

{""ProviderNumber"": ""10032"", ""HospitalName"": ""wedowee hospital"", ""Address1"": ""209 north main street"", ""Address2"": ""empty"", ""Address3"": ""empty"", ""City"": ""wedowee"", ""State"": ""al"", ""ZipCode"": ""36278"", ""CountyName"": ""randolph"", ""PhoneNumber"": ""2563572111"", ""HospitalType"": ""acute care hospitals"", ""HospitalOwner"": ""government - local"", ""EmergencyService"": ""no"", ""Condition"": ""pneumonia"", ""MeasureCode"": ""pn-7"", ""MeasureName"": ""pneumonia patients assessed and given influenza vaccination"", ""Score"": ""12%"", ""Sample"": ""16 patients"", ""Stateavg"": ""al_pn-7""}

{""ProviderNumber"": ""10032"", ""HospitalName"": ""wedowee hospital"", ""Address1"": ""209 north main street"", ""Address2"": ""empty"", ""Address3"": ""empty"", ""City"": ""wedowee"", ""State"": ""al"", ""ZipCode"": ""36278"", ""CountyName"": ""randolph"", ""PhoneNumber"": ""2563572111"", ""HospitalType"": ""acute care hospitals"", ""HospitalOwner"": ""government - local"", ""EmergencyService"": ""no"", ""Condition"": ""surgical infection prevention"", ""MeasureCode"": ""scip-card-2"", ""MeasureName"": ""surgery patients who were taking heart drugs called beta blockers before coming to the hospital who were kept on the beta blockers during the period just before and after their surgery"", ""Score"": ""empty"", ""Sample"": ""empty"", ""Stateavg"": ""al_scip-card-2""}

",,"{""ProviderNumber"": ""10032""}","  {""ProviderNumber"": ""10032""}"
341,"You are an expert in Cleaning Hospital Dataset. Given the dirty row Entity 1, you are required to correct the values of PhoneNumber in Entity 1.

Return in json format.

Output Format Example:

{""PhoneNumber"": """"}

Entity 1:

{""ProviderNumber"": ""10033"", ""HospitalName"": ""university of alabama hospital"", ""Address1"": ""619 south 19th street"", ""Address2"": ""empty"", ""Address3"": ""empty"", ""City"": ""birmingham"", ""State"": ""al"", ""ZipCode"": ""35233"", ""CountyName"": ""jefferson"", ""PhoneNumber"": ""20593xx011"", ""HospitalType"": ""acute care hospitals"", ""HospitalOwner"": ""government - state"", ""EmergencyService"": ""yes"", ""Condition"": ""heart attack"", ""MeasureCode"": ""ami-1"", ""MeasureName"": ""heart attack patients given aspirin at arrival"", ""Score"": ""98%"", ""Sample"": ""229 patients"", ""Stateavg"": ""al_ami-1"", ""count"": 1}

Take these rows as reference:

{""ProviderNumber"": ""10033"", ""HospitalName"": ""university of alabama hospital"", ""Address1"": ""619 south 19th street"", ""Address2"": ""empty"", ""Address3"": ""empty"", ""City"": ""birmingham"", ""State"": ""al"", ""ZipCode"": ""35233"", ""CountyName"": ""jefferson"", ""PhoneNumber"": ""2059344011"", ""HospitalType"": ""acute care hospitals"", ""HospitalOwner"": ""government - state"", ""EmergencyService"": ""yes"", ""Condition"": ""heart attack"", ""MeasureCode"": ""ami-5"", ""MeasureName"": ""heart attack patients given beta blocker at discharge"", ""Score"": ""97%"", ""Sample"": ""331 patients"", ""Stateavg"": ""al_ami-5""}

{""ProviderNumber"": ""10033"", ""HospitalName"": ""university of alabama hospital"", ""Address1"": ""619 south 19th street"", ""Address2"": ""empty"", ""Address3"": ""empty"", ""City"": ""birmingham"", ""State"": ""al"", ""ZipCode"": ""35233"", ""CountyName"": ""jefferson"", ""PhoneNumber"": ""2059344011"", ""HospitalType"": ""acute care hospitals"", ""HospitalOwner"": ""government - state"", ""EmergencyService"": ""yes"", ""Condition"": ""surgical infection prevention"", ""MeasureCode"": ""scip-inf-4"", ""MeasureName"": ""all heart surgery patients whose blood sugar (blood glucose) is kept under good control in the days right after surgery"", ""Score"": ""76%"", ""Sample"": ""140 patients"", ""Stateavg"": ""al_scip-inf-4""}

",,"{""PhoneNumber"": ""2059344011""}","  {""PhoneNumber"": ""2059344011""}"
342,"You are an expert in Cleaning Hospital Dataset. Given the dirty row Entity 1, you are required to correct the values of Sample in Entity 1.

Return in json format.

Output Format Example:

{""Sample"": """"}

Entity 1:

{""ProviderNumber"": ""10033"", ""HospitalName"": ""university of alabama hospital"", ""Address1"": ""619 south 19th street"", ""Address2"": ""empty"", ""Address3"": ""empty"", ""City"": ""birmingham"", ""State"": ""al"", ""ZipCode"": ""35233"", ""CountyName"": ""jefferson"", ""PhoneNumber"": ""2059344011"", ""HospitalType"": ""acute care hospitals"", ""HospitalOwner"": ""government - state"", ""EmergencyService"": ""yes"", ""Condition"": ""heart attack"", ""MeasureCode"": ""ami-3"", ""MeasureName"": ""heart attack patients given ace inhibitor or arb for left ventricular systolic dysfunction (lvsd)"", ""Score"": ""91%"", ""Sample"": ""87 paxienxs"", ""Stateavg"": ""al_ami-3"", ""count"": 1}

Take these rows as reference:

{""ProviderNumber"": ""10033"", ""HospitalName"": ""university of alabama hospital"", ""Address1"": ""619 south 19th street"", ""Address2"": ""empty"", ""Address3"": ""empty"", ""City"": ""birmingham"", ""State"": ""al"", ""ZipCode"": ""35233"", ""CountyName"": ""jefferson"", ""PhoneNumber"": ""2059344011"", ""HospitalType"": ""acute care hospitals"", ""HospitalOwner"": ""government - state"", ""EmergencyService"": ""yes"", ""Condition"": ""heart attack"", ""MeasureCode"": ""ami-3"", ""MeasureName"": ""heart attack patients given ace inhibitor or arb for left ventricular systolic dysfunction (lvsd)"", ""Score"": ""91%"", ""Sample"": ""87 paxienxs"", ""Stateavg"": ""al_ami-3""}

{""ProviderNumber"": ""10033"", ""HospitalName"": ""university of alabama hospital"", ""Address1"": ""619 south 19th street"", ""Address2"": ""empty"", ""Address3"": ""empty"", ""City"": ""birmingham"", ""State"": ""al"", ""ZipCode"": ""35233"", ""CountyName"": ""jefferson"", ""PhoneNumber"": ""2059344011"", ""HospitalType"": ""acute care hospitals"", ""HospitalOwner"": ""government - state"", ""EmergencyService"": ""yes"", ""Condition"": ""pneumonia"", ""MeasureCode"": ""pn-7"", ""MeasureName"": ""pneumonia patients assessed and given influenza vaccination"", ""Score"": ""79%"", ""Sample"": ""242 patients"", ""Stateavg"": ""al_pn-7""}

",,"{""Sample"": ""87 patients""}","  {""Sample"": ""87 patients""}"
343,"You are an expert in Cleaning Hospital Dataset. Given the dirty row Entity 1, you are required to correct the values of CountyName in Entity 1.

Return in json format.

Output Format Example:

{""CountyName"": """"}

Entity 1:

{""ProviderNumber"": ""10033"", ""HospitalName"": ""university of alabama hospital"", ""Address1"": ""619 south 19th street"", ""Address2"": ""empty"", ""Address3"": ""empty"", ""City"": ""birmingham"", ""State"": ""al"", ""ZipCode"": ""35233"", ""CountyName"": ""jxffxrson"", ""PhoneNumber"": ""2059344011"", ""HospitalType"": ""acute care hospitals"", ""HospitalOwner"": ""government - state"", ""EmergencyService"": ""yes"", ""Condition"": ""heart attack"", ""MeasureCode"": ""ami-8a"", ""MeasureName"": ""heartxattackxpatientsxgivenxpcixwithinx90xminutesxofxarrival"", ""Score"": ""98%"", ""Sample"": ""47 patients"", ""Stateavg"": ""al_ami-8a"", ""count"": 2}

Take these rows as reference:

{""ProviderNumber"": ""10033"", ""HospitalName"": ""university of alabama hospital"", ""Address1"": ""619 south 19th street"", ""Address2"": ""empty"", ""Address3"": ""empty"", ""City"": ""birmingham"", ""State"": ""al"", ""ZipCode"": ""35233"", ""CountyName"": ""jefferson"", ""PhoneNumber"": ""2059344011"", ""HospitalType"": ""acute care hospitals"", ""HospitalOwner"": ""government - state"", ""EmergencyService"": ""yes"", ""Condition"": ""heart attack"", ""MeasureCode"": ""ami-4"", ""MeasureName"": ""heart attack patients given smoking cessation advice/counseling"", ""Score"": ""100%"", ""Sample"": ""147 patients"", ""Stateavg"": ""al_ami-4""}

{""ProviderNumber"": ""10033"", ""HospitalName"": ""university of alabama hospital"", ""Address1"": ""619 south 19th street"", ""Address2"": ""empty"", ""Address3"": ""empty"", ""City"": ""birmingham"", ""State"": ""al"", ""ZipCode"": ""35233"", ""CountyName"": ""jefferson"", ""PhoneNumber"": ""2059344011"", ""HospitalType"": ""acute care hospitals"", ""HospitalOwner"": ""government - state"", ""EmergencyService"": ""yes"", ""Condition"": ""pneumonia"", ""MeasureCode"": ""pn-5c"", ""MeasureName"": ""pneumonia patients given initial antibiotic(s) within 6 hours after arrival"", ""Score"": ""92%"", ""Sample"": ""357 patients"", ""Stateavg"": ""al_pn-5c""}

",,"{""CountyName"": ""jefferson""}","  {""CountyName"": ""jefferson""}"
344,"You are an expert in Cleaning Hospital Dataset. Given the dirty row Entity 1, you are required to correct the values of MeasureName in Entity 1.

Return in json format.

Output Format Example:

{""MeasureName"": """"}

Entity 1:

{""ProviderNumber"": ""10033"", ""HospitalName"": ""university of alabama hospital"", ""Address1"": ""619 south 19th street"", ""Address2"": ""empty"", ""Address3"": ""empty"", ""City"": ""birmingham"", ""State"": ""al"", ""ZipCode"": ""35233"", ""CountyName"": ""jxffxrson"", ""PhoneNumber"": ""2059344011"", ""HospitalType"": ""acute care hospitals"", ""HospitalOwner"": ""government - state"", ""EmergencyService"": ""yes"", ""Condition"": ""heart attack"", ""MeasureCode"": ""ami-8a"", ""MeasureName"": ""heartxattackxpatientsxgivenxpcixwithinx90xminutesxofxarrival"", ""Score"": ""98%"", ""Sample"": ""47 patients"", ""Stateavg"": ""al_ami-8a"", ""count"": 2}

Take these rows as reference:

{""ProviderNumber"": ""10033"", ""HospitalName"": ""university of alabama hospital"", ""Address1"": ""619 south 19th street"", ""Address2"": ""empty"", ""Address3"": ""empty"", ""City"": ""birmingham"", ""State"": ""al"", ""ZipCode"": ""35233"", ""CountyName"": ""jefferson"", ""PhoneNumber"": ""2059344011"", ""HospitalType"": ""acute care hospitals"", ""HospitalOwner"": ""government - state"", ""EmergencyService"": ""yes"", ""Condition"": ""surgical infection prevention"", ""MeasureCode"": ""scip-inf-4"", ""MeasureName"": ""all heart surgery patients whose blood sugar (blood glucose) is kept under good control in the days right after surgery"", ""Score"": ""76%"", ""Sample"": ""140 patients"", ""Stateavg"": ""al_scip-inf-4""}

{""ProviderNumber"": ""10033"", ""HospitalName"": ""university of alabama hospital"", ""Address1"": ""619 south 19th street"", ""Address2"": ""empty"", ""Address3"": ""empty"", ""City"": ""birmingham"", ""State"": ""al"", ""ZipCode"": ""35233"", ""CountyName"": ""jefferson"", ""PhoneNumber"": ""2059344011"", ""HospitalType"": ""acute care hospitals"", ""HospitalOwner"": ""government - state"", ""EmergencyService"": ""yes"", ""Condition"": ""surgical infection prevention"", ""MeasureCode"": ""scip-card-2"", ""MeasureName"": ""surgery patients who were taking heart drugs called beta blockers before coming to the hospital who were kept on the beta blockers during the period just before and after their surgery"", ""Score"": ""69%"", ""Sample"": ""94 patients"", ""Stateavg"": ""al_scip-card-2""}

",,"{""MeasureName"": ""heart attack patients given pci within 90 minutes of arrival""}","  {""MeasureName"": ""heart attack patients given pci within 90 minutes of arrival""}"
345,"You are an expert in Cleaning Hospital Dataset. Given the dirty row Entity 1, you are required to correct the values of MeasureCode in Entity 1.

Return in json format.

Output Format Example:

{""MeasureCode"": """"}

Entity 1:

{""ProviderNumber"": ""10033"", ""HospitalName"": ""university of alabama hospital"", ""Address1"": ""619 south 19th street"", ""Address2"": ""empty"", ""Address3"": ""empty"", ""City"": ""birmingham"", ""State"": ""al"", ""ZipCode"": ""35233"", ""CountyName"": ""jefferson"", ""PhoneNumber"": ""2059344011"", ""HospitalType"": ""acute care hospitals"", ""HospitalOwner"": ""government - state"", ""EmergencyService"": ""yes"", ""Condition"": ""heart failure"", ""MeasureCode"": ""xf-1"", ""MeasureName"": ""heart failure patients given discharge instructions"", ""Score"": ""46%"", ""Sample"": ""618 xatients"", ""Stateavg"": ""al_hf-1"", ""count"": 2}

Take these rows as reference:

{""ProviderNumber"": ""10033"", ""HospitalName"": ""university of alabama hospital"", ""Address1"": ""619 south 19th street"", ""Address2"": ""empty"", ""Address3"": ""empty"", ""City"": ""birmingham"", ""State"": ""al"", ""ZipCode"": ""35233"", ""CountyName"": ""jefferson"", ""PhoneNumber"": ""2059344011"", ""HospitalType"": ""acute care hospitals"", ""HospitalOwner"": ""government - state"", ""EmergencyService"": ""yes"", ""Condition"": ""pneumonia"", ""MeasureCode"": ""pn-7"", ""MeasureName"": ""pneumonia patients assessed and given influenza vaccination"", ""Score"": ""79%"", ""Sample"": ""242 patients"", ""Stateavg"": ""al_pn-7""}

{""ProviderNumber"": ""10033"", ""HospitalName"": ""university of alabama hospital"", ""Address1"": ""619 south 19th street"", ""Address2"": ""empty"", ""Address3"": ""empty"", ""City"": ""birmingham"", ""State"": ""al"", ""ZipCode"": ""35233"", ""CountyName"": ""jefferson"", ""PhoneNumber"": ""2059344011"", ""HospitalType"": ""acute care hospitals"", ""HospitalOwner"": ""government - state"", ""EmergencyService"": ""yes"", ""Condition"": ""heart attack"", ""MeasureCode"": ""ami-3"", ""MeasureName"": ""heart attack patients given ace inhibitor or arb for left ventricular systolic dysfunction (lvsd)"", ""Score"": ""91%"", ""Sample"": ""87 paxienxs"", ""Stateavg"": ""al_ami-3""}

",,"{""MeasureCode"": ""hf-1""}","  {""MeasureCode"": ""hf-1""}"
346,"You are an expert in Cleaning Hospital Dataset. Given the dirty row Entity 1, you are required to correct the values of Sample in Entity 1.

Return in json format.

Output Format Example:

{""Sample"": """"}

Entity 1:

{""ProviderNumber"": ""10033"", ""HospitalName"": ""university of alabama hospital"", ""Address1"": ""619 south 19th street"", ""Address2"": ""empty"", ""Address3"": ""empty"", ""City"": ""birmingham"", ""State"": ""al"", ""ZipCode"": ""35233"", ""CountyName"": ""jefferson"", ""PhoneNumber"": ""2059344011"", ""HospitalType"": ""acute care hospitals"", ""HospitalOwner"": ""government - state"", ""EmergencyService"": ""yes"", ""Condition"": ""heart failure"", ""MeasureCode"": ""xf-1"", ""MeasureName"": ""heart failure patients given discharge instructions"", ""Score"": ""46%"", ""Sample"": ""618 xatients"", ""Stateavg"": ""al_hf-1"", ""count"": 2}

Take these rows as reference:

{""ProviderNumber"": ""10033"", ""HospitalName"": ""university of alabama hospital"", ""Address1"": ""619 south 19th street"", ""Address2"": ""empty"", ""Address3"": ""empty"", ""City"": ""birmingham"", ""State"": ""al"", ""ZipCode"": ""35233"", ""CountyName"": ""jefferson"", ""PhoneNumber"": ""2059344011"", ""HospitalType"": ""acute care hospitals"", ""HospitalOwner"": ""government - state"", ""EmergencyService"": ""yes"", ""Condition"": ""pneumonia"", ""MeasureCode"": ""pn-6"", ""MeasureName"": ""pneumonia patients given the most appropriate initial antibiotic(s)"", ""Score"": ""85%"", ""Sample"": ""155 patients"", ""Stateavg"": ""al_pn-6""}

{""ProviderNumber"": ""10033"", ""HospitalName"": ""university of alabama hospital"", ""Address1"": ""619 south 19th street"", ""Address2"": ""empty"", ""Address3"": ""empty"", ""City"": ""birmingham"", ""State"": ""al"", ""ZipCode"": ""35233"", ""CountyName"": ""jefferson"", ""PhoneNumber"": ""2059344011"", ""HospitalType"": ""acute care hospitals"", ""HospitalOwner"": ""government - state"", ""EmergencyService"": ""yes"", ""Condition"": ""heart failure"", ""MeasureCode"": ""hfx4"", ""MeasureName"": ""heart failure patients given smoking cessation advice/counseling"", ""Score"": ""100%"", ""Sample"": ""130 patients"", ""Stateavg"": ""al_hf-4""}

",,"{""Sample"": ""618 patients""}","  {""Sample"": ""618 patients""}"
347,"You are an expert in Cleaning Hospital Dataset. Given the dirty row Entity 1, you are required to correct the values of EmergencyService in Entity 1.

Return in json format.

Output Format Example:

{""EmergencyService"": """"}

Entity 1:

{""ProviderNumber"": ""10033"", ""HospitalName"": ""university of alabama hospital"", ""Address1"": ""619 south 19th street"", ""Address2"": ""empty"", ""Address3"": ""empty"", ""City"": ""birmingham"", ""State"": ""al"", ""ZipCode"": ""35233"", ""CountyName"": ""jefferson"", ""PhoneNumber"": ""2059344011"", ""HospitalType"": ""acute care hospitals"", ""HospitalOwner"": ""government - state"", ""EmergencyService"": ""yex"", ""Condition"": ""heart failure"", ""MeasureCode"": ""hf-2"", ""MeasureName"": ""heart failure patients given an evaluation of left ventricular systolic (lvs) function"", ""Score"": ""96%"", ""Sample"": ""681 patients"", ""Stateavg"": ""al_hf-2"", ""count"": 1}

Take these rows as reference:

{""ProviderNumber"": ""10033"", ""HospitalName"": ""university of alabama hospital"", ""Address1"": ""619 south 19th street"", ""Address2"": ""empty"", ""Address3"": ""empty"", ""City"": ""birmingham"", ""State"": ""al"", ""ZipCode"": ""35233"", ""CountyName"": ""jefferson"", ""PhoneNumber"": ""2059344011"", ""HospitalType"": ""acute care hospitals"", ""HospitalOwner"": ""government - state"", ""EmergencyService"": ""yes"", ""Condition"": ""heart failure"", ""MeasureCode"": ""hfx4"", ""MeasureName"": ""heart failure patients given smoking cessation advice/counseling"", ""Score"": ""100%"", ""Sample"": ""130 patients"", ""Stateavg"": ""al_hf-4""}

{""ProviderNumber"": ""10033"", ""HospitalName"": ""university of alabama hospital"", ""Address1"": ""619 south 19th street"", ""Address2"": ""empty"", ""Address3"": ""empty"", ""City"": ""birmingham"", ""State"": ""al"", ""ZipCode"": ""35233"", ""CountyName"": ""jefferson"", ""PhoneNumber"": ""2059344011"", ""HospitalType"": ""acute care hospitals"", ""HospitalOwner"": ""government - state"", ""EmergencyService"": ""yes"", ""Condition"": ""heart attack"", ""MeasureCode"": ""ami-3"", ""MeasureName"": ""heart attack patients given ace inhibitor or arb for left ventricular systolic dysfunction (lvsd)"", ""Score"": ""91%"", ""Sample"": ""87 paxienxs"", ""Stateavg"": ""al_ami-3""}

",,"{""EmergencyService"": ""yes""}","  {""EmergencyService"": ""yes""}"
348,"You are an expert in Cleaning Hospital Dataset. Given the dirty row Entity 1, you are required to correct the values of MeasureCode in Entity 1.

Return in json format.

Output Format Example:

{""MeasureCode"": """"}

Entity 1:

{""ProviderNumber"": ""10033"", ""HospitalName"": ""university of alabama hospital"", ""Address1"": ""619 south 19th street"", ""Address2"": ""empty"", ""Address3"": ""empty"", ""City"": ""birmingham"", ""State"": ""al"", ""ZipCode"": ""35233"", ""CountyName"": ""jefferson"", ""PhoneNumber"": ""2059344011"", ""HospitalType"": ""acute care hospitals"", ""HospitalOwner"": ""government - state"", ""EmergencyService"": ""yes"", ""Condition"": ""heart failure"", ""MeasureCode"": ""hfx4"", ""MeasureName"": ""heart failure patients given smoking cessation advice/counseling"", ""Score"": ""100%"", ""Sample"": ""130 patients"", ""Stateavg"": ""al_hf-4"", ""count"": 1}

Take these rows as reference:

{""ProviderNumber"": ""10033"", ""HospitalName"": ""university of alabama hospital"", ""Address1"": ""619 south 19th street"", ""Address2"": ""empty"", ""Address3"": ""empty"", ""City"": ""birmingham"", ""State"": ""al"", ""ZipCode"": ""35233"", ""CountyName"": ""jefferson"", ""PhoneNumber"": ""20593xx011"", ""HospitalType"": ""acute care hospitals"", ""HospitalOwner"": ""government - state"", ""EmergencyService"": ""yes"", ""Condition"": ""heart attack"", ""MeasureCode"": ""ami-1"", ""MeasureName"": ""heart attack patients given aspirin at arrival"", ""Score"": ""98%"", ""Sample"": ""229 patients"", ""Stateavg"": ""al_ami-1""}

{""ProviderNumber"": ""10033"", ""HospitalName"": ""university of alabama hospital"", ""Address1"": ""619 south 19th street"", ""Address2"": ""empty"", ""Address3"": ""empty"", ""City"": ""birmingham"", ""State"": ""al"", ""ZipCode"": ""35233"", ""CountyName"": ""jefferson"", ""PhoneNumber"": ""2059344011"", ""HospitalType"": ""acute care hospitals"", ""HospitalOwner"": ""government - state"", ""EmergencyService"": ""yes"", ""Condition"": ""heart attack"", ""MeasureCode"": ""ami-3"", ""MeasureName"": ""heart attack patients given ace inhibitor or arb for left ventricular systolic dysfunction (lvsd)"", ""Score"": ""91%"", ""Sample"": ""87 paxienxs"", ""Stateavg"": ""al_ami-3""}

",,"{""MeasureCode"": ""hf-4""}","  {""MeasureCode"": ""hf-4""}"
349,"You are an expert in Cleaning Hospital Dataset. Given the dirty row Entity 1, you are required to correct the values of Stateavg in Entity 1.

Return in json format.

Output Format Example:

{""Stateavg"": """"}

Entity 1:

{""ProviderNumber"": ""10033"", ""HospitalName"": ""university of alabama hospital"", ""Address1"": ""619 south 19th street"", ""Address2"": ""empty"", ""Address3"": ""empty"", ""City"": ""birmingham"", ""State"": ""al"", ""ZipCode"": ""35233"", ""CountyName"": ""jefferson"", ""PhoneNumber"": ""2059344011"", ""HospitalType"": ""acute care hospitals"", ""HospitalOwner"": ""government - state"", ""EmergencyService"": ""yes"", ""Condition"": ""pneumonia"", ""MeasureCode"": ""pn-3b"", ""MeasureName"": ""pneumonia patients whose initial emergency room blood culture was performed prior to the administration of the first hospital dose of antibiotics"", ""Score"": ""92%"", ""Sample"": ""378 patients"", ""Stateavg"": ""alxpn-3b"", ""count"": 1}

Take these rows as reference:

{""ProviderNumber"": ""10033"", ""HospitalName"": ""university of alabama hospital"", ""Address1"": ""619 south 19th street"", ""Address2"": ""empty"", ""Address3"": ""empty"", ""City"": ""birmingham"", ""State"": ""al"", ""ZipCode"": ""x52xx"", ""CountyName"": ""jefferson"", ""PhoneNumber"": ""2059344011"", ""HospitalType"": ""acute care hospitals"", ""HospitalOwner"": ""government - state"", ""EmergencyService"": ""yes"", ""Condition"": ""surgical infection prevention"", ""MeasureCode"": ""scip-inf-2"", ""MeasureName"": ""surgery patients who were given the  right kind  of antibiotic to help prevent infection"", ""Score"": ""95%"", ""Sample"": ""350 patients"", ""Stateavg"": ""al_scip-inf-2""}

{""ProviderNumber"": ""10033"", ""HospitalName"": ""university of alabama hospital"", ""Address1"": ""619 south 19th street"", ""Address2"": ""empty"", ""Address3"": ""empty"", ""City"": ""birmingham"", ""State"": ""al"", ""ZipCode"": ""35233"", ""CountyName"": ""jefferson"", ""PhoneNumber"": ""2059344011"", ""HospitalType"": ""acute care hospitals"", ""HospitalOwner"": ""government - state"", ""EmergencyService"": ""yes"", ""Condition"": ""heart attack"", ""MeasureCode"": ""ami-3"", ""MeasureName"": ""heart attack patients given ace inhibitor or arb for left ventricular systolic dysfunction (lvsd)"", ""Score"": ""91%"", ""Sample"": ""87 paxienxs"", ""Stateavg"": ""al_ami-3""}

",,"{""Stateavg"": ""al_pn-3b""}","  {""Stateavg"": ""al_pn-3b""}"
350,"You are an expert in Cleaning Hospital Dataset. Given the dirty row Entity 1, you are required to correct the values of ZipCode in Entity 1.

Return in json format.

Output Format Example:

{""ZipCode"": """"}

Entity 1:

{""ProviderNumber"": ""10033"", ""HospitalName"": ""university of alabama hospital"", ""Address1"": ""619 south 19th street"", ""Address2"": ""empty"", ""Address3"": ""empty"", ""City"": ""birmingham"", ""State"": ""al"", ""ZipCode"": ""3x233"", ""CountyName"": ""jefferson"", ""PhoneNumber"": ""2059344011"", ""HospitalType"": ""acute care hospitals"", ""HospitalOwner"": ""government - state"", ""EmergencyService"": ""yes"", ""Condition"": ""xneumonia"", ""MeasureCode"": ""pn-4"", ""MeasureName"": ""pneumonia patients given smoking cessation advice/counseling"", ""Score"": ""100%"", ""Sample"": ""169 patients"", ""Stateavg"": ""al_pn-4"", ""count"": 2}

Take these rows as reference:

{""ProviderNumber"": ""10033"", ""HospitalName"": ""university of alabama hospital"", ""Address1"": ""619 south 19th street"", ""Address2"": ""empty"", ""Address3"": ""empty"", ""City"": ""birmingham"", ""State"": ""al"", ""ZipCode"": ""35233"", ""CountyName"": ""jefferson"", ""PhoneNumber"": ""2059344011"", ""HospitalType"": ""acute care hospitals"", ""HospitalOwner"": ""government - state"", ""EmergencyService"": ""yes"", ""Condition"": ""pneumonia"", ""MeasureCode"": ""pn-6"", ""MeasureName"": ""pneumonia patients given the most appropriate initial antibiotic(s)"", ""Score"": ""85%"", ""Sample"": ""155 patients"", ""Stateavg"": ""al_pn-6""}

{""ProviderNumber"": ""10033"", ""HospitalName"": ""university of alabama hospital"", ""Address1"": ""619 south 19th street"", ""Address2"": ""empty"", ""Address3"": ""empty"", ""City"": ""birmingham"", ""State"": ""al"", ""ZipCode"": ""35233"", ""CountyName"": ""jefferson"", ""PhoneNumber"": ""2059344011"", ""HospitalType"": ""acute care hospitals"", ""HospitalOwner"": ""government - state"", ""EmergencyService"": ""yex"", ""Condition"": ""heart failure"", ""MeasureCode"": ""hf-2"", ""MeasureName"": ""heart failure patients given an evaluation of left ventricular systolic (lvs) function"", ""Score"": ""96%"", ""Sample"": ""681 patients"", ""Stateavg"": ""al_hf-2""}

",,"{""ZipCode"": ""35233""}","  {""ZipCode"": ""35233""}"
351,"You are an expert in Cleaning Hospital Dataset. Given the dirty row Entity 1, you are required to correct the values of Condition in Entity 1.

Return in json format.

Output Format Example:

{""Condition"": """"}

Entity 1:

{""ProviderNumber"": ""10033"", ""HospitalName"": ""university of alabama hospital"", ""Address1"": ""619 south 19th street"", ""Address2"": ""empty"", ""Address3"": ""empty"", ""City"": ""birmingham"", ""State"": ""al"", ""ZipCode"": ""3x233"", ""CountyName"": ""jefferson"", ""PhoneNumber"": ""2059344011"", ""HospitalType"": ""acute care hospitals"", ""HospitalOwner"": ""government - state"", ""EmergencyService"": ""yes"", ""Condition"": ""xneumonia"", ""MeasureCode"": ""pn-4"", ""MeasureName"": ""pneumonia patients given smoking cessation advice/counseling"", ""Score"": ""100%"", ""Sample"": ""169 patients"", ""Stateavg"": ""al_pn-4"", ""count"": 2}

Take these rows as reference:

{""ProviderNumber"": ""10033"", ""HospitalName"": ""university of alabama hospital"", ""Address1"": ""619 south 19th street"", ""Address2"": ""empty"", ""Address3"": ""empty"", ""City"": ""birmingham"", ""State"": ""al"", ""ZipCode"": ""35233"", ""CountyName"": ""jefferson"", ""PhoneNumber"": ""2059344011"", ""HospitalType"": ""acute care hospitals"", ""HospitalOwner"": ""government - state"", ""EmergencyService"": ""yes"", ""Condition"": ""surgical infection prevention"", ""MeasureCode"": ""scip-inf-4"", ""MeasureName"": ""all heart surgery patients whose blood sugar (blood glucose) is kept under good control in the days right after surgery"", ""Score"": ""76%"", ""Sample"": ""140 patients"", ""Stateavg"": ""al_scip-inf-4""}

{""ProviderNumber"": ""10033"", ""HospitalName"": ""university of alabama hospital"", ""Address1"": ""619 south 19th street"", ""Address2"": ""empty"", ""Address3"": ""empty"", ""City"": ""birmingham"", ""State"": ""al"", ""ZipCode"": ""35233"", ""CountyName"": ""jefferson"", ""PhoneNumber"": ""2059344011"", ""HospitalType"": ""acute care hospitals"", ""HospitalOwner"": ""government - state"", ""EmergencyService"": ""yes"", ""Condition"": ""heart attack"", ""MeasureCode"": ""ami-3"", ""MeasureName"": ""heart attack patients given ace inhibitor or arb for left ventricular systolic dysfunction (lvsd)"", ""Score"": ""91%"", ""Sample"": ""87 paxienxs"", ""Stateavg"": ""al_ami-3""}

",,"{""Condition"": ""pneumonia""}","  {""Condition"": ""pneumonia""}"
352,"You are an expert in Cleaning Hospital Dataset. Given the dirty row Entity 1, you are required to correct the values of ZipCode in Entity 1.

Return in json format.

Output Format Example:

{""ZipCode"": """"}

Entity 1:

{""ProviderNumber"": ""10033"", ""HospitalName"": ""university of alabama hospital"", ""Address1"": ""619 south 19th street"", ""Address2"": ""empty"", ""Address3"": ""empty"", ""City"": ""birmingham"", ""State"": ""al"", ""ZipCode"": ""x52xx"", ""CountyName"": ""jefferson"", ""PhoneNumber"": ""2059344011"", ""HospitalType"": ""acute care hospitals"", ""HospitalOwner"": ""government - state"", ""EmergencyService"": ""yes"", ""Condition"": ""surgical infection prevention"", ""MeasureCode"": ""scip-inf-2"", ""MeasureName"": ""surgery patients who were given the  right kind  of antibiotic to help prevent infection"", ""Score"": ""95%"", ""Sample"": ""350 patients"", ""Stateavg"": ""al_scip-inf-2"", ""count"": 1}

Take these rows as reference:

{""ProviderNumber"": ""10033"", ""HospitalName"": ""university of alabama hospital"", ""Address1"": ""619 south 19th street"", ""Address2"": ""empty"", ""Address3"": ""empty"", ""City"": ""birmingham"", ""State"": ""al"", ""ZipCode"": ""35233"", ""CountyName"": ""jefferson"", ""PhoneNumber"": ""20593xx011"", ""HospitalType"": ""acute care hospitals"", ""HospitalOwner"": ""government - state"", ""EmergencyService"": ""yes"", ""Condition"": ""heart attack"", ""MeasureCode"": ""ami-1"", ""MeasureName"": ""heart attack patients given aspirin at arrival"", ""Score"": ""98%"", ""Sample"": ""229 patients"", ""Stateavg"": ""al_ami-1""}

{""ProviderNumber"": ""10033"", ""HospitalName"": ""university of alabama hospital"", ""Address1"": ""619 south 19th street"", ""Address2"": ""empty"", ""Address3"": ""empty"", ""City"": ""birmingham"", ""State"": ""al"", ""ZipCode"": ""35233"", ""CountyName"": ""jefferson"", ""PhoneNumber"": ""2059344011"", ""HospitalType"": ""acute care hospitals"", ""HospitalOwner"": ""government - state"", ""EmergencyService"": ""yes"", ""Condition"": ""heart attack"", ""MeasureCode"": ""ami-4"", ""MeasureName"": ""heart attack patients given smoking cessation advice/counseling"", ""Score"": ""100%"", ""Sample"": ""147 patients"", ""Stateavg"": ""al_ami-4""}

",,"{""ZipCode"": ""35233""}","  {""ZipCode"": ""35233""}"
353,"You are an expert in Cleaning Hospital Dataset. Given the dirty row Entity 1, you are required to correct the values of CountyName in Entity 1.

Return in json format.

Output Format Example:

{""CountyName"": """"}

Entity 1:

{""ProviderNumber"": ""10033"", ""HospitalName"": ""university of alabama hospital"", ""Address1"": ""619 south 19th street"", ""Address2"": ""empty"", ""Address3"": ""empty"", ""City"": ""birmingham"", ""State"": ""al"", ""ZipCode"": ""35233"", ""CountyName"": ""jexxerson"", ""PhoneNumber"": ""2059344011"", ""HospitalType"": ""acute care hospitals"", ""HospitalOwner"": ""government - state"", ""EmergencyService"": ""yes"", ""Condition"": ""surgical infection prevention"", ""MeasureCode"": ""scip-vte-1"", ""MeasureName"": ""surgery patients whose doctors ordered treatments to prevent blood clots after certain types of surgeries"", ""Score"": ""79%"", ""Sample"": ""230 patients"", ""Stateavg"": ""al_scip-vte-1"", ""count"": 1}

Take these rows as reference:

{""ProviderNumber"": ""10033"", ""HospitalName"": ""university of alabama hospital"", ""Address1"": ""619 south 19th street"", ""Address2"": ""empty"", ""Address3"": ""empty"", ""City"": ""birmingham"", ""State"": ""al"", ""ZipCode"": ""35233"", ""CountyName"": ""jefferson"", ""PhoneNumber"": ""2059344011"", ""HospitalType"": ""acute care hospitals"", ""HospitalOwner"": ""government - state"", ""EmergencyService"": ""yes"", ""Condition"": ""pneumonia"", ""MeasureCode"": ""pn-6"", ""MeasureName"": ""pneumonia patients given the most appropriate initial antibiotic(s)"", ""Score"": ""85%"", ""Sample"": ""155 patients"", ""Stateavg"": ""al_pn-6""}

{""ProviderNumber"": ""10033"", ""HospitalName"": ""university of alabama hospital"", ""Address1"": ""619 south 19th street"", ""Address2"": ""empty"", ""Address3"": ""empty"", ""City"": ""birmingham"", ""State"": ""al"", ""ZipCode"": ""35233"", ""CountyName"": ""jefferson"", ""PhoneNumber"": ""2059344011"", ""HospitalType"": ""acute care hospitals"", ""HospitalOwner"": ""government - state"", ""EmergencyService"": ""yes"", ""Condition"": ""pneumonia"", ""MeasureCode"": ""pn-7"", ""MeasureName"": ""pneumonia patients assessed and given influenza vaccination"", ""Score"": ""79%"", ""Sample"": ""242 patients"", ""Stateavg"": ""al_pn-7""}

",,"{""CountyName"": ""jefferson""}","  {""CountyName"": ""jefferson""}"
354,"You are an expert in Cleaning Hospital Dataset. Given the dirty row Entity 1, you are required to correct the values of City in Entity 1.

Return in json format.

Output Format Example:

{""City"": """"}

Entity 1:

{""ProviderNumber"": ""10033"", ""HospitalName"": ""university of alabama hospital"", ""Address1"": ""619 south 19th street"", ""Address2"": ""empty"", ""Address3"": ""empty"", ""City"": ""birminxham"", ""State"": ""al"", ""ZipCode"": ""35233"", ""CountyName"": ""jefferson"", ""PhoneNumber"": ""2059344011"", ""HospitalType"": ""acute care hospitals"", ""HospitalOwner"": ""government - state"", ""EmergencyService"": ""yes"", ""Condition"": ""surgical infection prevention"", ""MeasureCode"": ""scip-vte-2"", ""MeasureName"": ""patients who got treatment  at the right time (within 24 hours before or after their surgery) to help prevent blood clots after certain types of surgery"", ""Score"": ""77%"", ""Sample"": ""224 patients"", ""Stateavg"": ""al_scip-vte-2"", ""count"": 1}

Take these rows as reference:

{""ProviderNumber"": ""10033"", ""HospitalName"": ""university of alabama hospital"", ""Address1"": ""619 south 19th street"", ""Address2"": ""empty"", ""Address3"": ""empty"", ""City"": ""birmingham"", ""State"": ""al"", ""ZipCode"": ""35233"", ""CountyName"": ""jefferson"", ""PhoneNumber"": ""2059344011"", ""HospitalType"": ""acute care hospitals"", ""HospitalOwner"": ""government - state"", ""EmergencyService"": ""yes"", ""Condition"": ""surgical infection prevention"", ""MeasureCode"": ""scip-card-2"", ""MeasureName"": ""surgery patients who were taking heart drugs called beta blockers before coming to the hospital who were kept on the beta blockers during the period just before and after their surgery"", ""Score"": ""69%"", ""Sample"": ""94 patients"", ""Stateavg"": ""al_scip-card-2""}

{""ProviderNumber"": ""10033"", ""HospitalName"": ""university of alabama hospital"", ""Address1"": ""619 south 19th street"", ""Address2"": ""empty"", ""Address3"": ""empty"", ""City"": ""birmingham"", ""State"": ""al"", ""ZipCode"": ""35233"", ""CountyName"": ""jefferson"", ""PhoneNumber"": ""2059344011"", ""HospitalType"": ""acute care hospitals"", ""HospitalOwner"": ""government - state"", ""EmergencyService"": ""yes"", ""Condition"": ""heart attack"", ""MeasureCode"": ""ami-3"", ""MeasureName"": ""heart attack patients given ace inhibitor or arb for left ventricular systolic dysfunction (lvsd)"", ""Score"": ""91%"", ""Sample"": ""87 paxienxs"", ""Stateavg"": ""al_ami-3""}

",,"{""City"": ""birmingham""}","  {""City"": ""birmingham""}"
355,"You are an expert in Cleaning Hospital Dataset. Given the dirty row Entity 1, you are required to correct the values of MeasureCode in Entity 1.

Return in json format.

Output Format Example:

{""MeasureCode"": """"}

Entity 1:

{""ProviderNumber"": ""10034"", ""HospitalName"": ""community hospital inc"", ""Address1"": ""805 friendship road"", ""Address2"": ""empty"", ""Address3"": ""empty"", ""City"": ""tallassee"", ""State"": ""al"", ""ZipCode"": ""36078"", ""CountyName"": ""elmore"", ""PhoneNumber"": ""3342836541"", ""HospitalType"": ""acute care hospitals"", ""HospitalOwner"": ""voluntary non-profit - private"", ""EmergencyService"": ""no"", ""Condition"": ""heart attack"", ""MeasureCode"": ""amix1"", ""MeasureName"": ""heart attack patients given aspirin at arrival"", ""Score"": ""77%"", ""Sample"": ""13 patients"", ""Stateavg"": ""al_ami-1"", ""count"": 1}

Take these rows as reference:

{""ProviderNumber"": ""10034"", ""HospitalName"": ""community hospital inc"", ""Address1"": ""805 friendship road"", ""Address2"": ""empty"", ""Address3"": ""empty"", ""City"": ""tallassee"", ""State"": ""al"", ""ZipCode"": ""36078"", ""CountyName"": ""elmore"", ""PhoneNumber"": ""3342836541"", ""HospitalType"": ""acute care hospitals"", ""HospitalOwner"": ""voluntary non-profit - private"", ""EmergencyService"": ""no"", ""Condition"": ""pneumonia"", ""MeasureCode"": ""pn-7"", ""MeasureName"": ""pneumonia patients assessed and given influenza vaccination"", ""Score"": ""93%"", ""Sample"": ""56 patients"", ""Stateavg"": ""al_pn-7""}

{""ProviderNumber"": ""10034"", ""HospitalName"": ""community hospital inc"", ""Address1"": ""805 friendship road"", ""Address2"": ""empty"", ""Address3"": ""empty"", ""City"": ""tallassee"", ""State"": ""al"", ""ZipCode"": ""36078"", ""CountyName"": ""elmore"", ""PhoneNumber"": ""3342836541"", ""HospitalType"": ""acute care hospitals"", ""HospitalOwner"": ""voluntary non-profit - private"", ""EmergencyService"": ""no"", ""Condition"": ""surgical infection prevention"", ""MeasureCode"": ""scip-card-2"", ""MeasureName"": ""surgery patients who were taking heart drugs called beta blockers before coming to the hospital who were kept on the beta blockers during the period just before and after their surgery"", ""Score"": ""100%"", ""Sample"": ""3 patients"", ""Stateavg"": ""al_scip-card-2""}

",,"{""MeasureCode"": ""ami-1""}","  {""MeasureCode"": ""ami-1""}"
356,"You are an expert in Cleaning Hospital Dataset. Given the dirty row Entity 1, you are required to correct the values of CountyName in Entity 1.

Return in json format.

Output Format Example:

{""CountyName"": """"}

Entity 1:

{""ProviderNumber"": ""10034"", ""HospitalName"": ""community hospital inc"", ""Address1"": ""805 friendship road"", ""Address2"": ""empty"", ""Address3"": ""empty"", ""City"": ""tallassee"", ""State"": ""al"", ""ZipCode"": ""36078"", ""CountyName"": ""elmoxe"", ""PhoneNumber"": ""3342836541"", ""HospitalType"": ""acute care hospitals"", ""HospitalOwner"": ""voluntary non-profit - private"", ""EmergencyService"": ""no"", ""Condition"": ""heart attack"", ""MeasureCode"": ""ami-2"", ""MeasureName"": ""heart attack patients given aspirin at discharge"", ""Score"": ""100%"", ""Sample"": ""4 patients"", ""Stateavg"": ""al_ami-2"", ""count"": 1}

Take these rows as reference:

{""ProviderNumber"": ""10034"", ""HospitalName"": ""community hospital inc"", ""Address1"": ""805 friendship road"", ""Address2"": ""empty"", ""Address3"": ""empty"", ""City"": ""tallassee"", ""State"": ""al"", ""ZipCode"": ""36078"", ""CountyName"": ""elmoxe"", ""PhoneNumber"": ""3342836541"", ""HospitalType"": ""acute care hospitals"", ""HospitalOwner"": ""voluntary non-profit - private"", ""EmergencyService"": ""no"", ""Condition"": ""heart attack"", ""MeasureCode"": ""ami-2"", ""MeasureName"": ""heart attack patients given aspirin at discharge"", ""Score"": ""100%"", ""Sample"": ""4 patients"", ""Stateavg"": ""al_ami-2""}

{""ProviderNumber"": ""10034"", ""HospitalName"": ""community hospital inc"", ""Address1"": ""805 friendship road"", ""Address2"": ""empty"", ""Address3"": ""empty"", ""City"": ""tallassee"", ""State"": ""al"", ""ZipCode"": ""36078"", ""CountyName"": ""elmore"", ""PhoneNumber"": ""3342836541"", ""HospitalType"": ""acute care hospitals"", ""HospitalOwner"": ""voluntary non-profit - private"", ""EmergencyService"": ""no"", ""Condition"": ""surgical infection prevention"", ""MeasureCode"": ""scip-vte-1"", ""MeasureName"": ""surgery patients whose doctors ordered treatments to prevent blood clots after certain types of surgeries"", ""Score"": ""88%"", ""Sample"": ""24 patients"", ""Stateavg"": ""al_scip-vte-1""}

",,"{""CountyName"": ""elmore""}","  {""CountyName"": ""elmore""}"
357,"You are an expert in Cleaning Hospital Dataset. Given the dirty row Entity 1, you are required to correct the values of MeasureCode in Entity 1.

Return in json format.

Output Format Example:

{""MeasureCode"": """"}

Entity 1:

{""ProviderNumber"": ""10034"", ""HospitalName"": ""community hospital inc"", ""Address1"": ""805 friendship road"", ""Address2"": ""empty"", ""Address3"": ""empty"", ""City"": ""tallassee"", ""State"": ""al"", ""ZipCode"": ""36078"", ""CountyName"": ""elmore"", ""PhoneNumber"": ""3342836541"", ""HospitalType"": ""acute care hospitals"", ""HospitalOwner"": ""voluntary non-profit - private"", ""EmergencyService"": ""no"", ""Condition"": ""heart attack"", ""MeasureCode"": ""amx-4"", ""MeasureName"": ""heart attack patients given smoking cessation advice/counseling"", ""Score"": ""empty"", ""Sample"": ""0 patients"", ""Stateavg"": ""al_ami-4"", ""count"": 1}

Take these rows as reference:

{""ProviderNumber"": ""10034"", ""HospitalName"": ""community hospital inc"", ""Address1"": ""805 friendship road"", ""Address2"": ""empty"", ""Address3"": ""empty"", ""City"": ""tallassee"", ""State"": ""al"", ""ZipCode"": ""36078"", ""CountyName"": ""elmore"", ""PhoneNumber"": ""334x836541"", ""HospitalType"": ""acute care hospitals"", ""HospitalOwner"": ""voluntary non-profit - private"", ""EmergencyService"": ""no"", ""Condition"": ""heart failure"", ""MeasureCode"": ""hf-2"", ""MeasureName"": ""heart failure patients given an evaluation of left ventricular systolic (lvs) function"", ""Score"": ""100%"", ""Sample"": ""87 patients"", ""Stateavg"": ""al_hf-2""}

{""ProviderNumber"": ""10034"", ""HospitalName"": ""community hospital inc"", ""Address1"": ""805 friendship road"", ""Address2"": ""empty"", ""Address3"": ""empty"", ""City"": ""tallassee"", ""State"": ""al"", ""ZipCode"": ""36078"", ""CountyName"": ""elmore"", ""PhoneNumber"": ""3342836541"", ""HospitalType"": ""acute care hospitals"", ""HospitalOwner"": ""voluntary non-profit - private"", ""EmergencyService"": ""no"", ""Condition"": ""pneumonia"", ""MeasureCode"": ""pn-6"", ""MeasureName"": ""pxeumoxia patiexts givex the most appropriate ixitial axtibiotic(s)"", ""Score"": ""96%"", ""Sample"": ""52 patients"", ""Stateavg"": ""al_pn-6""}

",,"{""MeasureCode"": ""ami-4""}","  {""MeasureCode"": ""ami-4""}"
358,"You are an expert in Cleaning Hospital Dataset. Given the dirty row Entity 1, you are required to correct the values of HospitalType in Entity 1.

Return in json format.

Output Format Example:

{""HospitalType"": """"}

Entity 1:

{""ProviderNumber"": ""10034"", ""HospitalName"": ""community hospital inc"", ""Address1"": ""805 friendship road"", ""Address2"": ""empty"", ""Address3"": ""empty"", ""City"": ""tallassee"", ""State"": ""al"", ""ZipCode"": ""36078"", ""CountyName"": ""elmore"", ""PhoneNumber"": ""3342836541"", ""HospitalType"": ""acute cxre hospitxls"", ""HospitalOwner"": ""voluntary non-profit - private"", ""EmergencyService"": ""no"", ""Condition"": ""heart attaxk"", ""MeasureCode"": ""ami-5"", ""MeasureName"": ""heart attack patients given beta blocker at discharge"", ""Score"": ""75%"", ""Sample"": ""4 patients"", ""Stateavg"": ""al_ami-5"", ""count"": 2}

Take these rows as reference:

{""ProviderNumber"": ""10034"", ""HospitalName"": ""community hospital inc"", ""Address1"": ""805 friendship road"", ""Address2"": ""empty"", ""Address3"": ""empty"", ""City"": ""tallassee"", ""State"": ""al"", ""ZipCode"": ""36078"", ""CountyName"": ""elmore"", ""PhoneNumber"": ""33x28365x1"", ""HospitalType"": ""acute care hospitals"", ""HospitalOwner"": ""voluntary non-profit - private"", ""EmergencyService"": ""no"", ""Condition"": ""surgical infection prevention"", ""MeasureCode"": ""scip-inf-6"", ""MeasureName"": ""surgery paxienxs needing hair removed from xhe surgical area before surgery who had hair removed using a safer mexhod (elecxric clippers or hair removal cream c nox a razor)"", ""Score"": ""100%"", ""Sample"": ""33 patients"", ""Stateavg"": ""al_scip-inf-6""}

{""ProviderNumber"": ""10034"", ""HospitalName"": ""community hospital inc"", ""Address1"": ""805 friendship road"", ""Address2"": ""empty"", ""Address3"": ""empty"", ""City"": ""tallassee"", ""State"": ""al"", ""ZipCode"": ""36078"", ""CountyName"": ""elmore"", ""PhoneNumber"": ""33x28365x1"", ""HospitalType"": ""acute care hospitals"", ""HospitalOwner"": ""voluntary non-profit - private"", ""EmergencyService"": ""no"", ""Condition"": ""surgical infection prevention"", ""MeasureCode"": ""scip-inf-6"", ""MeasureName"": ""surgery paxienxs needing hair removed from xhe surgical area before surgery who had hair removed using a safer mexhod (elecxric clippers or hair removal cream c nox a razor)"", ""Score"": ""100%"", ""Sample"": ""33 patients"", ""Stateavg"": ""al_scip-inf-6""}

",,"{""HospitalType"": ""acute care hospitals""}","  {""HospitalType"": ""acute care hospitals""}"
359,"You are an expert in Cleaning Hospital Dataset. Given the dirty row Entity 1, you are required to correct the values of Condition in Entity 1.

Return in json format.

Output Format Example:

{""Condition"": """"}

Entity 1:

{""ProviderNumber"": ""10034"", ""HospitalName"": ""community hospital inc"", ""Address1"": ""805 friendship road"", ""Address2"": ""empty"", ""Address3"": ""empty"", ""City"": ""tallassee"", ""State"": ""al"", ""ZipCode"": ""36078"", ""CountyName"": ""elmore"", ""PhoneNumber"": ""3342836541"", ""HospitalType"": ""acute cxre hospitxls"", ""HospitalOwner"": ""voluntary non-profit - private"", ""EmergencyService"": ""no"", ""Condition"": ""heart attaxk"", ""MeasureCode"": ""ami-5"", ""MeasureName"": ""heart attack patients given beta blocker at discharge"", ""Score"": ""75%"", ""Sample"": ""4 patients"", ""Stateavg"": ""al_ami-5"", ""count"": 2}

Take these rows as reference:

{""ProviderNumber"": ""10034"", ""HospitalName"": ""community hospital inc"", ""Address1"": ""805 friendship road"", ""Address2"": ""empty"", ""Address3"": ""empty"", ""City"": ""tallassee"", ""State"": ""al"", ""ZipCode"": ""36078"", ""CountyName"": ""elmore"", ""PhoneNumber"": ""3342836541"", ""HospitalType"": ""acute care hospitals"", ""HospitalOwner"": ""voluntary non-profit - private"", ""EmergencyService"": ""no"", ""Condition"": ""pneumonia"", ""MeasureCode"": ""pn-6"", ""MeasureName"": ""pxeumoxia patiexts givex the most appropriate ixitial axtibiotic(s)"", ""Score"": ""96%"", ""Sample"": ""52 patients"", ""Stateavg"": ""al_pn-6""}

{""ProviderNumber"": ""10034"", ""HospitalName"": ""community hospital inc"", ""Address1"": ""805 friendship road"", ""Address2"": ""empty"", ""Address3"": ""empty"", ""City"": ""tallassee"", ""State"": ""al"", ""ZipCode"": ""36078"", ""CountyName"": ""elmore"", ""PhoneNumber"": ""3342836541"", ""HospitalType"": ""acute care hospitals"", ""HospitalOwner"": ""voluntary non-profit - private"", ""EmergencyService"": ""no"", ""Condition"": ""pneumonia"", ""MeasureCode"": ""pn-2"", ""MeasureName"": ""pneumonia patients assessed and given pneumococcal vaccination"", ""Score"": ""87%"", ""Sample"": ""70 patients"", ""Stateavg"": ""al_pn-2""}

",,"{""Condition"": ""heart attack""}","  {""Condition"": ""heart attack""}"
360,"You are an expert in Cleaning Hospital Dataset. Given the dirty row Entity 1, you are required to correct the values of City in Entity 1.

Return in json format.

Output Format Example:

{""City"": """"}

Entity 1:

{""ProviderNumber"": ""10034"", ""HospitalName"": ""community hospital inc"", ""Address1"": ""805 friendship road"", ""Address2"": ""empty"", ""Address3"": ""empty"", ""City"": ""tallaxxee"", ""State"": ""al"", ""ZipCode"": ""36078"", ""CountyName"": ""elmore"", ""PhoneNumber"": ""3342836541"", ""HospitalType"": ""acute care hospitals"", ""HospitalOwner"": ""voluntary non-profit - private"", ""EmergencyService"": ""no"", ""Condition"": ""heart attack"", ""MeasureCode"": ""ami-7a"", ""MeasureName"": ""heart attack patients given fibrinolytic medication within 30 minutes of arrival"", ""Score"": ""empty"", ""Sample"": ""0 patients"", ""Stateavg"": ""al_ami-7a"", ""count"": 1}

Take these rows as reference:

{""ProviderNumber"": ""10034"", ""HospitalName"": ""community hospital inc"", ""Address1"": ""805 friendship road"", ""Address2"": ""empty"", ""Address3"": ""empty"", ""City"": ""tallassee"", ""State"": ""al"", ""ZipCode"": ""36078"", ""CountyName"": ""elmore"", ""PhoneNumber"": ""3342836541"", ""HospitalType"": ""acute care hospitals"", ""HospitalOwner"": ""voluntary non-profit - private"", ""EmergencyService"": ""no"", ""Condition"": ""surgical infection prevention"", ""MeasureCode"": ""scip-card-2"", ""MeasureName"": ""surgery patients who were taking heart drugs called beta blockers before coming to the hospital who were kept on the beta blockers during the period just before and after their surgery"", ""Score"": ""100%"", ""Sample"": ""3 patients"", ""Stateavg"": ""al_scip-card-2""}

{""ProviderNumber"": ""10034"", ""HospitalName"": ""community hospital inc"", ""Address1"": ""805 friendship road"", ""Address2"": ""empty"", ""Address3"": ""empty"", ""City"": ""tallassee"", ""State"": ""al"", ""ZipCode"": ""36078"", ""CountyName"": ""elmore"", ""PhoneNumber"": ""3342836541"", ""HospitalType"": ""acute care hospitals"", ""HospitalOwner"": ""voluntary non-profit - private"", ""EmergencyService"": ""no"", ""Condition"": ""pneumonia"", ""MeasureCode"": ""pn-6"", ""MeasureName"": ""pxeumoxia patiexts givex the most appropriate ixitial axtibiotic(s)"", ""Score"": ""96%"", ""Sample"": ""52 patients"", ""Stateavg"": ""al_pn-6""}

",,"{""City"": ""tallassee""}","  {""City"": ""tallassee""}"
361,"You are an expert in Cleaning Hospital Dataset. Given the dirty row Entity 1, you are required to correct the values of HospitalName in Entity 1.

Return in json format.

Output Format Example:

{""HospitalName"": """"}

Entity 1:

{""ProviderNumber"": ""10034"", ""HospitalName"": ""communitx hospital inc"", ""Address1"": ""805 friendship road"", ""Address2"": ""empty"", ""Address3"": ""empty"", ""City"": ""tallassee"", ""State"": ""al"", ""ZipCode"": ""36078"", ""CountyName"": ""elmore"", ""PhoneNumber"": ""3342836541"", ""HospitalType"": ""acute care hospitals"", ""HospitalOwner"": ""voluntary non-profit - private"", ""EmergencyService"": ""no"", ""Condition"": ""heart attack"", ""MeasureCode"": ""ami-8a"", ""MeasureName"": ""heart attack patients given pci within 90 minutes of arrival"", ""Score"": ""empty"", ""Sample"": ""0 patients"", ""Stateavg"": ""al_ami-8a"", ""count"": 1}

Take these rows as reference:

{""ProviderNumber"": ""10034"", ""HospitalName"": ""community hospital inc"", ""Address1"": ""805 friendship road"", ""Address2"": ""empty"", ""Address3"": ""empty"", ""City"": ""tallassee"", ""State"": ""al"", ""ZipCode"": ""36078"", ""CountyName"": ""elmore"", ""PhoneNumber"": ""33x28365x1"", ""HospitalType"": ""acute care hospitals"", ""HospitalOwner"": ""voluntary non-profit - private"", ""EmergencyService"": ""no"", ""Condition"": ""surgical infection prevention"", ""MeasureCode"": ""scip-inf-6"", ""MeasureName"": ""surgery paxienxs needing hair removed from xhe surgical area before surgery who had hair removed using a safer mexhod (elecxric clippers or hair removal cream c nox a razor)"", ""Score"": ""100%"", ""Sample"": ""33 patients"", ""Stateavg"": ""al_scip-inf-6""}

{""ProviderNumber"": ""10034"", ""HospitalName"": ""community hospital inc"", ""Address1"": ""805 friendship road"", ""Address2"": ""empty"", ""Address3"": ""empty"", ""City"": ""tallassee"", ""State"": ""al"", ""ZipCode"": ""36078"", ""CountyName"": ""elmore"", ""PhoneNumber"": ""334x836541"", ""HospitalType"": ""acute care hospitals"", ""HospitalOwner"": ""voluntary non-profit - private"", ""EmergencyService"": ""no"", ""Condition"": ""heart failure"", ""MeasureCode"": ""hf-2"", ""MeasureName"": ""heart failure patients given an evaluation of left ventricular systolic (lvs) function"", ""Score"": ""100%"", ""Sample"": ""87 patients"", ""Stateavg"": ""al_hf-2""}

",,"{""HospitalName"": ""community hospital inc""}","  {""HospitalName"": ""community hospital inc""}"
362,"You are an expert in Cleaning Hospital Dataset. Given the dirty row Entity 1, you are required to correct the values of CountyName in Entity 1.

Return in json format.

Output Format Example:

{""CountyName"": """"}

Entity 1:

{""ProviderNumber"": ""10034"", ""HospitalName"": ""community hospital inc"", ""Address1"": ""805 friendship road"", ""Address2"": ""empty"", ""Address3"": ""empty"", ""City"": ""tallassee"", ""State"": ""al"", ""ZipCode"": ""36078"", ""CountyName"": ""elxore"", ""PhoneNumber"": ""3342836541"", ""HospitalType"": ""acute care hospitals"", ""HospitalOwner"": ""voluntary non-profit - private"", ""EmergencyService"": ""no"", ""Condition"": ""hexrt fxilure"", ""MeasureCode"": ""hf-1"", ""MeasureName"": ""heart failure patients given discharge instructions"", ""Score"": ""xx%"", ""Sample"": ""65 patients"", ""Stateavg"": ""al_hf-1"", ""count"": 3}

Take these rows as reference:

{""ProviderNumber"": ""10034"", ""HospitalName"": ""community hospital inc"", ""Address1"": ""805 friendship road"", ""Address2"": ""empty"", ""Address3"": ""empty"", ""City"": ""tallassee"", ""State"": ""al"", ""ZipCode"": ""36078"", ""CountyName"": ""elmore"", ""PhoneNumber"": ""3342836541"", ""HospitalType"": ""acute care hospitals"", ""HospitalOwner"": ""voluntary non-profit - private"", ""EmergencyService"": ""no"", ""Condition"": ""surgical infection prevention"", ""MeasureCode"": ""scip-card-2"", ""MeasureName"": ""surgery patients who were taking heart drugs called beta blockers before coming to the hospital who were kept on the beta blockers during the period just before and after their surgery"", ""Score"": ""100%"", ""Sample"": ""3 patients"", ""Stateavg"": ""al_scip-card-2""}

{""ProviderNumber"": ""10034"", ""HospitalName"": ""community hospital inc"", ""Address1"": ""805 friendship road"", ""Address2"": ""empty"", ""Address3"": ""empty"", ""City"": ""tallassee"", ""State"": ""al"", ""ZipCode"": ""36078"", ""CountyName"": ""elmore"", ""PhoneNumber"": ""3342836541"", ""HospitalType"": ""acute care hospitals"", ""HospitalOwner"": ""voluntary non-profit - private"", ""EmergencyService"": ""no"", ""Condition"": ""pneumonia"", ""MeasureCode"": ""pn-2"", ""MeasureName"": ""pneumonia patients assessed and given pneumococcal vaccination"", ""Score"": ""87%"", ""Sample"": ""70 patients"", ""Stateavg"": ""al_pn-2""}

",,"{""CountyName"": ""elmore""}","  {""CountyName"": ""elmore""}"
363,"You are an expert in Cleaning Hospital Dataset. Given the dirty row Entity 1, you are required to correct the values of Condition in Entity 1.

Return in json format.

Output Format Example:

{""Condition"": """"}

Entity 1:

{""ProviderNumber"": ""10034"", ""HospitalName"": ""community hospital inc"", ""Address1"": ""805 friendship road"", ""Address2"": ""empty"", ""Address3"": ""empty"", ""City"": ""tallassee"", ""State"": ""al"", ""ZipCode"": ""36078"", ""CountyName"": ""elxore"", ""PhoneNumber"": ""3342836541"", ""HospitalType"": ""acute care hospitals"", ""HospitalOwner"": ""voluntary non-profit - private"", ""EmergencyService"": ""no"", ""Condition"": ""hexrt fxilure"", ""MeasureCode"": ""hf-1"", ""MeasureName"": ""heart failure patients given discharge instructions"", ""Score"": ""xx%"", ""Sample"": ""65 patients"", ""Stateavg"": ""al_hf-1"", ""count"": 3}

Take these rows as reference:

{""ProviderNumber"": ""10034"", ""HospitalName"": ""community hospital inc"", ""Address1"": ""805 friendship road"", ""Address2"": ""empty"", ""Address3"": ""empty"", ""City"": ""tallassee"", ""State"": ""al"", ""ZipCode"": ""36078"", ""CountyName"": ""elmore"", ""PhoneNumber"": ""3342836541"", ""HospitalType"": ""acute care hospitals"", ""HospitalOwner"": ""voluntary non-profit - private"", ""EmergencyService"": ""no"", ""Condition"": ""pneumonia"", ""MeasureCode"": ""pn-2"", ""MeasureName"": ""pneumonia patients assessed and given pneumococcal vaccination"", ""Score"": ""87%"", ""Sample"": ""70 patients"", ""Stateavg"": ""al_pn-2""}

{""ProviderNumber"": ""10034"", ""HospitalName"": ""community hospital inc"", ""Address1"": ""805 friendship road"", ""Address2"": ""empty"", ""Address3"": ""empty"", ""City"": ""tallassee"", ""State"": ""al"", ""ZipCode"": ""36078"", ""CountyName"": ""elmore"", ""PhoneNumber"": ""3342836541"", ""HospitalType"": ""acute care hospitals"", ""HospitalOwner"": ""voluntary non-profit - private"", ""EmergencyService"": ""no"", ""Condition"": ""pneumonia"", ""MeasureCode"": ""pn-6"", ""MeasureName"": ""pxeumoxia patiexts givex the most appropriate ixitial axtibiotic(s)"", ""Score"": ""96%"", ""Sample"": ""52 patients"", ""Stateavg"": ""al_pn-6""}

",,"{""Condition"": ""heart failure""}","  {""Condition"": ""heart failure""}"
364,"You are an expert in Cleaning Hospital Dataset. Given the dirty row Entity 1, you are required to correct the values of Score in Entity 1.

Return in json format.

Output Format Example:

{""Score"": """"}

Entity 1:

{""ProviderNumber"": ""10034"", ""HospitalName"": ""community hospital inc"", ""Address1"": ""805 friendship road"", ""Address2"": ""empty"", ""Address3"": ""empty"", ""City"": ""tallassee"", ""State"": ""al"", ""ZipCode"": ""36078"", ""CountyName"": ""elxore"", ""PhoneNumber"": ""3342836541"", ""HospitalType"": ""acute care hospitals"", ""HospitalOwner"": ""voluntary non-profit - private"", ""EmergencyService"": ""no"", ""Condition"": ""hexrt fxilure"", ""MeasureCode"": ""hf-1"", ""MeasureName"": ""heart failure patients given discharge instructions"", ""Score"": ""xx%"", ""Sample"": ""65 patients"", ""Stateavg"": ""al_hf-1"", ""count"": 3}

Take these rows as reference:

{""ProviderNumber"": ""10034"", ""HospitalName"": ""community hospital inc"", ""Address1"": ""805 friendship road"", ""Address2"": ""empty"", ""Address3"": ""empty"", ""City"": ""tallassee"", ""State"": ""al"", ""ZipCode"": ""36078"", ""CountyName"": ""elmore"", ""PhoneNumber"": ""3342836541"", ""HospitalType"": ""acute care hospitals"", ""HospitalOwner"": ""voluntary non-profit - private"", ""EmergencyService"": ""no"", ""Condition"": ""pneumonia"", ""MeasureCode"": ""pn-6"", ""MeasureName"": ""pxeumoxia patiexts givex the most appropriate ixitial axtibiotic(s)"", ""Score"": ""96%"", ""Sample"": ""52 patients"", ""Stateavg"": ""al_pn-6""}

{""ProviderNumber"": ""10034"", ""HospitalName"": ""community hospital inc"", ""Address1"": ""805 friendship road"", ""Address2"": ""empty"", ""Address3"": ""empty"", ""City"": ""tallassee"", ""State"": ""al"", ""ZipCode"": ""36078"", ""CountyName"": ""elmoxe"", ""PhoneNumber"": ""3342836541"", ""HospitalType"": ""acute care hospitals"", ""HospitalOwner"": ""voluntary non-profit - private"", ""EmergencyService"": ""no"", ""Condition"": ""heart attack"", ""MeasureCode"": ""ami-2"", ""MeasureName"": ""heart attack patients given aspirin at discharge"", ""Score"": ""100%"", ""Sample"": ""4 patients"", ""Stateavg"": ""al_ami-2""}

",,"{""Score"": ""88%""}","  {""Score"": ""99%""}"
365,"You are an expert in Cleaning Hospital Dataset. Given the dirty row Entity 1, you are required to correct the values of PhoneNumber in Entity 1.

Return in json format.

Output Format Example:

{""PhoneNumber"": """"}

Entity 1:

{""ProviderNumber"": ""10034"", ""HospitalName"": ""community hospital inc"", ""Address1"": ""805 friendship road"", ""Address2"": ""empty"", ""Address3"": ""empty"", ""City"": ""tallassee"", ""State"": ""al"", ""ZipCode"": ""36078"", ""CountyName"": ""elmore"", ""PhoneNumber"": ""334x836541"", ""HospitalType"": ""acute care hospitals"", ""HospitalOwner"": ""voluntary non-profit - private"", ""EmergencyService"": ""no"", ""Condition"": ""heart failure"", ""MeasureCode"": ""hf-2"", ""MeasureName"": ""heart failure patients given an evaluation of left ventricular systolic (lvs) function"", ""Score"": ""100%"", ""Sample"": ""87 patients"", ""Stateavg"": ""al_hf-2"", ""count"": 1}

Take these rows as reference:

{""ProviderNumber"": ""10034"", ""HospitalName"": ""community hospital inc"", ""Address1"": ""805 friendship road"", ""Address2"": ""empty"", ""Address3"": ""empty"", ""City"": ""tallassee"", ""State"": ""al"", ""ZipCode"": ""36078"", ""CountyName"": ""elmore"", ""PhoneNumber"": ""3342836541"", ""HospitalType"": ""acute care hospitals"", ""HospitalOwner"": ""voluntary non-profit - private"", ""EmergencyService"": ""no"", ""Condition"": ""surgical infection prevention"", ""MeasureCode"": ""scip-card-2"", ""MeasureName"": ""surgery patients who were taking heart drugs called beta blockers before coming to the hospital who were kept on the beta blockers during the period just before and after their surgery"", ""Score"": ""100%"", ""Sample"": ""3 patients"", ""Stateavg"": ""al_scip-card-2""}

{""ProviderNumber"": ""10034"", ""HospitalName"": ""community hospital inc"", ""Address1"": ""805 friendship road"", ""Address2"": ""empty"", ""Address3"": ""empty"", ""City"": ""tallassee"", ""State"": ""al"", ""ZipCode"": ""36078"", ""CountyName"": ""elmoxe"", ""PhoneNumber"": ""3342836541"", ""HospitalType"": ""acute care hospitals"", ""HospitalOwner"": ""voluntary non-profit - private"", ""EmergencyService"": ""no"", ""Condition"": ""heart attack"", ""MeasureCode"": ""ami-2"", ""MeasureName"": ""heart attack patients given aspirin at discharge"", ""Score"": ""100%"", ""Sample"": ""4 patients"", ""Stateavg"": ""al_ami-2""}

",,"{""PhoneNumber"": ""3342836541""}","  {""PhoneNumber"": ""3342836541""}"
366,"You are an expert in Cleaning Hospital Dataset. Given the dirty row Entity 1, you are required to correct the values of State in Entity 1.

Return in json format.

Output Format Example:

{""State"": """"}

Entity 1:

{""ProviderNumber"": ""10034"", ""HospitalName"": ""community hospital inc"", ""Address1"": ""805 friendship road"", ""Address2"": ""empty"", ""Address3"": ""empty"", ""City"": ""tallassee"", ""State"": ""xl"", ""ZipCode"": ""36078"", ""CountyName"": ""elmore"", ""PhoneNumber"": ""3342836541"", ""HospitalType"": ""acute care hospitals"", ""HospitalOwner"": ""voluntary non-profit - private"", ""EmergencyService"": ""no"", ""Condition"": ""heart failure"", ""MeasureCode"": ""hf-4"", ""MeasureName"": ""heart failure patients given smoking cessation advice/counseling"", ""Score"": ""100%"", ""Sample"": ""9 patients"", ""Stateavg"": ""al_hf-4"", ""count"": 1}

Take these rows as reference:

{""ProviderNumber"": ""10034"", ""HospitalName"": ""community hospital inc"", ""Address1"": ""805 friendship road"", ""Address2"": ""empty"", ""Address3"": ""empty"", ""City"": ""tallassee"", ""State"": ""al"", ""ZipCode"": ""36078"", ""CountyName"": ""elmore"", ""PhoneNumber"": ""3342836541"", ""HospitalType"": ""acute care hospitals"", ""HospitalOwner"": ""voluntary non-profit - private"", ""EmergencyService"": ""no"", ""Condition"": ""surgical infection prevention"", ""MeasureCode"": ""scip-vte-1"", ""MeasureName"": ""surgery patients whose doctors ordered treatments to prevent blood clots after certain types of surgeries"", ""Score"": ""88%"", ""Sample"": ""24 patients"", ""Stateavg"": ""al_scip-vte-1""}

{""ProviderNumber"": ""10034"", ""HospitalName"": ""community hospital inc"", ""Address1"": ""805 friendship road"", ""Address2"": ""empty"", ""Address3"": ""empty"", ""City"": ""tallassee"", ""State"": ""al"", ""ZipCode"": ""36078"", ""CountyName"": ""elmore"", ""PhoneNumber"": ""334x836541"", ""HospitalType"": ""acute care hospitals"", ""HospitalOwner"": ""voluntary non-profit - private"", ""EmergencyService"": ""no"", ""Condition"": ""heart failure"", ""MeasureCode"": ""hf-2"", ""MeasureName"": ""heart failure patients given an evaluation of left ventricular systolic (lvs) function"", ""Score"": ""100%"", ""Sample"": ""87 patients"", ""Stateavg"": ""al_hf-2""}

",,"{""State"": ""al""}","  {""State"": ""al""}"
367,"You are an expert in Cleaning Hospital Dataset. Given the dirty row Entity 1, you are required to correct the values of ProviderNumber in Entity 1.

Return in json format.

Output Format Example:

{""ProviderNumber"": """"}

Entity 1:

{""ProviderNumber"": ""100x4"", ""HospitalName"": ""community hospital inc"", ""Address1"": ""805 friendship road"", ""Address2"": ""empty"", ""Address3"": ""empty"", ""City"": ""tallassee"", ""State"": ""al"", ""ZipCode"": ""36078"", ""CountyName"": ""elmore"", ""PhoneNumber"": ""3342836541"", ""HospitalType"": ""acute care hospitals"", ""HospitalOwner"": ""voluntary non-profit - private"", ""EmergencyService"": ""no"", ""Condition"": ""pneumonia"", ""MeasureCode"": ""pn-4"", ""MeasureName"": ""pneumonia patients given smoking cessation advice/counseling"", ""Score"": ""90%"", ""Sample"": ""41 patients"", ""Stateavg"": ""al_pn-4"", ""count"": 1}

Take these rows as reference:

{""ProviderNumber"": ""10034"", ""HospitalName"": ""community hospital inc"", ""Address1"": ""805 friendship road"", ""Address2"": ""empty"", ""Address3"": ""empty"", ""City"": ""tallassee"", ""State"": ""al"", ""ZipCode"": ""36078"", ""CountyName"": ""elmore"", ""PhoneNumber"": ""334x836541"", ""HospitalType"": ""acute care hospitals"", ""HospitalOwner"": ""voluntary non-profit - private"", ""EmergencyService"": ""no"", ""Condition"": ""heart failure"", ""MeasureCode"": ""hf-2"", ""MeasureName"": ""heart failure patients given an evaluation of left ventricular systolic (lvs) function"", ""Score"": ""100%"", ""Sample"": ""87 patients"", ""Stateavg"": ""al_hf-2""}

{""ProviderNumber"": ""10034"", ""HospitalName"": ""community hospital inc"", ""Address1"": ""805 friendship road"", ""Address2"": ""empty"", ""Address3"": ""empty"", ""City"": ""tallassee"", ""State"": ""al"", ""ZipCode"": ""36078"", ""CountyName"": ""elmore"", ""PhoneNumber"": ""3342836541"", ""HospitalType"": ""acute care hospitals"", ""HospitalOwner"": ""voluntary non-profit - private"", ""EmergencyService"": ""no"", ""Condition"": ""pneumonia"", ""MeasureCode"": ""pn-7"", ""MeasureName"": ""pneumonia patients assessed and given influenza vaccination"", ""Score"": ""93%"", ""Sample"": ""56 patients"", ""Stateavg"": ""al_pn-7""}

",,"{""ProviderNumber"": ""10034""}","  {""ProviderNumber"": ""10034""}"
368,"You are an expert in Cleaning Hospital Dataset. Given the dirty row Entity 1, you are required to correct the values of HospitalType in Entity 1.

Return in json format.

Output Format Example:

{""HospitalType"": """"}

Entity 1:

{""ProviderNumber"": ""10034"", ""HospitalName"": ""community hospital inc"", ""Address1"": ""805 friendship road"", ""Address2"": ""empty"", ""Address3"": ""empty"", ""City"": ""tallassee"", ""State"": ""al"", ""ZipCode"": ""36078"", ""CountyName"": ""elmore"", ""PhoneNumber"": ""3342836541"", ""HospitalType"": ""acutexcarexhospitals"", ""HospitalOwner"": ""voluntary non-profit - private"", ""EmergencyService"": ""no"", ""Condition"": ""pneumonia"", ""MeasureCode"": ""pn-5c"", ""MeasureName"": ""pxeumoxia patiexts givex ixitial axtibiotic(s) withix 6 hours after arrival"", ""Score"": ""97%"", ""Sample"": ""71 patients"", ""Stateavg"": ""al_pn-5c"", ""count"": 2}

Take these rows as reference:

{""ProviderNumber"": ""10034"", ""HospitalName"": ""community hospital inc"", ""Address1"": ""805 friendship road"", ""Address2"": ""empty"", ""Address3"": ""empty"", ""City"": ""tallassee"", ""State"": ""al"", ""ZipCode"": ""36078"", ""CountyName"": ""elmore"", ""PhoneNumber"": ""334x836541"", ""HospitalType"": ""acute care hospitals"", ""HospitalOwner"": ""voluntary non-profit - private"", ""EmergencyService"": ""no"", ""Condition"": ""heart failure"", ""MeasureCode"": ""hf-2"", ""MeasureName"": ""heart failure patients given an evaluation of left ventricular systolic (lvs) function"", ""Score"": ""100%"", ""Sample"": ""87 patients"", ""Stateavg"": ""al_hf-2""}

{""ProviderNumber"": ""10034"", ""HospitalName"": ""community hospital inc"", ""Address1"": ""805 friendship road"", ""Address2"": ""empty"", ""Address3"": ""empty"", ""City"": ""tallassee"", ""State"": ""al"", ""ZipCode"": ""36078"", ""CountyName"": ""elmore"", ""PhoneNumber"": ""3342836541"", ""HospitalType"": ""acute care hospitals"", ""HospitalOwner"": ""voluntary non-profit - private"", ""EmergencyService"": ""no"", ""Condition"": ""surgical infection prevention"", ""MeasureCode"": ""scip-card-2"", ""MeasureName"": ""surgery patients who were taking heart drugs called beta blockers before coming to the hospital who were kept on the beta blockers during the period just before and after their surgery"", ""Score"": ""100%"", ""Sample"": ""3 patients"", ""Stateavg"": ""al_scip-card-2""}

",,"{""HospitalType"": ""acute care hospitals""}","  {""HospitalType"": ""acute care hospitals""}"
369,"You are an expert in Cleaning Hospital Dataset. Given the dirty row Entity 1, you are required to correct the values of MeasureName in Entity 1.

Return in json format.

Output Format Example:

{""MeasureName"": """"}

Entity 1:

{""ProviderNumber"": ""10034"", ""HospitalName"": ""community hospital inc"", ""Address1"": ""805 friendship road"", ""Address2"": ""empty"", ""Address3"": ""empty"", ""City"": ""tallassee"", ""State"": ""al"", ""ZipCode"": ""36078"", ""CountyName"": ""elmore"", ""PhoneNumber"": ""3342836541"", ""HospitalType"": ""acutexcarexhospitals"", ""HospitalOwner"": ""voluntary non-profit - private"", ""EmergencyService"": ""no"", ""Condition"": ""pneumonia"", ""MeasureCode"": ""pn-5c"", ""MeasureName"": ""pxeumoxia patiexts givex ixitial axtibiotic(s) withix 6 hours after arrival"", ""Score"": ""97%"", ""Sample"": ""71 patients"", ""Stateavg"": ""al_pn-5c"", ""count"": 2}

Take these rows as reference:

{""ProviderNumber"": ""10034"", ""HospitalName"": ""community hospital inc"", ""Address1"": ""805 friendship road"", ""Address2"": ""empty"", ""Address3"": ""empty"", ""City"": ""tallassee"", ""State"": ""al"", ""ZipCode"": ""36078"", ""CountyName"": ""elmore"", ""PhoneNumber"": ""334x836541"", ""HospitalType"": ""acute care hospitals"", ""HospitalOwner"": ""voluntary non-profit - private"", ""EmergencyService"": ""no"", ""Condition"": ""heart failure"", ""MeasureCode"": ""hf-2"", ""MeasureName"": ""heart failure patients given an evaluation of left ventricular systolic (lvs) function"", ""Score"": ""100%"", ""Sample"": ""87 patients"", ""Stateavg"": ""al_hf-2""}

{""ProviderNumber"": ""10034"", ""HospitalName"": ""community hospital inc"", ""Address1"": ""805 friendship road"", ""Address2"": ""empty"", ""Address3"": ""empty"", ""City"": ""tallassee"", ""State"": ""al"", ""ZipCode"": ""36078"", ""CountyName"": ""elmore"", ""PhoneNumber"": ""3342836541"", ""HospitalType"": ""acute care hospitals"", ""HospitalOwner"": ""voluntary non-profit - private"", ""EmergencyService"": ""no"", ""Condition"": ""pneumonia"", ""MeasureCode"": ""pn-2"", ""MeasureName"": ""pneumonia patients assessed and given pneumococcal vaccination"", ""Score"": ""87%"", ""Sample"": ""70 patients"", ""Stateavg"": ""al_pn-2""}

",,"{""MeasureName"": ""pneumonia patients given initial antibiotic(s) within 6 hours after arrival""}","  {""MeasureName"": ""pneumonia patients given intravenous antibiotic(s) within 6 hours after arrival""}"
370,"You are an expert in Cleaning Hospital Dataset. Given the dirty row Entity 1, you are required to correct the values of MeasureName in Entity 1.

Return in json format.

Output Format Example:

{""MeasureName"": """"}

Entity 1:

{""ProviderNumber"": ""10034"", ""HospitalName"": ""community hospital inc"", ""Address1"": ""805 friendship road"", ""Address2"": ""empty"", ""Address3"": ""empty"", ""City"": ""tallassee"", ""State"": ""al"", ""ZipCode"": ""36078"", ""CountyName"": ""elmore"", ""PhoneNumber"": ""3342836541"", ""HospitalType"": ""acute care hospitals"", ""HospitalOwner"": ""voluntary non-profit - private"", ""EmergencyService"": ""no"", ""Condition"": ""pneumonia"", ""MeasureCode"": ""pn-6"", ""MeasureName"": ""pxeumoxia patiexts givex the most appropriate ixitial axtibiotic(s)"", ""Score"": ""96%"", ""Sample"": ""52 patients"", ""Stateavg"": ""al_pn-6"", ""count"": 1}

Take these rows as reference:

{""ProviderNumber"": ""10034"", ""HospitalName"": ""community hospital inc"", ""Address1"": ""805 friendship road"", ""Address2"": ""empty"", ""Address3"": ""empty"", ""City"": ""tallassee"", ""State"": ""al"", ""ZipCode"": ""36078"", ""CountyName"": ""elmore"", ""PhoneNumber"": ""334x836541"", ""HospitalType"": ""acute care hospitals"", ""HospitalOwner"": ""voluntary non-profit - private"", ""EmergencyService"": ""no"", ""Condition"": ""heart failure"", ""MeasureCode"": ""hf-2"", ""MeasureName"": ""heart failure patients given an evaluation of left ventricular systolic (lvs) function"", ""Score"": ""100%"", ""Sample"": ""87 patients"", ""Stateavg"": ""al_hf-2""}

{""ProviderNumber"": ""10034"", ""HospitalName"": ""community hospital inc"", ""Address1"": ""805 friendship road"", ""Address2"": ""empty"", ""Address3"": ""empty"", ""City"": ""tallassee"", ""State"": ""al"", ""ZipCode"": ""36078"", ""CountyName"": ""elmore"", ""PhoneNumber"": ""3342836541"", ""HospitalType"": ""acute care hospitals"", ""HospitalOwner"": ""voluntary non-profit - private"", ""EmergencyService"": ""no"", ""Condition"": ""pneumonia"", ""MeasureCode"": ""pn-2"", ""MeasureName"": ""pneumonia patients assessed and given pneumococcal vaccination"", ""Score"": ""87%"", ""Sample"": ""70 patients"", ""Stateavg"": ""al_pn-2""}

",,"{""MeasureName"": ""pneumonia patients given the most appropriate initial antibiotic(s)""}","  {""MeasureName"": ""pneumonia patients given the most appropriate initial antibiotic(s)""}"
371,"You are an expert in Cleaning Hospital Dataset. Given the dirty row Entity 1, you are required to correct the values of HospitalName in Entity 1.

Return in json format.

Output Format Example:

{""HospitalName"": """"}

Entity 1:

{""ProviderNumber"": ""10034"", ""HospitalName"": ""communixy hospixal inc"", ""Address1"": ""805 friendship road"", ""Address2"": ""empty"", ""Address3"": ""empty"", ""City"": ""tallassee"", ""State"": ""al"", ""ZipCode"": ""36x78"", ""CountyName"": ""elmore"", ""PhoneNumber"": ""3342836541"", ""HospitalType"": ""acute care hospitals"", ""HospitalOwner"": ""voluntary non-profit - private"", ""EmergencyService"": ""no"", ""Condition"": ""surgical infection prevention"", ""MeasureCode"": ""scip-inf-2"", ""MeasureName"": ""surgery patients who were given the  right kind  of antibiotic to help prevent infection"", ""Score"": ""100%"", ""Sample"": ""10 patients"", ""Stateavg"": ""al_scip-inf-2"", ""count"": 2}

Take these rows as reference:

{""ProviderNumber"": ""10034"", ""HospitalName"": ""community hospital inc"", ""Address1"": ""805 friendship road"", ""Address2"": ""empty"", ""Address3"": ""empty"", ""City"": ""tallassee"", ""State"": ""al"", ""ZipCode"": ""36078"", ""CountyName"": ""elmoxe"", ""PhoneNumber"": ""3342836541"", ""HospitalType"": ""acute care hospitals"", ""HospitalOwner"": ""voluntary non-profit - private"", ""EmergencyService"": ""no"", ""Condition"": ""heart attack"", ""MeasureCode"": ""ami-2"", ""MeasureName"": ""heart attack patients given aspirin at discharge"", ""Score"": ""100%"", ""Sample"": ""4 patients"", ""Stateavg"": ""al_ami-2""}

{""ProviderNumber"": ""10034"", ""HospitalName"": ""community hospital inc"", ""Address1"": ""805 friendship road"", ""Address2"": ""empty"", ""Address3"": ""empty"", ""City"": ""tallassee"", ""State"": ""al"", ""ZipCode"": ""36078"", ""CountyName"": ""elmore"", ""PhoneNumber"": ""3342836541"", ""HospitalType"": ""acute care hospitals"", ""HospitalOwner"": ""voluntary non-profit - private"", ""EmergencyService"": ""no"", ""Condition"": ""pneumonia"", ""MeasureCode"": ""pn-7"", ""MeasureName"": ""pneumonia patients assessed and given influenza vaccination"", ""Score"": ""93%"", ""Sample"": ""56 patients"", ""Stateavg"": ""al_pn-7""}

",,"{""HospitalName"": ""community hospital inc""}","  {""HospitalName"": ""community hospital inc""}"
372,"You are an expert in Cleaning Hospital Dataset. Given the dirty row Entity 1, you are required to correct the values of ZipCode in Entity 1.

Return in json format.

Output Format Example:

{""ZipCode"": """"}

Entity 1:

{""ProviderNumber"": ""10034"", ""HospitalName"": ""communixy hospixal inc"", ""Address1"": ""805 friendship road"", ""Address2"": ""empty"", ""Address3"": ""empty"", ""City"": ""tallassee"", ""State"": ""al"", ""ZipCode"": ""36x78"", ""CountyName"": ""elmore"", ""PhoneNumber"": ""3342836541"", ""HospitalType"": ""acute care hospitals"", ""HospitalOwner"": ""voluntary non-profit - private"", ""EmergencyService"": ""no"", ""Condition"": ""surgical infection prevention"", ""MeasureCode"": ""scip-inf-2"", ""MeasureName"": ""surgery patients who were given the  right kind  of antibiotic to help prevent infection"", ""Score"": ""100%"", ""Sample"": ""10 patients"", ""Stateavg"": ""al_scip-inf-2"", ""count"": 2}

Take these rows as reference:

{""ProviderNumber"": ""10034"", ""HospitalName"": ""community hospital inc"", ""Address1"": ""805 friendship road"", ""Address2"": ""empty"", ""Address3"": ""empty"", ""City"": ""tallassee"", ""State"": ""al"", ""ZipCode"": ""36078"", ""CountyName"": ""elmore"", ""PhoneNumber"": ""3342836541"", ""HospitalType"": ""acute care hospitals"", ""HospitalOwner"": ""voluntary non-profit - private"", ""EmergencyService"": ""no"", ""Condition"": ""surgical infection prevention"", ""MeasureCode"": ""scip-vte-1"", ""MeasureName"": ""surgery patients whose doctors ordered treatments to prevent blood clots after certain types of surgeries"", ""Score"": ""88%"", ""Sample"": ""24 patients"", ""Stateavg"": ""al_scip-vte-1""}

{""ProviderNumber"": ""10034"", ""HospitalName"": ""community hospital inc"", ""Address1"": ""805 friendship road"", ""Address2"": ""empty"", ""Address3"": ""empty"", ""City"": ""tallassee"", ""State"": ""al"", ""ZipCode"": ""36078"", ""CountyName"": ""elmore"", ""PhoneNumber"": ""3342836541"", ""HospitalType"": ""acute care hospitals"", ""HospitalOwner"": ""voluntary non-profit - private"", ""EmergencyService"": ""no"", ""Condition"": ""surgical infection prevention"", ""MeasureCode"": ""scip-vte-1"", ""MeasureName"": ""surgery patients whose doctors ordered treatments to prevent blood clots after certain types of surgeries"", ""Score"": ""88%"", ""Sample"": ""24 patients"", ""Stateavg"": ""al_scip-vte-1""}

",,"{""ZipCode"": ""36078""}","  {""ZipCode"": ""36078""}"
373,"You are an expert in Cleaning Hospital Dataset. Given the dirty row Entity 1, you are required to correct the values of Score in Entity 1.

Return in json format.

Output Format Example:

{""Score"": """"}

Entity 1:

{""ProviderNumber"": ""10034"", ""HospitalName"": ""community hospital inc"", ""Address1"": ""805 friendship road"", ""Address2"": ""empty"", ""Address3"": ""empty"", ""City"": ""tallassee"", ""State"": ""al"", ""ZipCode"": ""36078"", ""CountyName"": ""elmore"", ""PhoneNumber"": ""3342836541"", ""HospitalType"": ""acute care hospitals"", ""HospitalOwner"": ""voluntary non-profit - private"", ""EmergencyService"": ""no"", ""Condition"": ""surgical infection prevention"", ""MeasureCode"": ""scip-inf-3"", ""MeasureName"": ""surgery patients whose preventive antibiotics were stopped at the right time (within 24 hours after surgery)"", ""Score"": ""1xx%"", ""Sample"": ""9 patients"", ""Stateavg"": ""al_scip-inf-3"", ""count"": 1}

Take these rows as reference:

{""ProviderNumber"": ""10034"", ""HospitalName"": ""community hospital inc"", ""Address1"": ""805 friendship road"", ""Address2"": ""empty"", ""Address3"": ""empty"", ""City"": ""tallassee"", ""State"": ""al"", ""ZipCode"": ""36078"", ""CountyName"": ""elmore"", ""PhoneNumber"": ""3342836541"", ""HospitalType"": ""acute care hospitals"", ""HospitalOwner"": ""voluntary non-profit - private"", ""EmergencyService"": ""no"", ""Condition"": ""surgical infection prevention"", ""MeasureCode"": ""scip-card-2"", ""MeasureName"": ""surgery patients who were taking heart drugs called beta blockers before coming to the hospital who were kept on the beta blockers during the period just before and after their surgery"", ""Score"": ""100%"", ""Sample"": ""3 patients"", ""Stateavg"": ""al_scip-card-2""}

{""ProviderNumber"": ""10034"", ""HospitalName"": ""community hospital inc"", ""Address1"": ""805 friendship road"", ""Address2"": ""empty"", ""Address3"": ""empty"", ""City"": ""tallassee"", ""State"": ""al"", ""ZipCode"": ""36078"", ""CountyName"": ""elmore"", ""PhoneNumber"": ""33x28365x1"", ""HospitalType"": ""acute care hospitals"", ""HospitalOwner"": ""voluntary non-profit - private"", ""EmergencyService"": ""no"", ""Condition"": ""surgical infection prevention"", ""MeasureCode"": ""scip-inf-6"", ""MeasureName"": ""surgery paxienxs needing hair removed from xhe surgical area before surgery who had hair removed using a safer mexhod (elecxric clippers or hair removal cream c nox a razor)"", ""Score"": ""100%"", ""Sample"": ""33 patients"", ""Stateavg"": ""al_scip-inf-6""}

",,"{""Score"": ""100%""}","  {""Score"": ""100%""}"
374,"You are an expert in Cleaning Hospital Dataset. Given the dirty row Entity 1, you are required to correct the values of Condition in Entity 1.

Return in json format.

Output Format Example:

{""Condition"": """"}

Entity 1:

{""ProviderNumber"": ""10034"", ""HospitalName"": ""community hospital inc"", ""Address1"": ""805 friendship road"", ""Address2"": ""empty"", ""Address3"": ""empty"", ""City"": ""tallassee"", ""State"": ""al"", ""ZipCode"": ""36078"", ""CountyName"": ""elmore"", ""PhoneNumber"": ""3342836541"", ""HospitalType"": ""acute care hospitals"", ""HospitalOwner"": ""voluntary non-profit - private"", ""EmergencyService"": ""no"", ""Condition"": ""surgical infection xrevention"", ""MeasureCode"": ""scip-inf-4"", ""MeasureName"": ""all heart surgery patients whose blood sugar (blood glucose) is kept under good control in the days right after surgery"", ""Score"": ""empty"", ""Sample"": ""0 patients"", ""Stateavg"": ""al_scip-inf-4"", ""count"": 1}

Take these rows as reference:

{""ProviderNumber"": ""10034"", ""HospitalName"": ""community hospital inc"", ""Address1"": ""805 friendship road"", ""Address2"": ""empty"", ""Address3"": ""empty"", ""City"": ""tallassee"", ""State"": ""xl"", ""ZipCode"": ""36078"", ""CountyName"": ""elmore"", ""PhoneNumber"": ""3342836541"", ""HospitalType"": ""acute care hospitals"", ""HospitalOwner"": ""voluntary non-profit - private"", ""EmergencyService"": ""no"", ""Condition"": ""heart failure"", ""MeasureCode"": ""hf-4"", ""MeasureName"": ""heart failure patients given smoking cessation advice/counseling"", ""Score"": ""100%"", ""Sample"": ""9 patients"", ""Stateavg"": ""al_hf-4""}

{""ProviderNumber"": ""10034"", ""HospitalName"": ""community hospital inc"", ""Address1"": ""805 friendship road"", ""Address2"": ""empty"", ""Address3"": ""empty"", ""City"": ""tallassee"", ""State"": ""al"", ""ZipCode"": ""36078"", ""CountyName"": ""elmore"", ""PhoneNumber"": ""3342836541"", ""HospitalType"": ""acute care hospitals"", ""HospitalOwner"": ""voluntary non-profit - private"", ""EmergencyService"": ""no"", ""Condition"": ""pneumonia"", ""MeasureCode"": ""pn-6"", ""MeasureName"": ""pxeumoxia patiexts givex the most appropriate ixitial axtibiotic(s)"", ""Score"": ""96%"", ""Sample"": ""52 patients"", ""Stateavg"": ""al_pn-6""}

",,"{""Condition"": ""surgical infection prevention""}","  {""Condition"": ""surgical infection prevention""}"
375,"You are an expert in Cleaning Hospital Dataset. Given the dirty row Entity 1, you are required to correct the values of PhoneNumber in Entity 1.

Return in json format.

Output Format Example:

{""PhoneNumber"": """"}

Entity 1:

{""ProviderNumber"": ""10034"", ""HospitalName"": ""community hospital inc"", ""Address1"": ""805 friendship road"", ""Address2"": ""empty"", ""Address3"": ""empty"", ""City"": ""tallassee"", ""State"": ""al"", ""ZipCode"": ""36078"", ""CountyName"": ""elmore"", ""PhoneNumber"": ""33x28365x1"", ""HospitalType"": ""acute care hospitals"", ""HospitalOwner"": ""voluntary non-profit - private"", ""EmergencyService"": ""no"", ""Condition"": ""surgical infection prevention"", ""MeasureCode"": ""scip-inf-6"", ""MeasureName"": ""surgery paxienxs needing hair removed from xhe surgical area before surgery who had hair removed using a safer mexhod (elecxric clippers or hair removal cream c nox a razor)"", ""Score"": ""100%"", ""Sample"": ""33 patients"", ""Stateavg"": ""al_scip-inf-6"", ""count"": 2}

Take these rows as reference:

{""ProviderNumber"": ""10034"", ""HospitalName"": ""community hospital inc"", ""Address1"": ""805 friendship road"", ""Address2"": ""empty"", ""Address3"": ""empty"", ""City"": ""tallassee"", ""State"": ""al"", ""ZipCode"": ""36078"", ""CountyName"": ""elmore"", ""PhoneNumber"": ""334x836541"", ""HospitalType"": ""acute care hospitals"", ""HospitalOwner"": ""voluntary non-profit - private"", ""EmergencyService"": ""no"", ""Condition"": ""heart failure"", ""MeasureCode"": ""hf-2"", ""MeasureName"": ""heart failure patients given an evaluation of left ventricular systolic (lvs) function"", ""Score"": ""100%"", ""Sample"": ""87 patients"", ""Stateavg"": ""al_hf-2""}

{""ProviderNumber"": ""10034"", ""HospitalName"": ""community hospital inc"", ""Address1"": ""805 friendship road"", ""Address2"": ""empty"", ""Address3"": ""empty"", ""City"": ""tallassee"", ""State"": ""al"", ""ZipCode"": ""36078"", ""CountyName"": ""elmore"", ""PhoneNumber"": ""3342836541"", ""HospitalType"": ""acute care hospitals"", ""HospitalOwner"": ""voluntary non-profit - private"", ""EmergencyService"": ""no"", ""Condition"": ""surgical infection prevention"", ""MeasureCode"": ""scip-card-2"", ""MeasureName"": ""surgery patients who were taking heart drugs called beta blockers before coming to the hospital who were kept on the beta blockers during the period just before and after their surgery"", ""Score"": ""100%"", ""Sample"": ""3 patients"", ""Stateavg"": ""al_scip-card-2""}

",,"{""PhoneNumber"": ""3342836541""}","  {""PhoneNumber"": ""3342836541""}"
376,"You are an expert in Cleaning Hospital Dataset. Given the dirty row Entity 1, you are required to correct the values of MeasureName in Entity 1.

Return in json format.

Output Format Example:

{""MeasureName"": """"}

Entity 1:

{""ProviderNumber"": ""10034"", ""HospitalName"": ""community hospital inc"", ""Address1"": ""805 friendship road"", ""Address2"": ""empty"", ""Address3"": ""empty"", ""City"": ""tallassee"", ""State"": ""al"", ""ZipCode"": ""36078"", ""CountyName"": ""elmore"", ""PhoneNumber"": ""33x28365x1"", ""HospitalType"": ""acute care hospitals"", ""HospitalOwner"": ""voluntary non-profit - private"", ""EmergencyService"": ""no"", ""Condition"": ""surgical infection prevention"", ""MeasureCode"": ""scip-inf-6"", ""MeasureName"": ""surgery paxienxs needing hair removed from xhe surgical area before surgery who had hair removed using a safer mexhod (elecxric clippers or hair removal cream c nox a razor)"", ""Score"": ""100%"", ""Sample"": ""33 patients"", ""Stateavg"": ""al_scip-inf-6"", ""count"": 2}

Take these rows as reference:

{""ProviderNumber"": ""10034"", ""HospitalName"": ""community hospital inc"", ""Address1"": ""805 friendship road"", ""Address2"": ""empty"", ""Address3"": ""empty"", ""City"": ""tallassee"", ""State"": ""al"", ""ZipCode"": ""36078"", ""CountyName"": ""elmore"", ""PhoneNumber"": ""3342836541"", ""HospitalType"": ""acute care hospitals"", ""HospitalOwner"": ""voluntary non-profit - private"", ""EmergencyService"": ""no"", ""Condition"": ""surgical infection prevention"", ""MeasureCode"": ""scip-vte-1"", ""MeasureName"": ""surgery patients whose doctors ordered treatments to prevent blood clots after certain types of surgeries"", ""Score"": ""88%"", ""Sample"": ""24 patients"", ""Stateavg"": ""al_scip-vte-1""}

{""ProviderNumber"": ""10034"", ""HospitalName"": ""community hospital inc"", ""Address1"": ""805 friendship road"", ""Address2"": ""empty"", ""Address3"": ""empty"", ""City"": ""tallassee"", ""State"": ""al"", ""ZipCode"": ""36078"", ""CountyName"": ""elmore"", ""PhoneNumber"": ""3342836541"", ""HospitalType"": ""acute care hospitals"", ""HospitalOwner"": ""voluntary non-profit - private"", ""EmergencyService"": ""no"", ""Condition"": ""surgical infection prevention"", ""MeasureCode"": ""scip-card-2"", ""MeasureName"": ""surgery patients who were taking heart drugs called beta blockers before coming to the hospital who were kept on the beta blockers during the period just before and after their surgery"", ""Score"": ""100%"", ""Sample"": ""3 patients"", ""Stateavg"": ""al_scip-card-2""}

",,"{""MeasureName"": ""surgery patients needing hair removed from the surgical area before surgery who had hair removed using a safer method (electric clippers or hair removal cream c not a razor)""}","  {""MeasureName"": ""surgery patients needing hair removed from the surgical area before surgery who had hair removed using a safer method (electric clippers or hair removal cream and not a razor)""}"
377,"You are an expert in Cleaning Hospital Dataset. Given the dirty row Entity 1, you are required to correct the values of Condition in Entity 1.

Return in json format.

Output Format Example:

{""Condition"": """"}

Entity 1:

{""ProviderNumber"": ""10035"", ""HospitalName"": ""cullman regional medical center"", ""Address1"": ""1912 alabama highway 157"", ""Address2"": ""empty"", ""Address3"": ""empty"", ""City"": ""cullman"", ""State"": ""al"", ""ZipCode"": ""35058"", ""CountyName"": ""cullman"", ""PhoneNumber"": ""2567372000"", ""HospitalType"": ""acute care hospitals"", ""HospitalOwner"": ""government - hospital district or authority"", ""EmergencyService"": ""yes"", ""Condition"": ""heartxattack"", ""MeasureCode"": ""ami-1"", ""MeasureName"": ""heart attack patients given aspirin at arrival"", ""Score"": ""100%"", ""Sample"": ""51 patients"", ""Stateavg"": ""al_ami-1"", ""count"": 1}

Take these rows as reference:

{""ProviderNumber"": ""10035"", ""HospitalName"": ""cullman regional medical center"", ""Address1"": ""1912 alabama highway 157"", ""Address2"": ""empty"", ""Address3"": ""empty"", ""City"": ""cullman"", ""State"": ""al"", ""ZipCode"": ""35058"", ""CountyName"": ""cullman"", ""PhoneNumber"": ""2567372000"", ""HospitalType"": ""acute care hospitals"", ""HospitalOwner"": ""government - hospital district or authority"", ""EmergencyService"": ""yes"", ""Condition"": ""surgical infection prevention"", ""MeasureCode"": ""scip-inf-4"", ""MeasureName"": ""all heart surgery patients whose blood sugar (blood glucose) is kept under good control in the days right after surgery"", ""Score"": ""empty"", ""Sample"": ""0 patients"", ""Stateavg"": ""al_scip-inf-4""}

{""ProviderNumber"": ""10035"", ""HospitalName"": ""cullman regional medical center"", ""Address1"": ""1912 alabama highway 157"", ""Address2"": ""empty"", ""Address3"": ""empty"", ""City"": ""cullman"", ""State"": ""al"", ""ZipCode"": ""35058"", ""CountyName"": ""cullman"", ""PhoneNumber"": ""2567372000"", ""HospitalType"": ""acute care hospitals"", ""HospitalOwner"": ""government - hospital district or authority"", ""EmergencyService"": ""yes"", ""Condition"": ""heart attack"", ""MeasureCode"": ""ami-4"", ""MeasureName"": ""heart attack patients given smoking cessation advice/counseling"", ""Score"": ""100%"", ""Sample"": ""3 patients"", ""Stateavg"": ""al_ami-4""}

",,"{""Condition"": ""heart attack""}","  {""Condition"": ""heart attack""}"
378,"You are an expert in Cleaning Hospital Dataset. Given the dirty row Entity 1, you are required to correct the values of MeasureCode in Entity 1.

Return in json format.

Output Format Example:

{""MeasureCode"": """"}

Entity 1:

{""ProviderNumber"": ""10035"", ""HospitalName"": ""cullman regional medical center"", ""Address1"": ""1912 alabama highway 157"", ""Address2"": ""empty"", ""Address3"": ""empty"", ""City"": ""cullman"", ""State"": ""al"", ""ZipCode"": ""35058"", ""CountyName"": ""cullman"", ""PhoneNumber"": ""2567372000"", ""HospitalType"": ""acute care hospitals"", ""HospitalOwner"": ""government - hospital district or authority"", ""EmergencyService"": ""yes"", ""Condition"": ""heart attack"", ""MeasureCode"": ""amx-3"", ""MeasureName"": ""heart attack patients given ace inhibitor or arb for left ventricular systolic dysfunction (lvsd)"", ""Score"": ""x7%"", ""Sample"": ""3 patients"", ""Stateavg"": ""al_ami-3"", ""count"": 2}

Take these rows as reference:

{""ProviderNumber"": ""10035"", ""HospitalName"": ""cullman regional medical center"", ""Address1"": ""1912 alabama highway 157"", ""Address2"": ""empty"", ""Address3"": ""empty"", ""City"": ""cullman"", ""State"": ""al"", ""ZipCode"": ""35058"", ""CountyName"": ""cullman"", ""PhoneNumber"": ""2567372000"", ""HospitalType"": ""acute care hospitals"", ""HospitalOwner"": ""government - hospital district or authority"", ""EmergencyService"": ""yes"", ""Condition"": ""pneumonia"", ""MeasureCode"": ""pn-2"", ""MeasureName"": ""pneumonia patients assessed and given pneumococcal vaccination"", ""Score"": ""100%"", ""Sample"": ""155 patients"", ""Stateavg"": ""al_pn-2""}

{""ProviderNumber"": ""10035"", ""HospitalName"": ""cullman regional medical center"", ""Address1"": ""1912 alabama highway 157"", ""Address2"": ""empty"", ""Address3"": ""empty"", ""City"": ""cullman"", ""State"": ""al"", ""ZipCode"": ""35058"", ""CountyName"": ""cullman"", ""PhoneNumber"": ""2567372000"", ""HospitalType"": ""acute care hospitals"", ""HospitalOwner"": ""government - hospital district or authority"", ""EmergencyService"": ""yes"", ""Condition"": ""suxgical infection pxevention"", ""MeasureCode"": ""scip-card-2"", ""MeasureName"": ""surgery patients who were taking heart drugs called beta blockers before coming to the hospital who were kept on the beta blockers during the period just before and after their surgery"", ""Score"": ""99%"", ""Sample"": ""68 patients"", ""Stateavg"": ""al_scip-card-2""}

",,"{""MeasureCode"": ""ami-3""}","  {""MeasureCode"": ""ami-3""}"
379,"You are an expert in Cleaning Hospital Dataset. Given the dirty row Entity 1, you are required to correct the values of Score in Entity 1.

Return in json format.

Output Format Example:

{""Score"": """"}

Entity 1:

{""ProviderNumber"": ""10035"", ""HospitalName"": ""cullman regional medical center"", ""Address1"": ""1912 alabama highway 157"", ""Address2"": ""empty"", ""Address3"": ""empty"", ""City"": ""cullman"", ""State"": ""al"", ""ZipCode"": ""35058"", ""CountyName"": ""cullman"", ""PhoneNumber"": ""2567372000"", ""HospitalType"": ""acute care hospitals"", ""HospitalOwner"": ""government - hospital district or authority"", ""EmergencyService"": ""yes"", ""Condition"": ""heart attack"", ""MeasureCode"": ""amx-3"", ""MeasureName"": ""heart attack patients given ace inhibitor or arb for left ventricular systolic dysfunction (lvsd)"", ""Score"": ""x7%"", ""Sample"": ""3 patients"", ""Stateavg"": ""al_ami-3"", ""count"": 2}

Take these rows as reference:

{""ProviderNumber"": ""10035"", ""HospitalName"": ""cullman regional medical center"", ""Address1"": ""1912 alabama highway 157"", ""Address2"": ""empty"", ""Address3"": ""empty"", ""City"": ""cullman"", ""State"": ""al"", ""ZipCode"": ""35058"", ""CountyName"": ""cullman"", ""PhoneNumber"": ""2567372000"", ""HospitalType"": ""acute care hospitals"", ""HospitalOwner"": ""government - hospital district or authority"", ""EmergencyService"": ""yes"", ""Condition"": ""heartxattack"", ""MeasureCode"": ""ami-1"", ""MeasureName"": ""heart attack patients given aspirin at arrival"", ""Score"": ""100%"", ""Sample"": ""51 patients"", ""Stateavg"": ""al_ami-1""}

{""ProviderNumber"": ""10035"", ""HospitalName"": ""cullman regional medical center"", ""Address1"": ""1912 alabama highway 157"", ""Address2"": ""empty"", ""Address3"": ""empty"", ""City"": ""cullman"", ""State"": ""al"", ""ZipCode"": ""35058"", ""CountyName"": ""cullman"", ""PhoneNumber"": ""2567372000"", ""HospitalType"": ""acute care hospitals"", ""HospitalOwner"": ""government - hospital district or authority"", ""EmergencyService"": ""yes"", ""Condition"": ""heartxattack"", ""MeasureCode"": ""ami-1"", ""MeasureName"": ""heart attack patients given aspirin at arrival"", ""Score"": ""100%"", ""Sample"": ""51 patients"", ""Stateavg"": ""al_ami-1""}

",,"{""Score"": ""67%""}","  {""Score"": ""97%""}"
380,"You are an expert in Cleaning Hospital Dataset. Given the dirty row Entity 1, you are required to correct the values of ProviderNumber in Entity 1.

Return in json format.

Output Format Example:

{""ProviderNumber"": """"}

Entity 1:

{""ProviderNumber"": ""100x5"", ""HospitalName"": ""cullman regional medical center"", ""Address1"": ""1912 alabama highway 157"", ""Address2"": ""empty"", ""Address3"": ""empty"", ""City"": ""cullman"", ""State"": ""al"", ""ZipCode"": ""35058"", ""CountyName"": ""cullman"", ""PhoneNumber"": ""2567372000"", ""HospitalType"": ""acute care hospitals"", ""HospitalOwner"": ""government - hospital district or authority"", ""EmergencyService"": ""yes"", ""Condition"": ""heart attack"", ""MeasureCode"": ""ami-7a"", ""MeasureName"": ""heart attack patients given fibrinolytic medication within 30 minutes of arrival"", ""Score"": ""empty"", ""Sample"": ""0 patients"", ""Stateavg"": ""al_amx-7a"", ""count"": 2}

Take these rows as reference:

{""ProviderNumber"": ""10035"", ""HospitalName"": ""cullman regional medical center"", ""Address1"": ""1912 alabama highway 157"", ""Address2"": ""empty"", ""Address3"": ""empty"", ""City"": ""cullman"", ""State"": ""al"", ""ZipCode"": ""35058"", ""CountyName"": ""cullman"", ""PhoneNumber"": ""2567372000"", ""HospitalType"": ""acute care hospitals"", ""HospitalOwner"": ""government - hospital district or authority"", ""EmergencyService"": ""yes"", ""Condition"": ""pneumonia"", ""MeasureCode"": ""pn-2"", ""MeasureName"": ""pneumonia patients assessed and given pneumococcal vaccination"", ""Score"": ""100%"", ""Sample"": ""155 patients"", ""Stateavg"": ""al_pn-2""}

{""ProviderNumber"": ""10035"", ""HospitalName"": ""cullman regional medical center"", ""Address1"": ""1912 alabama highway 157"", ""Address2"": ""empty"", ""Address3"": ""empty"", ""City"": ""cullman"", ""State"": ""al"", ""ZipCode"": ""35058"", ""CountyName"": ""cullman"", ""PhoneNumber"": ""2567372000"", ""HospitalType"": ""acute care hospitals"", ""HospitalOwner"": ""government - hospital district or authority"", ""EmergencyService"": ""yes"", ""Condition"": ""heart failure"", ""MeasureCode"": ""hf-4"", ""MeasureName"": ""heart failure patients given smoking cessation advice/counseling"", ""Score"": ""100%"", ""Sample"": ""42 patients"", ""Stateavg"": ""al_hf-4""}

",,"{""ProviderNumber"": ""10035""}","  {""ProviderNumber"": ""10035""}"
381,"You are an expert in Cleaning Hospital Dataset. Given the dirty row Entity 1, you are required to correct the values of Stateavg in Entity 1.

Return in json format.

Output Format Example:

{""Stateavg"": """"}

Entity 1:

{""ProviderNumber"": ""100x5"", ""HospitalName"": ""cullman regional medical center"", ""Address1"": ""1912 alabama highway 157"", ""Address2"": ""empty"", ""Address3"": ""empty"", ""City"": ""cullman"", ""State"": ""al"", ""ZipCode"": ""35058"", ""CountyName"": ""cullman"", ""PhoneNumber"": ""2567372000"", ""HospitalType"": ""acute care hospitals"", ""HospitalOwner"": ""government - hospital district or authority"", ""EmergencyService"": ""yes"", ""Condition"": ""heart attack"", ""MeasureCode"": ""ami-7a"", ""MeasureName"": ""heart attack patients given fibrinolytic medication within 30 minutes of arrival"", ""Score"": ""empty"", ""Sample"": ""0 patients"", ""Stateavg"": ""al_amx-7a"", ""count"": 2}

Take these rows as reference:

{""ProviderNumber"": ""10035"", ""HospitalName"": ""cullman regional medical center"", ""Address1"": ""1912 alabama highway 157"", ""Address2"": ""empty"", ""Address3"": ""empty"", ""City"": ""cullman"", ""State"": ""al"", ""ZipCode"": ""35058"", ""CountyName"": ""cullman"", ""PhoneNumber"": ""2567372000"", ""HospitalType"": ""acute care hospitals"", ""HospitalOwner"": ""government - hospital district or authority"", ""EmergencyService"": ""yes"", ""Condition"": ""surgical infection prevention"", ""MeasureCode"": ""scip-inf-6"", ""MeasureName"": ""surgery patients needing hair removed from the surgical area before surgery who had hair removed using a safer method (electric clippers or hair removal cream c not a razor)"", ""Score"": ""100%"", ""Sample"": ""598 patients"", ""Stateavg"": ""al_scip-inf-6""}

{""ProviderNumber"": ""10035"", ""HospitalName"": ""cullman regional medical center"", ""Address1"": ""1912 alabama highway 157"", ""Address2"": ""empty"", ""Address3"": ""empty"", ""City"": ""cullman"", ""State"": ""al"", ""ZipCode"": ""35058"", ""CountyName"": ""cullman"", ""PhoneNumber"": ""2567372000"", ""HospitalType"": ""acute care hospitals"", ""HospitalOwner"": ""government - hospital district or authority"", ""EmergencyService"": ""yes"", ""Condition"": ""heartxattack"", ""MeasureCode"": ""ami-1"", ""MeasureName"": ""heart attack patients given aspirin at arrival"", ""Score"": ""100%"", ""Sample"": ""51 patients"", ""Stateavg"": ""al_ami-1""}

",,"{""Stateavg"": ""al_ami-7a""}","  {""Stateavg"": ""al_ami-7a""}"
382,"You are an expert in Cleaning Hospital Dataset. Given the dirty row Entity 1, you are required to correct the values of CountyName in Entity 1.

Return in json format.

Output Format Example:

{""CountyName"": """"}

Entity 1:

{""ProviderNumber"": ""10035"", ""HospitalName"": ""cullman regional medical center"", ""Address1"": ""1912 alabama highway 157"", ""Address2"": ""empty"", ""Address3"": ""empty"", ""City"": ""cullman"", ""State"": ""al"", ""ZipCode"": ""35058"", ""CountyName"": ""cxllman"", ""PhoneNumber"": ""2567372000"", ""HospitalType"": ""acute care hospitals"", ""HospitalOwner"": ""government - hospital district or authority"", ""EmergencyService"": ""yes"", ""Condition"": ""heart attack"", ""MeasureCode"": ""ami-8a"", ""MeasureName"": ""heart attack patients given pci within 90 minutes of arrival"", ""Score"": ""empty"", ""Sample"": ""0 patients"", ""Stateavg"": ""al_ami-8a"", ""count"": 1}

Take these rows as reference:

{""ProviderNumber"": ""10035"", ""HospitalName"": ""cullman regional medical center"", ""Address1"": ""1912 alabama highway 157"", ""Address2"": ""empty"", ""Address3"": ""empty"", ""City"": ""cullman"", ""State"": ""al"", ""ZipCode"": ""35058"", ""CountyName"": ""cxllman"", ""PhoneNumber"": ""2567372000"", ""HospitalType"": ""acute care hospitals"", ""HospitalOwner"": ""government - hospital district or authority"", ""EmergencyService"": ""yes"", ""Condition"": ""heart attack"", ""MeasureCode"": ""ami-8a"", ""MeasureName"": ""heart attack patients given pci within 90 minutes of arrival"", ""Score"": ""empty"", ""Sample"": ""0 patients"", ""Stateavg"": ""al_ami-8a""}

{""ProviderNumber"": ""10035"", ""HospitalName"": ""cullmxn regionxl medicxl center"", ""Address1"": ""1912 alabama highway 157"", ""Address2"": ""empty"", ""Address3"": ""empty"", ""City"": ""cullman"", ""State"": ""al"", ""ZipCode"": ""35058"", ""CountyName"": ""cxllman"", ""PhoneNumber"": ""2567372000"", ""HospitalType"": ""acute care hospitals"", ""HospitalOwner"": ""government - hospital district or authority"", ""EmergencyService"": ""yes"", ""Condition"": ""pneumonia"", ""MeasureCode"": ""pn-5c"", ""MeasureName"": ""pneumonia patients given initial antibiotic(s) within 6 hours after arrival"", ""Score"": ""99%"", ""Sample"": ""160 patients"", ""Stateavg"": ""al_pn-5c""}

",,"{""CountyName"": ""cullman""}","  {""CountyName"": ""cxllman""}"
383,"You are an expert in Cleaning Hospital Dataset. Given the dirty row Entity 1, you are required to correct the values of ProviderNumber in Entity 1.

Return in json format.

Output Format Example:

{""ProviderNumber"": """"}

Entity 1:

{""ProviderNumber"": ""1xx35"", ""HospitalName"": ""cullman regional medical center"", ""Address1"": ""1912 alabama highway 157"", ""Address2"": ""empty"", ""Address3"": ""empty"", ""City"": ""cullman"", ""State"": ""al"", ""ZipCode"": ""35058"", ""CountyName"": ""cullman"", ""PhoneNumber"": ""2567372000"", ""HospitalType"": ""acute care hospitals"", ""HospitalOwner"": ""government - hospital district or authority"", ""EmergencyService"": ""yes"", ""Condition"": ""heart failure"", ""MeasureCode"": ""hf-2"", ""MeasureName"": ""heart failure patients given an evaluation of left ventricular systolic (lvs) function"", ""Score"": ""100%"", ""Sample"": ""200 patients"", ""Stateavg"": ""al_hf-2"", ""count"": 1}

Take these rows as reference:

{""ProviderNumber"": ""10035"", ""HospitalName"": ""cullman regional medical center"", ""Address1"": ""1912 alabama highway 157"", ""Address2"": ""empty"", ""Address3"": ""empty"", ""City"": ""cullman"", ""State"": ""al"", ""ZipCode"": ""35058"", ""CountyName"": ""cullman"", ""PhoneNumber"": ""2567372000"", ""HospitalType"": ""acute care hospitals"", ""HospitalOwner"": ""government - hospital district or authority"", ""EmergencyService"": ""yes"", ""Condition"": ""heart attack"", ""MeasureCode"": ""amx-3"", ""MeasureName"": ""heart attack patients given ace inhibitor or arb for left ventricular systolic dysfunction (lvsd)"", ""Score"": ""x7%"", ""Sample"": ""3 patients"", ""Stateavg"": ""al_ami-3""}

{""ProviderNumber"": ""10035"", ""HospitalName"": ""cullman regional medical center"", ""Address1"": ""1912 alabama highway 157"", ""Address2"": ""empty"", ""Address3"": ""empty"", ""City"": ""cullman"", ""State"": ""al"", ""ZipCode"": ""35058"", ""CountyName"": ""cullman"", ""PhoneNumber"": ""2567372000"", ""HospitalType"": ""acute care hospitals"", ""HospitalOwner"": ""government - hospital district or authority"", ""EmergencyService"": ""yes"", ""Condition"": ""heart attack"", ""MeasureCode"": ""amx-3"", ""MeasureName"": ""heart attack patients given ace inhibitor or arb for left ventricular systolic dysfunction (lvsd)"", ""Score"": ""x7%"", ""Sample"": ""3 patients"", ""Stateavg"": ""al_ami-3""}

",,"{""ProviderNumber"": ""10035""}","  {""ProviderNumber"": ""10035""}"
384,"You are an expert in Cleaning Hospital Dataset. Given the dirty row Entity 1, you are required to correct the values of HospitalType in Entity 1.

Return in json format.

Output Format Example:

{""HospitalType"": """"}

Entity 1:

{""ProviderNumber"": ""10035"", ""HospitalName"": ""cullman regional medical center"", ""Address1"": ""1912 alabama highway 157"", ""Address2"": ""empty"", ""Address3"": ""empty"", ""City"": ""cullman"", ""State"": ""al"", ""ZipCode"": ""35058"", ""CountyName"": ""cullman"", ""PhoneNumber"": ""2567372000"", ""HospitalType"": ""acutexcarexhospitals"", ""HospitalOwner"": ""government - hospital district or authority"", ""EmergencyService"": ""yes"", ""Condition"": ""pneumonia"", ""MeasureCode"": ""px-4"", ""MeasureName"": ""pneumonia patients given smoking cessation advice/counseling"", ""Score"": ""100%"", ""Sample"": ""90 patients"", ""Stateavg"": ""al_pn-4"", ""count"": 2}

Take these rows as reference:

{""ProviderNumber"": ""10035"", ""HospitalName"": ""cullman regional medical center"", ""Address1"": ""1912 alabama highway 157"", ""Address2"": ""empty"", ""Address3"": ""empty"", ""City"": ""cullman"", ""State"": ""al"", ""ZipCode"": ""35058"", ""CountyName"": ""cullman"", ""PhoneNumber"": ""2567372000"", ""HospitalType"": ""acute care hospitals"", ""HospitalOwner"": ""government - hospital district or authority"", ""EmergencyService"": ""yes"", ""Condition"": ""surgical infection prevention"", ""MeasureCode"": ""scip-inf-4"", ""MeasureName"": ""all heart surgery patients whose blood sugar (blood glucose) is kept under good control in the days right after surgery"", ""Score"": ""empty"", ""Sample"": ""0 patients"", ""Stateavg"": ""al_scip-inf-4""}

{""ProviderNumber"": ""10035"", ""HospitalName"": ""cullmxn regionxl medicxl center"", ""Address1"": ""1912 alabama highway 157"", ""Address2"": ""empty"", ""Address3"": ""empty"", ""City"": ""cullman"", ""State"": ""al"", ""ZipCode"": ""35058"", ""CountyName"": ""cxllman"", ""PhoneNumber"": ""2567372000"", ""HospitalType"": ""acute care hospitals"", ""HospitalOwner"": ""government - hospital district or authority"", ""EmergencyService"": ""yes"", ""Condition"": ""pneumonia"", ""MeasureCode"": ""pn-5c"", ""MeasureName"": ""pneumonia patients given initial antibiotic(s) within 6 hours after arrival"", ""Score"": ""99%"", ""Sample"": ""160 patients"", ""Stateavg"": ""al_pn-5c""}

",,"{""HospitalType"": ""acute care hospitals""}","  {""HospitalType"": ""acute care hospitals""}"
385,"You are an expert in Cleaning Hospital Dataset. Given the dirty row Entity 1, you are required to correct the values of MeasureCode in Entity 1.

Return in json format.

Output Format Example:

{""MeasureCode"": """"}

Entity 1:

{""ProviderNumber"": ""10035"", ""HospitalName"": ""cullman regional medical center"", ""Address1"": ""1912 alabama highway 157"", ""Address2"": ""empty"", ""Address3"": ""empty"", ""City"": ""cullman"", ""State"": ""al"", ""ZipCode"": ""35058"", ""CountyName"": ""cullman"", ""PhoneNumber"": ""2567372000"", ""HospitalType"": ""acutexcarexhospitals"", ""HospitalOwner"": ""government - hospital district or authority"", ""EmergencyService"": ""yes"", ""Condition"": ""pneumonia"", ""MeasureCode"": ""px-4"", ""MeasureName"": ""pneumonia patients given smoking cessation advice/counseling"", ""Score"": ""100%"", ""Sample"": ""90 patients"", ""Stateavg"": ""al_pn-4"", ""count"": 2}

Take these rows as reference:

{""ProviderNumber"": ""10035"", ""HospitalName"": ""cullman regional medical center"", ""Address1"": ""1912 alabama highway 157"", ""Address2"": ""empty"", ""Address3"": ""empty"", ""City"": ""cullman"", ""State"": ""al"", ""ZipCode"": ""35058"", ""CountyName"": ""cullman"", ""PhoneNumber"": ""2567372000"", ""HospitalType"": ""acute care hospitals"", ""HospitalOwner"": ""government - hospital district or authority"", ""EmergencyService"": ""yes"", ""Condition"": ""heart failure"", ""MeasureCode"": ""hf-3"", ""MeasureName"": ""heart failure patients given ace inhibitor or arb for left ventricular systolic dysfunction (lvsd)"", ""Score"": ""97%"", ""Sample"": ""37 patients"", ""Stateavg"": ""al_hf-3""}

{""ProviderNumber"": ""10035"", ""HospitalName"": ""cullman regional medical center"", ""Address1"": ""1912 alabama highway 157"", ""Address2"": ""empty"", ""Address3"": ""empty"", ""City"": ""cullman"", ""State"": ""al"", ""ZipCode"": ""35058"", ""CountyName"": ""cullman"", ""PhoneNumber"": ""2567372000"", ""HospitalType"": ""acute care hospitals"", ""HospitalOwner"": ""government - hospital district or authority"", ""EmergencyService"": ""yes"", ""Condition"": ""heart failure"", ""MeasureCode"": ""hf-4"", ""MeasureName"": ""heart failure patients given smoking cessation advice/counseling"", ""Score"": ""100%"", ""Sample"": ""42 patients"", ""Stateavg"": ""al_hf-4""}

",,"{""MeasureCode"": ""pn-4""}","  {""MeasureCode"": ""pn-4""}"
386,"You are an expert in Cleaning Hospital Dataset. Given the dirty row Entity 1, you are required to correct the values of HospitalName in Entity 1.

Return in json format.

Output Format Example:

{""HospitalName"": """"}

Entity 1:

{""ProviderNumber"": ""10035"", ""HospitalName"": ""cullmxn regionxl medicxl center"", ""Address1"": ""1912 alabama highway 157"", ""Address2"": ""empty"", ""Address3"": ""empty"", ""City"": ""cullman"", ""State"": ""al"", ""ZipCode"": ""35058"", ""CountyName"": ""cxllman"", ""PhoneNumber"": ""2567372000"", ""HospitalType"": ""acute care hospitals"", ""HospitalOwner"": ""government - hospital district or authority"", ""EmergencyService"": ""yes"", ""Condition"": ""pneumonia"", ""MeasureCode"": ""pn-5c"", ""MeasureName"": ""pneumonia patients given initial antibiotic(s) within 6 hours after arrival"", ""Score"": ""99%"", ""Sample"": ""160 patients"", ""Stateavg"": ""al_pn-5c"", ""count"": 2}

Take these rows as reference:

{""ProviderNumber"": ""10035"", ""HospitalName"": ""cullmxn regionxl medicxl center"", ""Address1"": ""1912 alabama highway 157"", ""Address2"": ""empty"", ""Address3"": ""empty"", ""City"": ""cullman"", ""State"": ""al"", ""ZipCode"": ""35058"", ""CountyName"": ""cxllman"", ""PhoneNumber"": ""2567372000"", ""HospitalType"": ""acute care hospitals"", ""HospitalOwner"": ""government - hospital district or authority"", ""EmergencyService"": ""yes"", ""Condition"": ""pneumonia"", ""MeasureCode"": ""pn-5c"", ""MeasureName"": ""pneumonia patients given initial antibiotic(s) within 6 hours after arrival"", ""Score"": ""99%"", ""Sample"": ""160 patients"", ""Stateavg"": ""al_pn-5c""}

{""ProviderNumber"": ""10035"", ""HospitalName"": ""cullman regional medical center"", ""Address1"": ""1912 alabama highway 157"", ""Address2"": ""empty"", ""Address3"": ""empty"", ""City"": ""cullman"", ""State"": ""al"", ""ZipCode"": ""35058"", ""CountyName"": ""cullman"", ""PhoneNumber"": ""2567372000"", ""HospitalType"": ""acute care hospitals"", ""HospitalOwner"": ""government - hospital district or authority"", ""EmergencyService"": ""yes"", ""Condition"": ""heart attack"", ""MeasureCode"": ""ami-4"", ""MeasureName"": ""heart attack patients given smoking cessation advice/counseling"", ""Score"": ""100%"", ""Sample"": ""3 patients"", ""Stateavg"": ""al_ami-4""}

",,"{""HospitalName"": ""cullman regional medical center""}","  {""HospitalName"": ""cullman regional medical center""}"
387,"You are an expert in Cleaning Hospital Dataset. Given the dirty row Entity 1, you are required to correct the values of CountyName in Entity 1.

Return in json format.

Output Format Example:

{""CountyName"": """"}

Entity 1:

{""ProviderNumber"": ""10035"", ""HospitalName"": ""cullmxn regionxl medicxl center"", ""Address1"": ""1912 alabama highway 157"", ""Address2"": ""empty"", ""Address3"": ""empty"", ""City"": ""cullman"", ""State"": ""al"", ""ZipCode"": ""35058"", ""CountyName"": ""cxllman"", ""PhoneNumber"": ""2567372000"", ""HospitalType"": ""acute care hospitals"", ""HospitalOwner"": ""government - hospital district or authority"", ""EmergencyService"": ""yes"", ""Condition"": ""pneumonia"", ""MeasureCode"": ""pn-5c"", ""MeasureName"": ""pneumonia patients given initial antibiotic(s) within 6 hours after arrival"", ""Score"": ""99%"", ""Sample"": ""160 patients"", ""Stateavg"": ""al_pn-5c"", ""count"": 2}

Take these rows as reference:

{""ProviderNumber"": ""10035"", ""HospitalName"": ""cullman regional medical center"", ""Address1"": ""1912 alabama highway 157"", ""Address2"": ""empty"", ""Address3"": ""empty"", ""City"": ""cullman"", ""State"": ""al"", ""ZipCode"": ""35058"", ""CountyName"": ""cxllman"", ""PhoneNumber"": ""2567372000"", ""HospitalType"": ""acute care hospitals"", ""HospitalOwner"": ""government - hospital district or authority"", ""EmergencyService"": ""yes"", ""Condition"": ""heart attack"", ""MeasureCode"": ""ami-8a"", ""MeasureName"": ""heart attack patients given pci within 90 minutes of arrival"", ""Score"": ""empty"", ""Sample"": ""0 patients"", ""Stateavg"": ""al_ami-8a""}

{""ProviderNumber"": ""10035"", ""HospitalName"": ""cullman regional medical center"", ""Address1"": ""1912 alabama highway 157"", ""Address2"": ""empty"", ""Address3"": ""empty"", ""City"": ""cullman"", ""State"": ""al"", ""ZipCode"": ""35058"", ""CountyName"": ""cullman"", ""PhoneNumber"": ""2567372000"", ""HospitalType"": ""acute care hospitals"", ""HospitalOwner"": ""government - hospital district or authority"", ""EmergencyService"": ""yes"", ""Condition"": ""heartxattack"", ""MeasureCode"": ""ami-1"", ""MeasureName"": ""heart attack patients given aspirin at arrival"", ""Score"": ""100%"", ""Sample"": ""51 patients"", ""Stateavg"": ""al_ami-1""}

",,"{""CountyName"": ""cullman""}","  {""CountyName"": ""cullman""}"
388,"You are an expert in Cleaning Hospital Dataset. Given the dirty row Entity 1, you are required to correct the values of Condition in Entity 1.

Return in json format.

Output Format Example:

{""Condition"": """"}

Entity 1:

{""ProviderNumber"": ""10035"", ""HospitalName"": ""cullman regional medical center"", ""Address1"": ""1912 alabama highway 157"", ""Address2"": ""empty"", ""Address3"": ""empty"", ""City"": ""cullman"", ""State"": ""al"", ""ZipCode"": ""35058"", ""CountyName"": ""cullman"", ""PhoneNumber"": ""2567372000"", ""HospitalType"": ""acute care hospitals"", ""HospitalOwner"": ""government - hospital district or authority"", ""EmergencyService"": ""yes"", ""Condition"": ""suxgical infection pxevention"", ""MeasureCode"": ""scip-card-2"", ""MeasureName"": ""surgery patients who were taking heart drugs called beta blockers before coming to the hospital who were kept on the beta blockers during the period just before and after their surgery"", ""Score"": ""99%"", ""Sample"": ""68 patients"", ""Stateavg"": ""al_scip-card-2"", ""count"": 1}

Take these rows as reference:

{""ProviderNumber"": ""10035"", ""HospitalName"": ""cullmxn regionxl medicxl center"", ""Address1"": ""1912 alabama highway 157"", ""Address2"": ""empty"", ""Address3"": ""empty"", ""City"": ""cullman"", ""State"": ""al"", ""ZipCode"": ""35058"", ""CountyName"": ""cxllman"", ""PhoneNumber"": ""2567372000"", ""HospitalType"": ""acute care hospitals"", ""HospitalOwner"": ""government - hospital district or authority"", ""EmergencyService"": ""yes"", ""Condition"": ""pneumonia"", ""MeasureCode"": ""pn-5c"", ""MeasureName"": ""pneumonia patients given initial antibiotic(s) within 6 hours after arrival"", ""Score"": ""99%"", ""Sample"": ""160 patients"", ""Stateavg"": ""al_pn-5c""}

{""ProviderNumber"": ""10035"", ""HospitalName"": ""cullmxn regionxl medicxl center"", ""Address1"": ""1912 alabama highway 157"", ""Address2"": ""empty"", ""Address3"": ""empty"", ""City"": ""cullman"", ""State"": ""al"", ""ZipCode"": ""35058"", ""CountyName"": ""cxllman"", ""PhoneNumber"": ""2567372000"", ""HospitalType"": ""acute care hospitals"", ""HospitalOwner"": ""government - hospital district or authority"", ""EmergencyService"": ""yes"", ""Condition"": ""pneumonia"", ""MeasureCode"": ""pn-5c"", ""MeasureName"": ""pneumonia patients given initial antibiotic(s) within 6 hours after arrival"", ""Score"": ""99%"", ""Sample"": ""160 patients"", ""Stateavg"": ""al_pn-5c""}

",,"{""Condition"": ""surgical infection prevention""}","  {""Condition"": ""surgical infection prevention""}"
389,"You are an expert in Cleaning Hospital Dataset. Given the dirty row Entity 1, you are required to correct the values of MeasureCode in Entity 1.

Return in json format.

Output Format Example:

{""MeasureCode"": """"}

Entity 1:

{""ProviderNumber"": ""10035"", ""HospitalName"": ""cullman regional medical center"", ""Address1"": ""1912 alabama highway 157"", ""Address2"": ""empty"", ""Address3"": ""empty"", ""City"": ""cullman"", ""State"": ""al"", ""ZipCode"": ""35058"", ""CountyName"": ""cullman"", ""PhoneNumber"": ""2567372000"", ""HospitalType"": ""acute care hospitals"", ""HospitalOwner"": ""government - hospital district or authority"", ""EmergencyService"": ""yes"", ""Condition"": ""surgical infection prevention"", ""MeasureCode"": ""scix-inf-2"", ""MeasureName"": ""surgery patients who were given the  right kind  of antibiotic to help prevent infection"", ""Score"": ""98%"", ""Sample"": ""417 patients"", ""Stateavg"": ""al_scip-inf-2"", ""count"": 1}

Take these rows as reference:

{""ProviderNumber"": ""10035"", ""HospitalName"": ""cullman regional medical center"", ""Address1"": ""1912 alabama highway 157"", ""Address2"": ""empty"", ""Address3"": ""empty"", ""City"": ""cullman"", ""State"": ""al"", ""ZipCode"": ""35058"", ""CountyName"": ""cullman"", ""PhoneNumber"": ""2567372000"", ""HospitalType"": ""acute care hospitals"", ""HospitalOwner"": ""government - hospital district or authority"", ""EmergencyService"": ""yes"", ""Condition"": ""heart failure"", ""MeasureCode"": ""hf-3"", ""MeasureName"": ""heart failure patients given ace inhibitor or arb for left ventricular systolic dysfunction (lvsd)"", ""Score"": ""97%"", ""Sample"": ""37 patients"", ""Stateavg"": ""al_hf-3""}

{""ProviderNumber"": ""10035"", ""HospitalName"": ""cullmxn regionxl medicxl center"", ""Address1"": ""1912 alabama highway 157"", ""Address2"": ""empty"", ""Address3"": ""empty"", ""City"": ""cullman"", ""State"": ""al"", ""ZipCode"": ""35058"", ""CountyName"": ""cxllman"", ""PhoneNumber"": ""2567372000"", ""HospitalType"": ""acute care hospitals"", ""HospitalOwner"": ""government - hospital district or authority"", ""EmergencyService"": ""yes"", ""Condition"": ""pneumonia"", ""MeasureCode"": ""pn-5c"", ""MeasureName"": ""pneumonia patients given initial antibiotic(s) within 6 hours after arrival"", ""Score"": ""99%"", ""Sample"": ""160 patients"", ""Stateavg"": ""al_pn-5c""}

",,"{""MeasureCode"": ""scip-inf-2""}","  {""MeasureCode"": ""scip-inf-2""}"
390,"You are an expert in Cleaning Hospital Dataset. Given the dirty row Entity 1, you are required to correct the values of Address1 in Entity 1.

Return in json format.

Output Format Example:

{""Address1"": """"}

Entity 1:

{""ProviderNumber"": ""10035"", ""HospitalName"": ""cullman regional medical center"", ""Address1"": ""1912xalabamaxhighwayx157"", ""Address2"": ""empty"", ""Address3"": ""empty"", ""City"": ""cuxxman"", ""State"": ""al"", ""ZipCode"": ""35058"", ""CountyName"": ""cullman"", ""PhoneNumber"": ""2567372000"", ""HospitalType"": ""acute care hospitals"", ""HospitalOwner"": ""government - hospital district or authority"", ""EmergencyService"": ""yes"", ""Condition"": ""surgical infection prevention"", ""MeasureCode"": ""scip-inf-3"", ""MeasureName"": ""surgery patients whose preventive antibiotics were stopped at the right time (within 24 hours after surgery)"", ""Score"": ""98%"", ""Sample"": ""405 patients"", ""Stateavg"": ""al_scip-inf-3"", ""count"": 2}

Take these rows as reference:

{""ProviderNumber"": ""10035"", ""HospitalName"": ""cullman regional medical center"", ""Address1"": ""1912 alabama highway 157"", ""Address2"": ""empty"", ""Address3"": ""empty"", ""City"": ""cullman"", ""State"": ""al"", ""ZipCode"": ""35058"", ""CountyName"": ""cxllman"", ""PhoneNumber"": ""2567372000"", ""HospitalType"": ""acute care hospitals"", ""HospitalOwner"": ""government - hospital district or authority"", ""EmergencyService"": ""yes"", ""Condition"": ""heart attack"", ""MeasureCode"": ""ami-8a"", ""MeasureName"": ""heart attack patients given pci within 90 minutes of arrival"", ""Score"": ""empty"", ""Sample"": ""0 patients"", ""Stateavg"": ""al_ami-8a""}

{""ProviderNumber"": ""10035"", ""HospitalName"": ""cullman regional medical center"", ""Address1"": ""1912 alabama highway 157"", ""Address2"": ""empty"", ""Address3"": ""empty"", ""City"": ""cullman"", ""State"": ""al"", ""ZipCode"": ""35058"", ""CountyName"": ""cullman"", ""PhoneNumber"": ""2567372000"", ""HospitalType"": ""acute care hospitals"", ""HospitalOwner"": ""government - hospital district or authority"", ""EmergencyService"": ""yes"", ""Condition"": ""heart failure"", ""MeasureCode"": ""hf-3"", ""MeasureName"": ""heart failure patients given ace inhibitor or arb for left ventricular systolic dysfunction (lvsd)"", ""Score"": ""97%"", ""Sample"": ""37 patients"", ""Stateavg"": ""al_hf-3""}

",,"{""Address1"": ""1912 alabama highway 157""}","  {""Address1"": ""1912 alabama highway 157""}"
391,"You are an expert in Cleaning Hospital Dataset. Given the dirty row Entity 1, you are required to correct the values of City in Entity 1.

Return in json format.

Output Format Example:

{""City"": """"}

Entity 1:

{""ProviderNumber"": ""10035"", ""HospitalName"": ""cullman regional medical center"", ""Address1"": ""1912xalabamaxhighwayx157"", ""Address2"": ""empty"", ""Address3"": ""empty"", ""City"": ""cuxxman"", ""State"": ""al"", ""ZipCode"": ""35058"", ""CountyName"": ""cullman"", ""PhoneNumber"": ""2567372000"", ""HospitalType"": ""acute care hospitals"", ""HospitalOwner"": ""government - hospital district or authority"", ""EmergencyService"": ""yes"", ""Condition"": ""surgical infection prevention"", ""MeasureCode"": ""scip-inf-3"", ""MeasureName"": ""surgery patients whose preventive antibiotics were stopped at the right time (within 24 hours after surgery)"", ""Score"": ""98%"", ""Sample"": ""405 patients"", ""Stateavg"": ""al_scip-inf-3"", ""count"": 2}

Take these rows as reference:

{""ProviderNumber"": ""10035"", ""HospitalName"": ""cullman regional medical center"", ""Address1"": ""1912 alabama highway 157"", ""Address2"": ""empty"", ""Address3"": ""empty"", ""City"": ""cullman"", ""State"": ""al"", ""ZipCode"": ""35058"", ""CountyName"": ""cullman"", ""PhoneNumber"": ""2567372000"", ""HospitalType"": ""acute care hospitals"", ""HospitalOwner"": ""government - hospital district or authority"", ""EmergencyService"": ""yes"", ""Condition"": ""surgical infection prevention"", ""MeasureCode"": ""scip-vte-1"", ""MeasureName"": ""surgery patients whose doctors ordered treatments to prevent blood clots after certain types of surgeries"", ""Score"": ""95%"", ""Sample"": ""298 patients"", ""Stateavg"": ""al_scip-vte-1""}

{""ProviderNumber"": ""10035"", ""HospitalName"": ""cullman regional medical center"", ""Address1"": ""1912 alabama highway 157"", ""Address2"": ""empty"", ""Address3"": ""empty"", ""City"": ""cullman"", ""State"": ""al"", ""ZipCode"": ""35058"", ""CountyName"": ""cullman"", ""PhoneNumber"": ""2567372000"", ""HospitalType"": ""acute care hospitals"", ""HospitalOwner"": ""government - hospital district or authority"", ""EmergencyService"": ""yes"", ""Condition"": ""heart failure"", ""MeasureCode"": ""hf-3"", ""MeasureName"": ""heart failure patients given ace inhibitor or arb for left ventricular systolic dysfunction (lvsd)"", ""Score"": ""97%"", ""Sample"": ""37 patients"", ""Stateavg"": ""al_hf-3""}

",,"{""City"": ""cullman""}","  {""City"": ""cullman""}"
392,"You are an expert in Cleaning Hospital Dataset. Given the dirty row Entity 1, you are required to correct the values of HospitalOwner in Entity 1.

Return in json format.

Output Format Example:

{""HospitalOwner"": """"}

Entity 1:

{""ProviderNumber"": ""10036"", ""HospitalName"": ""andalusia regional hospital"", ""Address1"": ""849 south three notch street"", ""Address2"": ""empty"", ""Address3"": ""empty"", ""City"": ""andalusia"", ""State"": ""al"", ""ZipCode"": ""36420"", ""CountyName"": ""covington"", ""PhoneNumber"": ""3342228466"", ""HospitalType"": ""acute care hospitals"", ""HospitalOwner"": ""prxprietary"", ""EmergencyService"": ""no"", ""Condition"": ""heart attack"", ""MeasureCode"": ""ami-4"", ""MeasureName"": ""heart attack patients given smoking cessation advice/counseling"", ""Score"": ""empty"", ""Sample"": ""0 patients"", ""Stateavg"": ""al_ami-4"", ""count"": 1}

Take these rows as reference:

{""ProviderNumber"": ""10036"", ""HospitalName"": ""andaxusia regionax hospitax"", ""Address1"": ""849 south three notch street"", ""Address2"": ""empty"", ""Address3"": ""empty"", ""City"": ""andalusia"", ""State"": ""al"", ""ZipCode"": ""36420"", ""CountyName"": ""covington"", ""PhoneNumber"": ""3342228466"", ""HospitalType"": ""acute care hospitals"", ""HospitalOwner"": ""proprietary"", ""EmergencyService"": ""no"", ""Condition"": ""surgical infection prevention"", ""MeasureCode"": ""scip-card-2"", ""MeasureName"": ""surgery patients who were taking heart drugs called beta blockers before coming to the hospital who were kept on the beta blockers during the period just before and after their surgery"", ""Score"": ""89%"", ""Sample"": ""19 patients"", ""Stateavg"": ""al_scip-card-2""}

{""ProviderNumber"": ""10036"", ""HospitalName"": ""andaxusia regionax hospitax"", ""Address1"": ""849 south three notch street"", ""Address2"": ""empty"", ""Address3"": ""empty"", ""City"": ""andalusia"", ""State"": ""al"", ""ZipCode"": ""36420"", ""CountyName"": ""covington"", ""PhoneNumber"": ""3342228466"", ""HospitalType"": ""acute care hospitals"", ""HospitalOwner"": ""proprietary"", ""EmergencyService"": ""no"", ""Condition"": ""surgical infection prevention"", ""MeasureCode"": ""scip-card-2"", ""MeasureName"": ""surgery patients who were taking heart drugs called beta blockers before coming to the hospital who were kept on the beta blockers during the period just before and after their surgery"", ""Score"": ""89%"", ""Sample"": ""19 patients"", ""Stateavg"": ""al_scip-card-2""}

",,"{""HospitalOwner"": ""proprietary""}","  {""HospitalOwner"": ""proprietary""}"
393,"You are an expert in Cleaning Hospital Dataset. Given the dirty row Entity 1, you are required to correct the values of MeasureCode in Entity 1.

Return in json format.

Output Format Example:

{""MeasureCode"": """"}

Entity 1:

{""ProviderNumber"": ""10036"", ""HospitalName"": ""andalusia regional hospital"", ""Address1"": ""849 south three notch street"", ""Address2"": ""empty"", ""Address3"": ""empty"", ""City"": ""andalusia"", ""State"": ""al"", ""ZipCode"": ""36420"", ""CountyName"": ""covington"", ""PhoneNumber"": ""3342228466"", ""HospitalType"": ""acute care hospitals"", ""HospitalOwner"": ""proprietary"", ""EmergencyService"": ""no"", ""Condition"": ""heart failure"", ""MeasureCode"": ""hx-2"", ""MeasureName"": ""heart failure patients given an evaluation of left ventricular systolic (lvs) function"", ""Score"": ""91%"", ""Sample"": ""139 patients"", ""Stateavg"": ""al_hf-2"", ""count"": 1}

Take these rows as reference:

{""ProviderNumber"": ""10036"", ""HospitalName"": ""andalusia regional hospital"", ""Address1"": ""849 south three notch street"", ""Address2"": ""empty"", ""Address3"": ""empty"", ""City"": ""andaluxia"", ""State"": ""al"", ""ZipCode"": ""36420"", ""CountyName"": ""covington"", ""PhoneNumber"": ""3342228466"", ""HospitalType"": ""acute care hospitals"", ""HospitalOwner"": ""proprietary"", ""EmergencyService"": ""no"", ""Condition"": ""pneumonia"", ""MeasureCode"": ""pn-6"", ""MeasureName"": ""pneumonia patients given the most appropriate initial antibiotic(s)"", ""Score"": ""75%"", ""Sample"": ""64 patients"", ""Stateavg"": ""al_pn-6""}

{""ProviderNumber"": ""10036"", ""HospitalName"": ""andalusia regional hospital"", ""Address1"": ""849 south three notch street"", ""Address2"": ""empty"", ""Address3"": ""empty"", ""City"": ""andalusia"", ""State"": ""al"", ""ZipCode"": ""36420"", ""CountyName"": ""coxington"", ""PhoneNumber"": ""3342228466"", ""HospitalType"": ""acute care hospitals"", ""HospitalOwner"": ""proprietary"", ""EmergencyService"": ""no"", ""Condition"": ""pneumonia"", ""MeasureCode"": ""pn-2"", ""MeasureName"": ""pneumonia patients assessed and given pneumococcal vaccination"", ""Score"": ""100%"", ""Sample"": ""77 patients"", ""Stateavg"": ""al_pn-2""}

",,"{""MeasureCode"": ""hf-2""}","  {""MeasureCode"": ""hf-2""}"
394,"You are an expert in Cleaning Hospital Dataset. Given the dirty row Entity 1, you are required to correct the values of ZipCode in Entity 1.

Return in json format.

Output Format Example:

{""ZipCode"": """"}

Entity 1:

{""ProviderNumber"": ""10036"", ""HospitalName"": ""andalusia regional hospital"", ""Address1"": ""849 south three notch street"", ""Address2"": ""empty"", ""Address3"": ""empty"", ""City"": ""andalusia"", ""State"": ""al"", ""ZipCode"": ""3642x"", ""CountyName"": ""covington"", ""PhoneNumber"": ""3342228466"", ""HospitalType"": ""acute care hospitals"", ""HospitalOwner"": ""proprietary"", ""EmergencyService"": ""no"", ""Condition"": ""heart failure"", ""MeasureCode"": ""hf-3"", ""MeasureName"": ""heart failure patients given ace inhibitor or arb for left ventricular systolic dysfunction (lvsd)"", ""Score"": ""86%"", ""Sample"": ""21 patients"", ""Stateavg"": ""al_hf-3"", ""count"": 1}

Take these rows as reference:

{""ProviderNumber"": ""10035"", ""HospitalName"": ""cullman regional medical center"", ""Address1"": ""1912 alabama highway 157"", ""Address2"": ""empty"", ""Address3"": ""empty"", ""City"": ""cullman"", ""State"": ""al"", ""ZipCode"": ""35058"", ""CountyName"": ""cullman"", ""PhoneNumber"": ""2567372000"", ""HospitalType"": ""acute care hospitals"", ""HospitalOwner"": ""government - hospital district or authority"", ""EmergencyService"": ""yes"", ""Condition"": ""surgical infection prevention"", ""MeasureCode"": ""scip-vte-2"", ""MeasureName"": ""patients who got treatment  at the right time (within 24 hours before or after their surgery) to help prevent blood clots after certain types of surgery"", ""Score"": ""95%"", ""Sample"": ""298 patients"", ""Stateavg"": ""al_scip-vte-2""}

{""ProviderNumber"": ""10036"", ""HospitalName"": ""andaxusia regionax hospitax"", ""Address1"": ""849 south three notch street"", ""Address2"": ""empty"", ""Address3"": ""empty"", ""City"": ""andalusia"", ""State"": ""al"", ""ZipCode"": ""36420"", ""CountyName"": ""covington"", ""PhoneNumber"": ""3342228466"", ""HospitalType"": ""acute care hospitals"", ""HospitalOwner"": ""proprietary"", ""EmergencyService"": ""no"", ""Condition"": ""surgical infection prevention"", ""MeasureCode"": ""scip-card-2"", ""MeasureName"": ""surgery patients who were taking heart drugs called beta blockers before coming to the hospital who were kept on the beta blockers during the period just before and after their surgery"", ""Score"": ""89%"", ""Sample"": ""19 patients"", ""Stateavg"": ""al_scip-card-2""}

",,"{""ZipCode"": ""36420""}","  {""ZipCode"": ""36420""}"
395,"You are an expert in Cleaning Hospital Dataset. Given the dirty row Entity 1, you are required to correct the values of PhoneNumber in Entity 1.

Return in json format.

Output Format Example:

{""PhoneNumber"": """"}

Entity 1:

{""ProviderNumber"": ""10036"", ""HospitalName"": ""andalusia regional hospital"", ""Address1"": ""849 south three notch street"", ""Address2"": ""empty"", ""Address3"": ""empty"", ""City"": ""andalusia"", ""State"": ""al"", ""ZipCode"": ""36420"", ""CountyName"": ""covington"", ""PhoneNumber"": ""334xxx8466"", ""HospitalType"": ""acute care hospitals"", ""HospitalOwner"": ""proprietary"", ""EmergencyService"": ""no"", ""Condition"": ""heart failure"", ""MeasureCode"": ""hf-4"", ""MeasureName"": ""heart failure patients given smoking cessation advice/counseling"", ""Score"": ""100%"", ""Sample"": ""32 patients"", ""Stateavg"": ""al_hf-4"", ""count"": 1}

Take these rows as reference:

{""ProviderNumber"": ""10036"", ""HospitalName"": ""andalusia regional hospital"", ""Address1"": ""849 south three notch street"", ""Address2"": ""empty"", ""Address3"": ""empty"", ""City"": ""andalusia"", ""State"": ""al"", ""ZipCode"": ""36420"", ""CountyName"": ""coxington"", ""PhoneNumber"": ""3342228466"", ""HospitalType"": ""acute care hospitals"", ""HospitalOwner"": ""proprietary"", ""EmergencyService"": ""no"", ""Condition"": ""pneumonia"", ""MeasureCode"": ""pn-2"", ""MeasureName"": ""pneumonia patients assessed and given pneumococcal vaccination"", ""Score"": ""100%"", ""Sample"": ""77 patients"", ""Stateavg"": ""al_pn-2""}

{""ProviderNumber"": ""10036"", ""HospitalName"": ""andalusia regional hospital"", ""Address1"": ""849 south three notch street"", ""Address2"": ""empty"", ""Address3"": ""empty"", ""City"": ""andalusia"", ""State"": ""al"", ""ZipCode"": ""36420"", ""CountyName"": ""covington"", ""PhoneNumber"": ""3342228466"", ""HospitalType"": ""acute care hospitals"", ""HospitalOwner"": ""proprietary"", ""EmergencyService"": ""no"", ""Condition"": ""heart attack"", ""MeasureCode"": ""ami-2"", ""MeasureName"": ""heart attack patients given aspirin at discharge"", ""Score"": ""60%"", ""Sample"": ""5 patients"", ""Stateavg"": ""al_ami-2""}

",,"{""PhoneNumber"": ""3342228466""}","  {""PhoneNumber"": ""3342228466""}"
396,"You are an expert in Cleaning Hospital Dataset. Given the dirty row Entity 1, you are required to correct the values of CountyName in Entity 1.

Return in json format.

Output Format Example:

{""CountyName"": """"}

Entity 1:

{""ProviderNumber"": ""10036"", ""HospitalName"": ""andalusia regional hospital"", ""Address1"": ""849 south three notch street"", ""Address2"": ""empty"", ""Address3"": ""empty"", ""City"": ""andalusia"", ""State"": ""al"", ""ZipCode"": ""36420"", ""CountyName"": ""coxington"", ""PhoneNumber"": ""3342228466"", ""HospitalType"": ""acute care hospitals"", ""HospitalOwner"": ""proprietary"", ""EmergencyService"": ""no"", ""Condition"": ""pneumonia"", ""MeasureCode"": ""pn-2"", ""MeasureName"": ""pneumonia patients assessed and given pneumococcal vaccination"", ""Score"": ""100%"", ""Sample"": ""77 patients"", ""Stateavg"": ""al_pn-2"", ""count"": 1}

Take these rows as reference:

{""ProviderNumber"": ""10035"", ""HospitalName"": ""cullman regional medical center"", ""Address1"": ""1912 alabama highway 157"", ""Address2"": ""empty"", ""Address3"": ""empty"", ""City"": ""cullman"", ""State"": ""al"", ""ZipCode"": ""35058"", ""CountyName"": ""cullman"", ""PhoneNumber"": ""2567372000"", ""HospitalType"": ""acute care hospitals"", ""HospitalOwner"": ""government - hospital district or authority"", ""EmergencyService"": ""yes"", ""Condition"": ""surgical infection prevention"", ""MeasureCode"": ""scip-vte-2"", ""MeasureName"": ""patients who got treatment  at the right time (within 24 hours before or after their surgery) to help prevent blood clots after certain types of surgery"", ""Score"": ""95%"", ""Sample"": ""298 patients"", ""Stateavg"": ""al_scip-vte-2""}

{""ProviderNumber"": ""10036"", ""HospitalName"": ""andalusia regional hospital"", ""Address1"": ""849 south three notch street"", ""Address2"": ""empty"", ""Address3"": ""empty"", ""City"": ""andalusia"", ""State"": ""al"", ""ZipCode"": ""36420"", ""CountyName"": ""covington"", ""PhoneNumber"": ""3342228466"", ""HospitalType"": ""acute care hospitals"", ""HospitalOwner"": ""proprietary"", ""EmergencyService"": ""no"", ""Condition"": ""heart attack"", ""MeasureCode"": ""ami-7a"", ""MeasureName"": ""heart attack patients given fibrinolytic medication within 30 minutes of arrival"", ""Score"": ""empty"", ""Sample"": ""0 patients"", ""Stateavg"": ""al_ami-7a""}

",,"{""CountyName"": ""covington""}","  {""CountyName"": ""covington""}"
397,"You are an expert in Cleaning Hospital Dataset. Given the dirty row Entity 1, you are required to correct the values of ProviderNumber in Entity 1.

Return in json format.

Output Format Example:

{""ProviderNumber"": """"}

Entity 1:

{""ProviderNumber"": ""1xx36"", ""HospitalName"": ""andalusia regional hospital"", ""Address1"": ""849 south three notch street"", ""Address2"": ""empty"", ""Address3"": ""empty"", ""City"": ""andalusia"", ""State"": ""al"", ""ZipCode"": ""36420"", ""CountyName"": ""covington"", ""PhoneNumber"": ""3342228466"", ""HospitalType"": ""acute care hospitals"", ""HospitalOwner"": ""proprietary"", ""EmergencyService"": ""no"", ""Condition"": ""pneumonia"", ""MeasureCode"": ""pn-5c"", ""MeasureName"": ""pneumonia patients given initial antibiotic(s) within 6 hours after arrival"", ""Score"": ""97%"", ""Sample"": ""93 patients"", ""Stateavg"": ""al_pn-5c"", ""count"": 1}

Take these rows as reference:

{""ProviderNumber"": ""10036"", ""HospitalName"": ""andalusia regional hospital"", ""Address1"": ""849 south three notch street"", ""Address2"": ""empty"", ""Address3"": ""empty"", ""City"": ""andalusia"", ""State"": ""al"", ""ZipCode"": ""36420"", ""CountyName"": ""covington"", ""PhoneNumber"": ""3342228466"", ""HospitalType"": ""acute care hospitals"", ""HospitalOwner"": ""proprietary"", ""EmergencyService"": ""no"", ""Condition"": ""heart attack"", ""MeasureCode"": ""ami-5"", ""MeasureName"": ""heart attack patients given beta blocker at discharge"", ""Score"": ""100%"", ""Sample"": ""6 patients"", ""Stateavg"": ""al_ami-5""}

{""ProviderNumber"": ""10036"", ""HospitalName"": ""andalusia regional hospital"", ""Address1"": ""849 south three notch street"", ""Address2"": ""empty"", ""Address3"": ""empty"", ""City"": ""andalusia"", ""State"": ""al"", ""ZipCode"": ""36420"", ""CountyName"": ""covington"", ""PhoneNumber"": ""3342228466"", ""HospitalType"": ""acute care hospitals"", ""HospitalOwner"": ""prxprietary"", ""EmergencyService"": ""no"", ""Condition"": ""heart attack"", ""MeasureCode"": ""ami-4"", ""MeasureName"": ""heart attack patients given smoking cessation advice/counseling"", ""Score"": ""empty"", ""Sample"": ""0 patients"", ""Stateavg"": ""al_ami-4""}

",,"{""ProviderNumber"": ""10036""}","  {""ProviderNumber"": ""10036""}"
398,"You are an expert in Cleaning Hospital Dataset. Given the dirty row Entity 1, you are required to correct the values of City in Entity 1.

Return in json format.

Output Format Example:

{""City"": """"}

Entity 1:

{""ProviderNumber"": ""10036"", ""HospitalName"": ""andalusia regional hospital"", ""Address1"": ""849 south three notch street"", ""Address2"": ""empty"", ""Address3"": ""empty"", ""City"": ""andaluxia"", ""State"": ""al"", ""ZipCode"": ""36420"", ""CountyName"": ""covington"", ""PhoneNumber"": ""3342228466"", ""HospitalType"": ""acute care hospitals"", ""HospitalOwner"": ""proprietary"", ""EmergencyService"": ""no"", ""Condition"": ""pneumonia"", ""MeasureCode"": ""pn-6"", ""MeasureName"": ""pneumonia patients given the most appropriate initial antibiotic(s)"", ""Score"": ""75%"", ""Sample"": ""64 patients"", ""Stateavg"": ""al_pn-6"", ""count"": 1}

Take these rows as reference:

{""ProviderNumber"": ""10036"", ""HospitalName"": ""andalusia regional hospital"", ""Address1"": ""849 south three notch street"", ""Address2"": ""empty"", ""Address3"": ""empty"", ""City"": ""andalusia"", ""State"": ""al"", ""ZipCode"": ""36420"", ""CountyName"": ""coxington"", ""PhoneNumber"": ""3342228466"", ""HospitalType"": ""acute care hospitals"", ""HospitalOwner"": ""proprietary"", ""EmergencyService"": ""no"", ""Condition"": ""pneumonia"", ""MeasureCode"": ""pn-2"", ""MeasureName"": ""pneumonia patients assessed and given pneumococcal vaccination"", ""Score"": ""100%"", ""Sample"": ""77 patients"", ""Stateavg"": ""al_pn-2""}

{""ProviderNumber"": ""10036"", ""HospitalName"": ""andalusia regional hospital"", ""Address1"": ""849 south three notch street"", ""Address2"": ""empty"", ""Address3"": ""empty"", ""City"": ""andalusia"", ""State"": ""al"", ""ZipCode"": ""36420"", ""CountyName"": ""covington"", ""PhoneNumber"": ""3342228466"", ""HospitalType"": ""acute care hospitals"", ""HospitalOwner"": ""proprietary"", ""EmergencyService"": ""no"", ""Condition"": ""surgical infection prevention"", ""MeasureCode"": ""scip-inf-3"", ""MeasureName"": ""surgery patients whose preventive antibiotics were stopped at the right time (within 24 hours after surgery)"", ""Score"": ""99%"", ""Sample"": ""136 patients"", ""Stateavg"": ""al_scip-inf-3""}

",,"{""City"": ""andalusia""}","  {""City"": ""andalusia""}"
399,"You are an expert in Cleaning Hospital Dataset. Given the dirty row Entity 1, you are required to correct the values of HospitalName in Entity 1.

Return in json format.

Output Format Example:

{""HospitalName"": """"}

Entity 1:

{""ProviderNumber"": ""10036"", ""HospitalName"": ""andaxusia regionax hospitax"", ""Address1"": ""849 south three notch street"", ""Address2"": ""empty"", ""Address3"": ""empty"", ""City"": ""andalusia"", ""State"": ""al"", ""ZipCode"": ""36420"", ""CountyName"": ""covington"", ""PhoneNumber"": ""3342228466"", ""HospitalType"": ""acute care hospitals"", ""HospitalOwner"": ""proprietary"", ""EmergencyService"": ""no"", ""Condition"": ""surgical infection prevention"", ""MeasureCode"": ""scip-card-2"", ""MeasureName"": ""surgery patients who were taking heart drugs called beta blockers before coming to the hospital who were kept on the beta blockers during the period just before and after their surgery"", ""Score"": ""89%"", ""Sample"": ""19 patients"", ""Stateavg"": ""al_scip-card-2"", ""count"": 1}

Take these rows as reference:

{""ProviderNumber"": ""10036"", ""HospitalName"": ""andalusia regional hospital"", ""Address1"": ""849 south three notch street"", ""Address2"": ""empty"", ""Address3"": ""empty"", ""City"": ""andalusia"", ""State"": ""al"", ""ZipCode"": ""36420"", ""CountyName"": ""coxington"", ""PhoneNumber"": ""3342228466"", ""HospitalType"": ""acute care hospitals"", ""HospitalOwner"": ""proprietary"", ""EmergencyService"": ""no"", ""Condition"": ""pneumonia"", ""MeasureCode"": ""pn-2"", ""MeasureName"": ""pneumonia patients assessed and given pneumococcal vaccination"", ""Score"": ""100%"", ""Sample"": ""77 patients"", ""Stateavg"": ""al_pn-2""}

{""ProviderNumber"": ""10036"", ""HospitalName"": ""andalusia regional hospital"", ""Address1"": ""849 south three notch street"", ""Address2"": ""empty"", ""Address3"": ""empty"", ""City"": ""andaluxia"", ""State"": ""al"", ""ZipCode"": ""36420"", ""CountyName"": ""covington"", ""PhoneNumber"": ""3342228466"", ""HospitalType"": ""acute care hospitals"", ""HospitalOwner"": ""proprietary"", ""EmergencyService"": ""no"", ""Condition"": ""pneumonia"", ""MeasureCode"": ""pn-6"", ""MeasureName"": ""pneumonia patients given the most appropriate initial antibiotic(s)"", ""Score"": ""75%"", ""Sample"": ""64 patients"", ""Stateavg"": ""al_pn-6""}

",,"{""HospitalName"": ""andalusia regional hospital""}","  {""HospitalName"": ""andalusia regional hospital""}"
400,"You are an expert in Cleaning Hospital Dataset. Given the dirty row Entity 1, you are required to correct the values of Stateavg in Entity 1.

Return in json format.

Output Format Example:

{""Stateavg"": """"}

Entity 1:

{""ProviderNumber"": ""10036"", ""HospitalName"": ""andalusia regional hospital"", ""Address1"": ""849 south three notch street"", ""Address2"": ""empty"", ""Address3"": ""empty"", ""City"": ""andalusia"", ""State"": ""al"", ""ZipCode"": ""36420"", ""CountyName"": ""covington"", ""PhoneNumber"": ""3342228466"", ""HospitalType"": ""acute care hospitals"", ""HospitalOwner"": ""proprietary"", ""EmergencyService"": ""no"", ""Condition"": ""surgical infection prevention"", ""MeasureCode"": ""scip-inf-2"", ""MeasureName"": ""surgery patients who were given the  right kind  of antibiotic to help prevent infection"", ""Score"": ""88%"", ""Sample"": ""141 patients"", ""Stateavg"": ""al_scipxinfx2"", ""count"": 1}

Take these rows as reference:

{""ProviderNumber"": ""10036"", ""HospitalName"": ""andalusia regional hospital"", ""Address1"": ""849 south three notch street"", ""Address2"": ""empty"", ""Address3"": ""empty"", ""City"": ""andalusia"", ""State"": ""al"", ""ZipCode"": ""36420"", ""CountyName"": ""covington"", ""PhoneNumber"": ""3342228466"", ""HospitalType"": ""acute care hospitals"", ""HospitalOwner"": ""proprietary"", ""EmergencyService"": ""no"", ""Condition"": ""pneumonia"", ""MeasureCode"": ""pn-3b"", ""MeasureName"": ""pneumonia patients whose initial emergency room blood culture was performed prior to the administration of the first hospital dose of antibiotics"", ""Score"": ""89%"", ""Sample"": ""55 patients"", ""Stateavg"": ""al_pn-3b""}

{""ProviderNumber"": ""10036"", ""HospitalName"": ""andalusia regional hospital"", ""Address1"": ""849 south three notch street"", ""Address2"": ""empty"", ""Address3"": ""empty"", ""City"": ""andalusia"", ""State"": ""al"", ""ZipCode"": ""36420"", ""CountyName"": ""covington"", ""PhoneNumber"": ""3342228466"", ""HospitalType"": ""acute care hospitals"", ""HospitalOwner"": ""proprietary"", ""EmergencyService"": ""no"", ""Condition"": ""heart attack"", ""MeasureCode"": ""ami-5"", ""MeasureName"": ""heart attack patients given beta blocker at discharge"", ""Score"": ""100%"", ""Sample"": ""6 patients"", ""Stateavg"": ""al_ami-5""}

",,"{""Stateavg"": ""al_scip-inf-2""}","  {""Stateavg"": ""al_scip-inf-2""}"
401,"You are an expert in Cleaning Hospital Dataset. Given the dirty row Entity 1, you are required to correct the values of PhoneNumber in Entity 1.

Return in json format.

Output Format Example:

{""PhoneNumber"": """"}

Entity 1:

{""ProviderNumber"": ""10036"", ""HospitalName"": ""andalusia regional hospital"", ""Address1"": ""849 south three notch street"", ""Address2"": ""empty"", ""Address3"": ""empty"", ""City"": ""andalusia"", ""State"": ""al"", ""ZipCode"": ""36420"", ""CountyName"": ""covington"", ""PhoneNumber"": ""33422284xx"", ""HospitalType"": ""acute care hospitals"", ""HospitalOwner"": ""proprietary"", ""EmergencyService"": ""no"", ""Condition"": ""surgical infection prevention"", ""MeasureCode"": ""scip-inf-6"", ""MeasureName"": ""surgery patients needing hair removed from the surgical area before surgery who had hair removed using a safer method (electric clippers or hair removal cream c not a razor)"", ""Score"": ""100%"", ""Sample"": ""204 patients"", ""Stateavg"": ""al_scip-inf-6"", ""count"": 1}

Take these rows as reference:

{""ProviderNumber"": ""10036"", ""HospitalName"": ""andalusia regional hospital"", ""Address1"": ""849 south three notch street"", ""Address2"": ""empty"", ""Address3"": ""empty"", ""City"": ""andalusia"", ""State"": ""al"", ""ZipCode"": ""36420"", ""CountyName"": ""covington"", ""PhoneNumber"": ""3342228466"", ""HospitalType"": ""acute care hospitals"", ""HospitalOwner"": ""prxprietary"", ""EmergencyService"": ""no"", ""Condition"": ""heart attack"", ""MeasureCode"": ""ami-4"", ""MeasureName"": ""heart attack patients given smoking cessation advice/counseling"", ""Score"": ""empty"", ""Sample"": ""0 patients"", ""Stateavg"": ""al_ami-4""}

{""ProviderNumber"": ""10036"", ""HospitalName"": ""andalusia regional hospital"", ""Address1"": ""849 south three notch street"", ""Address2"": ""empty"", ""Address3"": ""empty"", ""City"": ""andalusia"", ""State"": ""al"", ""ZipCode"": ""36420"", ""CountyName"": ""covington"", ""PhoneNumber"": ""3342228466"", ""HospitalType"": ""acute care hospitals"", ""HospitalOwner"": ""proprietary"", ""EmergencyService"": ""no"", ""Condition"": ""pneumonia"", ""MeasureCode"": ""pn-3b"", ""MeasureName"": ""pneumonia patients whose initial emergency room blood culture was performed prior to the administration of the first hospital dose of antibiotics"", ""Score"": ""89%"", ""Sample"": ""55 patients"", ""Stateavg"": ""al_pn-3b""}

",,"{""PhoneNumber"": ""3342228466""}","  {""PhoneNumber"": ""3342228466""}"
402,"You are an expert in Cleaning Hospital Dataset. Given the dirty row Entity 1, you are required to correct the values of State in Entity 1.

Return in json format.

Output Format Example:

{""State"": """"}

Entity 1:

{""ProviderNumber"": ""10036"", ""HospitalName"": ""andalusia regional hospital"", ""Address1"": ""849 south three notch street"", ""Address2"": ""empty"", ""Address3"": ""empty"", ""City"": ""andalusia"", ""State"": ""xl"", ""ZipCode"": ""36420"", ""CountyName"": ""covington"", ""PhoneNumber"": ""3342228466"", ""HospitalType"": ""acute care hospitals"", ""HospitalOwner"": ""proprietary"", ""EmergencyService"": ""no"", ""Condition"": ""surgical infection prevention"", ""MeasureCode"": ""scip-vte-1"", ""MeasureName"": ""surgery patients whose doctors ordered treatments to prevent blood clots after certain types of surgeries"", ""Score"": ""80%"", ""Sample"": ""66 patients"", ""Stateavg"": ""al_scix-vte-1"", ""count"": 2}

Take these rows as reference:

{""ProviderNumber"": ""10036"", ""HospitalName"": ""andaxusia regionax hospitax"", ""Address1"": ""849 south three notch street"", ""Address2"": ""empty"", ""Address3"": ""empty"", ""City"": ""andalusia"", ""State"": ""al"", ""ZipCode"": ""36420"", ""CountyName"": ""covington"", ""PhoneNumber"": ""3342228466"", ""HospitalType"": ""acute care hospitals"", ""HospitalOwner"": ""proprietary"", ""EmergencyService"": ""no"", ""Condition"": ""surgical infection prevention"", ""MeasureCode"": ""scip-card-2"", ""MeasureName"": ""surgery patients who were taking heart drugs called beta blockers before coming to the hospital who were kept on the beta blockers during the period just before and after their surgery"", ""Score"": ""89%"", ""Sample"": ""19 patients"", ""Stateavg"": ""al_scip-card-2""}

{""ProviderNumber"": ""10035"", ""HospitalName"": ""cullman regional medical center"", ""Address1"": ""1912 alabama highway 157"", ""Address2"": ""empty"", ""Address3"": ""empty"", ""City"": ""cullman"", ""State"": ""al"", ""ZipCode"": ""35058"", ""CountyName"": ""cullman"", ""PhoneNumber"": ""2567372000"", ""HospitalType"": ""acute care hospitals"", ""HospitalOwner"": ""government - hospital district or authority"", ""EmergencyService"": ""yes"", ""Condition"": ""surgical infection prevention"", ""MeasureCode"": ""scip-vte-2"", ""MeasureName"": ""patients who got treatment  at the right time (within 24 hours before or after their surgery) to help prevent blood clots after certain types of surgery"", ""Score"": ""95%"", ""Sample"": ""298 patients"", ""Stateavg"": ""al_scip-vte-2""}

",,"{""State"": ""al""}","  {""State"": ""al""}"
403,"You are an expert in Cleaning Hospital Dataset. Given the dirty row Entity 1, you are required to correct the values of Stateavg in Entity 1.

Return in json format.

Output Format Example:

{""Stateavg"": """"}

Entity 1:

{""ProviderNumber"": ""10036"", ""HospitalName"": ""andalusia regional hospital"", ""Address1"": ""849 south three notch street"", ""Address2"": ""empty"", ""Address3"": ""empty"", ""City"": ""andalusia"", ""State"": ""xl"", ""ZipCode"": ""36420"", ""CountyName"": ""covington"", ""PhoneNumber"": ""3342228466"", ""HospitalType"": ""acute care hospitals"", ""HospitalOwner"": ""proprietary"", ""EmergencyService"": ""no"", ""Condition"": ""surgical infection prevention"", ""MeasureCode"": ""scip-vte-1"", ""MeasureName"": ""surgery patients whose doctors ordered treatments to prevent blood clots after certain types of surgeries"", ""Score"": ""80%"", ""Sample"": ""66 patients"", ""Stateavg"": ""al_scix-vte-1"", ""count"": 2}

Take these rows as reference:

{""ProviderNumber"": ""10036"", ""HospitalName"": ""andalusia regional hospital"", ""Address1"": ""849 south three notch street"", ""Address2"": ""empty"", ""Address3"": ""empty"", ""City"": ""andalusia"", ""State"": ""al"", ""ZipCode"": ""36420"", ""CountyName"": ""covington"", ""PhoneNumber"": ""3342228466"", ""HospitalType"": ""acute care hospitals"", ""HospitalOwner"": ""proprietary"", ""EmergencyService"": ""no"", ""Condition"": ""heart attack"", ""MeasureCode"": ""ami-5"", ""MeasureName"": ""heart attack patients given beta blocker at discharge"", ""Score"": ""100%"", ""Sample"": ""6 patients"", ""Stateavg"": ""al_ami-5""}

{""ProviderNumber"": ""10036"", ""HospitalName"": ""andalusia regional hospital"", ""Address1"": ""849 south three notch street"", ""Address2"": ""empty"", ""Address3"": ""empty"", ""City"": ""andalusia"", ""State"": ""al"", ""ZipCode"": ""36420"", ""CountyName"": ""covington"", ""PhoneNumber"": ""3342228466"", ""HospitalType"": ""acute care hospitals"", ""HospitalOwner"": ""prxprietary"", ""EmergencyService"": ""no"", ""Condition"": ""heart attack"", ""MeasureCode"": ""ami-4"", ""MeasureName"": ""heart attack patients given smoking cessation advice/counseling"", ""Score"": ""empty"", ""Sample"": ""0 patients"", ""Stateavg"": ""al_ami-4""}

",,"{""Stateavg"": ""al_scip-vte-1""}","  {""Stateavg"": ""al_scip-vte-1""}"
404,"You are an expert in Cleaning Hospital Dataset. Given the dirty row Entity 1, you are required to correct the values of HospitalName in Entity 1.

Return in json format.

Output Format Example:

{""HospitalName"": """"}

Entity 1:

{""ProviderNumber"": ""10036"", ""HospitalName"": ""andaluxia regional hoxpital"", ""Address1"": ""849 south three notch street"", ""Address2"": ""empty"", ""Address3"": ""empty"", ""City"": ""andalusia"", ""State"": ""al"", ""ZipCode"": ""36420"", ""CountyName"": ""covington"", ""PhoneNumber"": ""3342228466"", ""HospitalType"": ""acute care hospitals"", ""HospitalOwner"": ""proprietary"", ""EmergencyService"": ""no"", ""Condition"": ""surgical infection prevention"", ""MeasureCode"": ""scip-vte-2"", ""MeasureName"": ""patients who got treatment  at the right time (within 24 hours before or after their surgery) to help prevent blood clots after certain types of surgery"", ""Score"": ""80%"", ""Sample"": ""66 patients"", ""Stateavg"": ""al_scip-vte-2"", ""count"": 1}

Take these rows as reference:

{""ProviderNumber"": ""10036"", ""HospitalName"": ""andalusia regional hospital"", ""Address1"": ""849 south three notch street"", ""Address2"": ""empty"", ""Address3"": ""empty"", ""City"": ""andalusia"", ""State"": ""al"", ""ZipCode"": ""36420"", ""CountyName"": ""covington"", ""PhoneNumber"": ""3342228466"", ""HospitalType"": ""acute care hospitals"", ""HospitalOwner"": ""proprietary"", ""EmergencyService"": ""no"", ""Condition"": ""heart attack"", ""MeasureCode"": ""ami-2"", ""MeasureName"": ""heart attack patients given aspirin at discharge"", ""Score"": ""60%"", ""Sample"": ""5 patients"", ""Stateavg"": ""al_ami-2""}

{""ProviderNumber"": ""10036"", ""HospitalName"": ""andalusia regional hospital"", ""Address1"": ""849 south three notch street"", ""Address2"": ""empty"", ""Address3"": ""empty"", ""City"": ""andalusia"", ""State"": ""al"", ""ZipCode"": ""36420"", ""CountyName"": ""covington"", ""PhoneNumber"": ""3342228466"", ""HospitalType"": ""acute care hospitals"", ""HospitalOwner"": ""proprietary"", ""EmergencyService"": ""no"", ""Condition"": ""heart attack"", ""MeasureCode"": ""ami-8a"", ""MeasureName"": ""heart attack patients given pci within 90 minutes of arrival"", ""Score"": ""empty"", ""Sample"": ""0 patients"", ""Stateavg"": ""al_ami-8a""}

",,"{""HospitalName"": ""andalusia regional hospital""}","  {""HospitalName"": ""andalusia regional hospital""}"
405,"You are an expert in Cleaning Hospital Dataset. Given the dirty row Entity 1, you are required to correct the values of Address1 in Entity 1.

Return in json format.

Output Format Example:

{""Address1"": """"}

Entity 1:

{""ProviderNumber"": ""10038"", ""HospitalName"": ""stringfellow memorial hospital"", ""Address1"": ""301 east 1xth st"", ""Address2"": ""empty"", ""Address3"": ""empty"", ""City"": ""anniston"", ""State"": ""al"", ""ZipCode"": ""36201"", ""CountyName"": ""calhoun"", ""PhoneNumber"": ""2562358900"", ""HospitalType"": ""acute care hospitals"", ""HospitalOwner"": ""proprietary"", ""EmergencyService"": ""yes"", ""Condition"": ""surgical infection prevention"", ""MeasureCode"": ""scip-inf-1"", ""MeasureName"": ""surgery patients who were given an antibiotic at the right time (within one hour before surgery) to help prevent infection"", ""Score"": ""99%"", ""Sample"": ""96 patients"", ""Stateavg"": ""al_scip-inf-1"", ""count"": 1}

Take these rows as reference:

{""ProviderNumber"": ""10038"", ""HospitalName"": ""stringfellow memorial hospital"", ""Address1"": ""301 east 18th st"", ""Address2"": ""empty"", ""Address3"": ""empty"", ""City"": ""anniston"", ""State"": ""al"", ""ZipCode"": ""36201"", ""CountyName"": ""calhoun"", ""PhoneNumber"": ""2562358900"", ""HospitalType"": ""acute care hospitals"", ""HospitalOwner"": ""proprietary"", ""EmergencyService"": ""yes"", ""Condition"": ""pneumonia"", ""MeasureCode"": ""pn-7"", ""MeasureName"": ""pneumonia patients assessed and given influenza vaccination"", ""Score"": ""91%"", ""Sample"": ""87 patients"", ""Stateavg"": ""al_pn-7""}

{""ProviderNumber"": ""10038"", ""HospitalName"": ""stringfellow memorial hospital"", ""Address1"": ""301 east 18th st"", ""Address2"": ""empty"", ""Address3"": ""empty"", ""City"": ""annxston"", ""State"": ""al"", ""ZipCode"": ""36201"", ""CountyName"": ""calhoun"", ""PhoneNumber"": ""2562358900"", ""HospitalType"": ""acute care hospitals"", ""HospitalOwner"": ""proprietary"", ""EmergencyService"": ""yes"", ""Condition"": ""surgical infection prevention"", ""MeasureCode"": ""scip-vte-1"", ""MeasureName"": ""surgery patients whose doctors ordered treatments to prevent blood clots after certain types of surgeries"", ""Score"": ""90%"", ""Sample"": ""117 patients"", ""Stateavg"": ""al_scip-vte-1""}

",,"{""Address1"": ""301 east 18th st""}","  {""Address1"": ""301 east 18th st""}"
406,"You are an expert in Cleaning Hospital Dataset. Given the dirty row Entity 1, you are required to correct the values of Score in Entity 1.

Return in json format.

Output Format Example:

{""Score"": """"}

Entity 1:

{""ProviderNumber"": ""10038"", ""HospitalName"": ""stringfellow memorial hospital"", ""Address1"": ""301 east 18th st"", ""Address2"": ""empty"", ""Address3"": ""empty"", ""City"": ""anniston"", ""State"": ""al"", ""ZipCode"": ""36201"", ""CountyName"": ""calhoun"", ""PhoneNumber"": ""2562358900"", ""HospitalType"": ""acute care hospitals"", ""HospitalOwner"": ""proprietary"", ""EmergencyService"": ""yes"", ""Condition"": ""surgical infection prevention"", ""MeasureCode"": ""scip-inf-3"", ""MeasureName"": ""surgery patients whose preventive antibiotics were stopped at the right time (within 24 hours after surgery)"", ""Score"": ""x3%"", ""Sample"": ""95 patients"", ""Stateavg"": ""al_scip-inf-3"", ""count"": 1}

Take these rows as reference:

{""ProviderNumber"": ""10038"", ""HospitalName"": ""stringfellow memorial hospital"", ""Address1"": ""301 east 18th st"", ""Address2"": ""empty"", ""Address3"": ""empty"", ""City"": ""anniston"", ""State"": ""al"", ""ZipCode"": ""36201"", ""CountyName"": ""calhoun"", ""PhoneNumber"": ""2562358900"", ""HospitalType"": ""acute care hospitals"", ""HospitalOwner"": ""proprietary"", ""EmergencyService"": ""yes"", ""Condition"": ""heart attack"", ""MeasureCode"": ""ami-8a"", ""MeasureName"": ""heart attack patients given pci within 90 minutes of arrival"", ""Score"": ""87%"", ""Sample"": ""15 patients"", ""Stateavg"": ""al_ami-8a""}

{""ProviderNumber"": ""10038"", ""HospitalName"": ""stringfellow memorial hospital"", ""Address1"": ""301 east 18th st"", ""Address2"": ""empty"", ""Address3"": ""empty"", ""City"": ""anniston"", ""State"": ""al"", ""ZipCode"": ""36x01"", ""CountyName"": ""calhoun"", ""PhoneNumber"": ""2562358900"", ""HospitalType"": ""acute care hospitals"", ""HospitalOwner"": ""proprietary"", ""EmergencyService"": ""yes"", ""Condition"": ""pneumonia"", ""MeasureCode"": ""pn-3b"", ""MeasureName"": ""pneumonia patients whose initial emergency room blood culture was performed prior to the administration of the first hospital dose of antibiotics"", ""Score"": ""100%"", ""Sample"": ""102 patients"", ""Stateavg"": ""al_pn-3b""}

",,"{""Score"": ""93%""}","  {""Score"": ""93%""}"
407,"You are an expert in Cleaning Hospital Dataset. Given the dirty row Entity 1, you are required to correct the values of City in Entity 1.

Return in json format.

Output Format Example:

{""City"": """"}

Entity 1:

{""ProviderNumber"": ""10038"", ""HospitalName"": ""stringfellow memorial hospital"", ""Address1"": ""301 east 18th st"", ""Address2"": ""empty"", ""Address3"": ""empty"", ""City"": ""annxston"", ""State"": ""al"", ""ZipCode"": ""36201"", ""CountyName"": ""calhoun"", ""PhoneNumber"": ""2562358900"", ""HospitalType"": ""acute care hospitals"", ""HospitalOwner"": ""proprietary"", ""EmergencyService"": ""yes"", ""Condition"": ""surgical infection prevention"", ""MeasureCode"": ""scip-vte-1"", ""MeasureName"": ""surgery patients whose doctors ordered treatments to prevent blood clots after certain types of surgeries"", ""Score"": ""90%"", ""Sample"": ""117 patients"", ""Stateavg"": ""al_scip-vte-1"", ""count"": 1}

Take these rows as reference:

{""ProviderNumber"": ""10038"", ""HospitalName"": ""stringfellow memorial hospital"", ""Address1"": ""301 east 18th st"", ""Address2"": ""empty"", ""Address3"": ""empty"", ""City"": ""anniston"", ""State"": ""al"", ""ZipCode"": ""36201"", ""CountyName"": ""calhoun"", ""PhoneNumber"": ""2562358900"", ""HospitalType"": ""acute care hospitals"", ""HospitalOwner"": ""proprietary"", ""EmergencyService"": ""yes"", ""Condition"": ""pneumonia"", ""MeasureCode"": ""pn-6"", ""MeasureName"": ""pneumonia patients given the most appropriate initial antibiotic(s)"", ""Score"": ""92%"", ""Sample"": ""99 patients"", ""Stateavg"": ""al_pn-6""}

{""ProviderNumber"": ""10038"", ""HospitalName"": ""stringfellow memorial hospital"", ""Address1"": ""301 east 18th st"", ""Address2"": ""empty"", ""Address3"": ""empty"", ""City"": ""anniston"", ""State"": ""al"", ""ZipCode"": ""36201"", ""CountyName"": ""calhoun"", ""PhoneNumber"": ""2562358900"", ""HospitalType"": ""acute care hospitals"", ""HospitalOwner"": ""proprietary"", ""EmergencyService"": ""yes"", ""Condition"": ""heart attack"", ""MeasureCode"": ""ami-8a"", ""MeasureName"": ""heart attack patients given pci within 90 minutes of arrival"", ""Score"": ""87%"", ""Sample"": ""15 patients"", ""Stateavg"": ""al_ami-8a""}

",,"{""City"": ""anniston""}","  {""City"": ""anniston""}"
408,"You are an expert in Cleaning Hospital Dataset. Given the dirty row Entity 1, you are required to correct the values of MeasureCode in Entity 1.

Return in json format.

Output Format Example:

{""MeasureCode"": """"}

Entity 1:

{""ProviderNumber"": ""10039"", ""HospitalName"": ""huntsville hospital"", ""Address1"": ""101 sivley rd"", ""Address2"": ""empty"", ""Address3"": ""empty"", ""City"": ""huntsville"", ""State"": ""al"", ""ZipCode"": ""35801"", ""CountyName"": ""madison"", ""PhoneNumber"": ""2562651000"", ""HospitalType"": ""acute care hospitals"", ""HospitalOwner"": ""government - hospital district or authority"", ""EmergencyService"": ""yes"", ""Condition"": ""children s asthma care"", ""MeasureCode"": ""xax-1"", ""MeasureName"": ""children who received reliever medication while hospitalized for asthma"", ""Score"": ""100%"", ""Sample"": ""193 patients"", ""Stateavg"": ""al_cac-1"", ""count"": 1}

Take these rows as reference:

{""ProviderNumber"": ""10039"", ""HospitalName"": ""huntsville hospital"", ""Address1"": ""101 sivley rd"", ""Address2"": ""empty"", ""Address3"": ""empty"", ""City"": ""huntsville"", ""State"": ""al"", ""ZipCode"": ""35801"", ""CountyName"": ""madisxn"", ""PhoneNumber"": ""2562651000"", ""HospitalType"": ""acute care hospitals"", ""HospitalOwner"": ""government - hospital district or authority"", ""EmergencyService"": ""yes"", ""Condition"": ""heart failure"", ""MeasureCode"": ""hf-2"", ""MeasureName"": ""heaxt failuxe patients given an evaluation of left ventxiculax systolic (lvs) function"", ""Score"": ""95%"", ""Sample"": ""303 patients"", ""Stateavg"": ""al_hf-2""}

{""ProviderNumber"": ""10039"", ""HospitalName"": ""huntsville hospital"", ""Address1"": ""101 sivley rd"", ""Address2"": ""empty"", ""Address3"": ""empty"", ""City"": ""huntsville"", ""State"": ""al"", ""ZipCode"": ""35801"", ""CountyName"": ""madison"", ""PhoneNumber"": ""2562651000"", ""HospitalType"": ""acute care hospitals"", ""HospitalOwner"": ""government - hospital district or authority"", ""EmergencyService"": ""yes"", ""Condition"": ""children s asthma care"", ""MeasureCode"": ""xax-1"", ""MeasureName"": ""children who received reliever medication while hospitalized for asthma"", ""Score"": ""100%"", ""Sample"": ""193 patients"", ""Stateavg"": ""al_cac-1""}

",,"{""MeasureCode"": ""cac-1""}","  {""MeasureCode"": ""cac-1""}"
409,"You are an expert in Cleaning Hospital Dataset. Given the dirty row Entity 1, you are required to correct the values of Sample in Entity 1.

Return in json format.

Output Format Example:

{""Sample"": """"}

Entity 1:

{""ProviderNumber"": ""10039"", ""HospitalName"": ""huntsville hospital"", ""Address1"": ""101 sivley rd"", ""Address2"": ""empty"", ""Address3"": ""empty"", ""City"": ""huntsville"", ""State"": ""al"", ""ZipCode"": ""35801"", ""CountyName"": ""madison"", ""PhoneNumber"": ""2562651000"", ""HospitalType"": ""acute care hospitals"", ""HospitalOwner"": ""government - hospital district or authority"", ""EmergencyService"": ""yes"", ""Condition"": ""children s asthma care"", ""MeasureCode"": ""cac-3"", ""MeasureName"": ""children and their caregivers who received a home management plan of care document while hospitalized for asthma"", ""Score"": ""14%"", ""Sample"": ""193 paxienxs"", ""Stateavg"": ""al_cac-3"", ""count"": 1}

Take these rows as reference:

{""ProviderNumber"": ""10039"", ""HospitalName"": ""huntsvxlle hospxtal"", ""Address1"": ""101 sivley rd"", ""Address2"": ""empty"", ""Address3"": ""empty"", ""City"": ""huntsville"", ""State"": ""al"", ""ZipCode"": ""35801"", ""CountyName"": ""madison"", ""PhoneNumber"": ""2562651000"", ""HospitalType"": ""acute care hospitals"", ""HospitalOwner"": ""government - hospital district or authority"", ""EmergencyService"": ""yes"", ""Condition"": ""heart attack"", ""MeasureCode"": ""ami-1"", ""MeasureName"": ""heart attack patients given aspirin at arrival"", ""Score"": ""98%"", ""Sample"": ""155 patients"", ""Stateavg"": ""al_ami-1""}

{""ProviderNumber"": ""100x9"", ""HospitalName"": ""huntsville hospital"", ""Address1"": ""101 sivley rd"", ""Address2"": ""empty"", ""Address3"": ""empty"", ""City"": ""huntsville"", ""State"": ""al"", ""ZipCode"": ""35801"", ""CountyName"": ""madison"", ""PhoneNumber"": ""2562651000"", ""HospitalType"": ""acute care hospitals"", ""HospitalOwner"": ""government - hospital district or authority"", ""EmergencyService"": ""yes"", ""Condition"": ""pneumonia"", ""MeasureCode"": ""pn-7"", ""MeasureName"": ""pneumonia patients assessed and given influenza vaccination"", ""Score"": ""89%"", ""Sample"": ""409 patients"", ""Stateavg"": ""al_pn-7""}

",,"{""Sample"": ""193 patients""}","  {""Sample"": ""193 patients""}"
410,"You are an expert in Cleaning Hospital Dataset. Given the dirty row Entity 1, you are required to correct the values of HospitalName in Entity 1.

Return in json format.

Output Format Example:

{""HospitalName"": """"}

Entity 1:

{""ProviderNumber"": ""10039"", ""HospitalName"": ""huntsvxlle hospxtal"", ""Address1"": ""101 sivley rd"", ""Address2"": ""empty"", ""Address3"": ""empty"", ""City"": ""huntsville"", ""State"": ""al"", ""ZipCode"": ""35801"", ""CountyName"": ""madison"", ""PhoneNumber"": ""2562651000"", ""HospitalType"": ""acute care hospitals"", ""HospitalOwner"": ""government - hospital district or authority"", ""EmergencyService"": ""yes"", ""Condition"": ""heart attack"", ""MeasureCode"": ""ami-1"", ""MeasureName"": ""heart attack patients given aspirin at arrival"", ""Score"": ""98%"", ""Sample"": ""155 patients"", ""Stateavg"": ""al_ami-1"", ""count"": 1}

Take these rows as reference:

{""ProviderNumber"": ""10039"", ""HospitalName"": ""huntsville hospital"", ""Address1"": ""101 sivley rd"", ""Address2"": ""empty"", ""Address3"": ""empty"", ""City"": ""huntsville"", ""State"": ""al"", ""ZipCode"": ""35801"", ""CountyName"": ""madison"", ""PhoneNumber"": ""2562651000"", ""HospitalType"": ""acute care hospitals"", ""HospitalOwner"": ""government - hospital district or authority"", ""EmergencyService"": ""yes"", ""Condition"": ""surgical infection prevention"", ""MeasureCode"": ""scip-inf-6"", ""MeasureName"": ""surgery patients needing hair removed from the surgical area before surgery who had hair removed using a safer method (electric clippers or hair removal cream c not a razor)"", ""Score"": ""99%"", ""Sample"": ""852 patients"", ""Stateavg"": ""al_scip-inf-6""}

{""ProviderNumber"": ""1003x"", ""HospitalName"": ""huntsville hospital"", ""Address1"": ""101 sivley rd"", ""Address2"": ""empty"", ""Address3"": ""empty"", ""City"": ""huntsville"", ""State"": ""al"", ""ZipCode"": ""35801"", ""CountyName"": ""madison"", ""PhoneNumber"": ""2562651000"", ""HospitalType"": ""acute care hospitals"", ""HospitalOwner"": ""government - hospital district or authority"", ""EmergencyService"": ""yes"", ""Condition"": ""heart attaxk"", ""MeasureCode"": ""ami-4"", ""MeasureName"": ""heart attack patients given smoking cessation advice/counseling"", ""Score"": ""100%"", ""Sample"": ""135 patients"", ""Stateavg"": ""al_ami-4""}

",,"{""HospitalName"": ""huntsville hospital""}","  {""HospitalName"": ""huntsville hospital""}"
411,"You are an expert in Cleaning Hospital Dataset. Given the dirty row Entity 1, you are required to correct the values of HospitalType in Entity 1.

Return in json format.

Output Format Example:

{""HospitalType"": """"}

Entity 1:

{""ProviderNumber"": ""10039"", ""HospitalName"": ""huntsville hospital"", ""Address1"": ""101 sivley rd"", ""Address2"": ""empty"", ""Address3"": ""empty"", ""City"": ""huntsville"", ""State"": ""al"", ""ZipCode"": ""35801"", ""CountyName"": ""madison"", ""PhoneNumber"": ""2562651000"", ""HospitalType"": ""acutexcarexhospitals"", ""HospitalOwner"": ""government - hospital district or authority"", ""EmergencyService"": ""yes"", ""Condition"": ""heart attack"", ""MeasureCode"": ""ami-3"", ""MeasureName"": ""heart attack patients given ace inhibitor or arb for left ventricular systolic dysfunction (lvsd)"", ""Score"": ""97%"", ""Sample"": ""77 patients"", ""Stateavg"": ""al_ami-3"", ""count"": 1}

Take these rows as reference:

{""ProviderNumber"": ""10039"", ""HospitalName"": ""huntsville hospital"", ""Address1"": ""101 sivley rd"", ""Address2"": ""empty"", ""Address3"": ""empty"", ""City"": ""huntsville"", ""State"": ""al"", ""ZipCode"": ""35801"", ""CountyName"": ""madison"", ""PhoneNumber"": ""2562651000"", ""HospitalType"": ""acute care hospitals"", ""HospitalOwner"": ""government - hospital district or authority"", ""EmergencyService"": ""yes"", ""Condition"": ""children s asthma care"", ""MeasureCode"": ""xax-1"", ""MeasureName"": ""children who received reliever medication while hospitalized for asthma"", ""Score"": ""100%"", ""Sample"": ""193 patients"", ""Stateavg"": ""al_cac-1""}

{""ProviderNumber"": ""1003x"", ""HospitalName"": ""huntsville hospital"", ""Address1"": ""101 sivley rd"", ""Address2"": ""empty"", ""Address3"": ""empty"", ""City"": ""huntsville"", ""State"": ""al"", ""ZipCode"": ""35801"", ""CountyName"": ""madison"", ""PhoneNumber"": ""2562651000"", ""HospitalType"": ""acute care hospitals"", ""HospitalOwner"": ""government - hospital district or authority"", ""EmergencyService"": ""yes"", ""Condition"": ""heart attaxk"", ""MeasureCode"": ""ami-4"", ""MeasureName"": ""heart attack patients given smoking cessation advice/counseling"", ""Score"": ""100%"", ""Sample"": ""135 patients"", ""Stateavg"": ""al_ami-4""}

",,"{""HospitalType"": ""acute care hospitals""}","  {""HospitalType"": ""acute care hospitals""}"
412,"You are an expert in Cleaning Hospital Dataset. Given the dirty row Entity 1, you are required to correct the values of ProviderNumber in Entity 1.

Return in json format.

Output Format Example:

{""ProviderNumber"": """"}

Entity 1:

{""ProviderNumber"": ""1003x"", ""HospitalName"": ""huntsville hospital"", ""Address1"": ""101 sivley rd"", ""Address2"": ""empty"", ""Address3"": ""empty"", ""City"": ""huntsville"", ""State"": ""al"", ""ZipCode"": ""35801"", ""CountyName"": ""madison"", ""PhoneNumber"": ""2562651000"", ""HospitalType"": ""acute care hospitals"", ""HospitalOwner"": ""government - hospital district or authority"", ""EmergencyService"": ""yes"", ""Condition"": ""heart attaxk"", ""MeasureCode"": ""ami-4"", ""MeasureName"": ""heart attack patients given smoking cessation advice/counseling"", ""Score"": ""100%"", ""Sample"": ""135 patients"", ""Stateavg"": ""al_ami-4"", ""count"": 2}

Take these rows as reference:

{""ProviderNumber"": ""1xx39"", ""HospitalName"": ""huntsville hospital"", ""Address1"": ""101 sivley rd"", ""Address2"": ""empty"", ""Address3"": ""empty"", ""City"": ""huntsville"", ""State"": ""al"", ""ZipCode"": ""35801"", ""CountyName"": ""madison"", ""PhoneNumber"": ""2562651000"", ""HospitalType"": ""acute care hospitals"", ""HospitalOwner"": ""government - hospital district or authority"", ""EmergencyService"": ""yes"", ""Condition"": ""pneumonia"", ""MeasureCode"": ""pn-3b"", ""MeasureName"": ""pneumonia patients whose initial emergency room blood culture was performed prior to the administration of the first hospital dose of antibiotics"", ""Score"": ""99%"", ""Sample"": ""496 patients"", ""Stateavg"": ""al_pn-3b""}

{""ProviderNumber"": ""1xx39"", ""HospitalName"": ""huntsville hospital"", ""Address1"": ""101 sivley rd"", ""Address2"": ""empty"", ""Address3"": ""empty"", ""City"": ""huntsville"", ""State"": ""al"", ""ZipCode"": ""35801"", ""CountyName"": ""madison"", ""PhoneNumber"": ""2562651000"", ""HospitalType"": ""acute care hospitals"", ""HospitalOwner"": ""government - hospital district or authority"", ""EmergencyService"": ""yes"", ""Condition"": ""pneumonia"", ""MeasureCode"": ""pn-3b"", ""MeasureName"": ""pneumonia patients whose initial emergency room blood culture was performed prior to the administration of the first hospital dose of antibiotics"", ""Score"": ""99%"", ""Sample"": ""496 patients"", ""Stateavg"": ""al_pn-3b""}

",,"{""ProviderNumber"": ""10039""}","  {""ProviderNumber"": ""10039""}"
413,"You are an expert in Cleaning Hospital Dataset. Given the dirty row Entity 1, you are required to correct the values of Condition in Entity 1.

Return in json format.

Output Format Example:

{""Condition"": """"}

Entity 1:

{""ProviderNumber"": ""1003x"", ""HospitalName"": ""huntsville hospital"", ""Address1"": ""101 sivley rd"", ""Address2"": ""empty"", ""Address3"": ""empty"", ""City"": ""huntsville"", ""State"": ""al"", ""ZipCode"": ""35801"", ""CountyName"": ""madison"", ""PhoneNumber"": ""2562651000"", ""HospitalType"": ""acute care hospitals"", ""HospitalOwner"": ""government - hospital district or authority"", ""EmergencyService"": ""yes"", ""Condition"": ""heart attaxk"", ""MeasureCode"": ""ami-4"", ""MeasureName"": ""heart attack patients given smoking cessation advice/counseling"", ""Score"": ""100%"", ""Sample"": ""135 patients"", ""Stateavg"": ""al_ami-4"", ""count"": 2}

Take these rows as reference:

{""ProviderNumber"": ""100x9"", ""HospitalName"": ""huntsville hospital"", ""Address1"": ""101 sivley rd"", ""Address2"": ""empty"", ""Address3"": ""empty"", ""City"": ""huntsville"", ""State"": ""al"", ""ZipCode"": ""35801"", ""CountyName"": ""madison"", ""PhoneNumber"": ""2562651000"", ""HospitalType"": ""acute care hospitals"", ""HospitalOwner"": ""government - hospital district or authority"", ""EmergencyService"": ""yes"", ""Condition"": ""pneumonia"", ""MeasureCode"": ""pn-7"", ""MeasureName"": ""pneumonia patients assessed and given influenza vaccination"", ""Score"": ""89%"", ""Sample"": ""409 patients"", ""Stateavg"": ""al_pn-7""}

{""ProviderNumber"": ""10039"", ""HospitalName"": ""huntsvxlle hospxtal"", ""Address1"": ""101 sivley rd"", ""Address2"": ""empty"", ""Address3"": ""empty"", ""City"": ""huntsville"", ""State"": ""al"", ""ZipCode"": ""35801"", ""CountyName"": ""madison"", ""PhoneNumber"": ""2562651000"", ""HospitalType"": ""acute care hospitals"", ""HospitalOwner"": ""government - hospital district or authority"", ""EmergencyService"": ""yes"", ""Condition"": ""heart attack"", ""MeasureCode"": ""ami-1"", ""MeasureName"": ""heart attack patients given aspirin at arrival"", ""Score"": ""98%"", ""Sample"": ""155 patients"", ""Stateavg"": ""al_ami-1""}

",,"{""Condition"": ""heart attack""}","  {""Condition"": ""heart attack""}"
414,"You are an expert in Cleaning Hospital Dataset. Given the dirty row Entity 1, you are required to correct the values of HospitalType in Entity 1.

Return in json format.

Output Format Example:

{""HospitalType"": """"}

Entity 1:

{""ProviderNumber"": ""10039"", ""HospitalName"": ""huntsville hospital"", ""Address1"": ""101 sivley rd"", ""Address2"": ""empty"", ""Address3"": ""empty"", ""City"": ""huntsville"", ""State"": ""al"", ""ZipCode"": ""35801"", ""CountyName"": ""madison"", ""PhoneNumber"": ""2562651000"", ""HospitalType"": ""acute care hospitaxs"", ""HospitalOwner"": ""government - hospital district or authority"", ""EmergencyService"": ""yes"", ""Condition"": ""heart attack"", ""MeasureCode"": ""ami-7a"", ""MeasureName"": ""heart attack patients given fibrinolytic medication within 30 minutes of arrival"", ""Score"": ""empty"", ""Sample"": ""0 patients"", ""Stateavg"": ""al_ami-7a"", ""count"": 1}

Take these rows as reference:

{""ProviderNumber"": ""1xx39"", ""HospitalName"": ""huntsville hospital"", ""Address1"": ""101 sivley rd"", ""Address2"": ""empty"", ""Address3"": ""empty"", ""City"": ""huntsville"", ""State"": ""al"", ""ZipCode"": ""35801"", ""CountyName"": ""madison"", ""PhoneNumber"": ""2562651000"", ""HospitalType"": ""acute care hospitals"", ""HospitalOwner"": ""government - hospital district or authority"", ""EmergencyService"": ""yes"", ""Condition"": ""pneumonia"", ""MeasureCode"": ""pn-3b"", ""MeasureName"": ""pneumonia patients whose initial emergency room blood culture was performed prior to the administration of the first hospital dose of antibiotics"", ""Score"": ""99%"", ""Sample"": ""496 patients"", ""Stateavg"": ""al_pn-3b""}

{""ProviderNumber"": ""10039"", ""HospitalName"": ""huntsville hospital"", ""Address1"": ""101 sivley rd"", ""Address2"": ""empty"", ""Address3"": ""empty"", ""City"": ""huntsville"", ""State"": ""al"", ""ZipCode"": ""35801"", ""CountyName"": ""madison"", ""PhoneNumber"": ""2562651000"", ""HospitalType"": ""acute care hospitaxs"", ""HospitalOwner"": ""government - hospital district or authority"", ""EmergencyService"": ""yes"", ""Condition"": ""heart attack"", ""MeasureCode"": ""ami-7a"", ""MeasureName"": ""heart attack patients given fibrinolytic medication within 30 minutes of arrival"", ""Score"": ""empty"", ""Sample"": ""0 patients"", ""Stateavg"": ""al_ami-7a""}

",,"{""HospitalType"": ""acute care hospitals""}","  {""HospitalType"": ""acute care hospitals""}"
415,"You are an expert in Cleaning Hospital Dataset. Given the dirty row Entity 1, you are required to correct the values of HospitalOwner in Entity 1.

Return in json format.

Output Format Example:

{""HospitalOwner"": """"}

Entity 1:

{""ProviderNumber"": ""10039"", ""HospitalName"": ""huntsville hospital"", ""Address1"": ""101 sivley rd"", ""Address2"": ""empty"", ""Address3"": ""empty"", ""City"": ""huntsville"", ""State"": ""al"", ""ZipCode"": ""35801"", ""CountyName"": ""madison"", ""PhoneNumber"": ""2562651000"", ""HospitalType"": ""acute care hospitals"", ""HospitalOwner"": ""goverxmext - hospital district or authority"", ""EmergencyService"": ""yes"", ""Condition"": ""heart failure"", ""MeasureCode"": ""hf-1"", ""MeasureName"": ""heart failure patients given discharge instructions"", ""Score"": ""72%"", ""Sample"": ""264 patients"", ""Stateavg"": ""al_hf-1"", ""count"": 1}

Take these rows as reference:

{""ProviderNumber"": ""10039"", ""HospitalName"": ""huntsville hospital"", ""Address1"": ""101 sivley rd"", ""Address2"": ""empty"", ""Address3"": ""empty"", ""City"": ""huntsville"", ""State"": ""al"", ""ZipCode"": ""35801"", ""CountyName"": ""madison"", ""PhoneNumber"": ""2562651000"", ""HospitalType"": ""acute care hospitals"", ""HospitalOwner"": ""government - hospital district or authority"", ""EmergencyService"": ""yes"", ""Condition"": ""children s asthma care"", ""MeasureCode"": ""xax-1"", ""MeasureName"": ""children who received reliever medication while hospitalized for asthma"", ""Score"": ""100%"", ""Sample"": ""193 patients"", ""Stateavg"": ""al_cac-1""}

{""ProviderNumber"": ""1003x"", ""HospitalName"": ""huntsville hospital"", ""Address1"": ""101 sivley rd"", ""Address2"": ""empty"", ""Address3"": ""empty"", ""City"": ""huntsville"", ""State"": ""al"", ""ZipCode"": ""35801"", ""CountyName"": ""madison"", ""PhoneNumber"": ""2562651000"", ""HospitalType"": ""acute care hospitals"", ""HospitalOwner"": ""government - hospital district or authority"", ""EmergencyService"": ""yes"", ""Condition"": ""heart attaxk"", ""MeasureCode"": ""ami-4"", ""MeasureName"": ""heart attack patients given smoking cessation advice/counseling"", ""Score"": ""100%"", ""Sample"": ""135 patients"", ""Stateavg"": ""al_ami-4""}

",,"{""HospitalOwner"": ""government - hospital district or authority""}","  {""HospitalOwner"": ""government - hospital district or authority""}"
416,"You are an expert in Cleaning Hospital Dataset. Given the dirty row Entity 1, you are required to correct the values of CountyName in Entity 1.

Return in json format.

Output Format Example:

{""CountyName"": """"}

Entity 1:

{""ProviderNumber"": ""10039"", ""HospitalName"": ""huntsville hospital"", ""Address1"": ""101 sivley rd"", ""Address2"": ""empty"", ""Address3"": ""empty"", ""City"": ""huntsville"", ""State"": ""al"", ""ZipCode"": ""35801"", ""CountyName"": ""madisxn"", ""PhoneNumber"": ""2562651000"", ""HospitalType"": ""acute care hospitals"", ""HospitalOwner"": ""government - hospital district or authority"", ""EmergencyService"": ""yes"", ""Condition"": ""heart failure"", ""MeasureCode"": ""hf-2"", ""MeasureName"": ""heaxt failuxe patients given an evaluation of left ventxiculax systolic (lvs) function"", ""Score"": ""95%"", ""Sample"": ""303 patients"", ""Stateavg"": ""al_hf-2"", ""count"": 2}

Take these rows as reference:

{""ProviderNumber"": ""1xx39"", ""HospitalName"": ""huntsville hospital"", ""Address1"": ""101 sivley rd"", ""Address2"": ""empty"", ""Address3"": ""empty"", ""City"": ""huntsville"", ""State"": ""al"", ""ZipCode"": ""35801"", ""CountyName"": ""madison"", ""PhoneNumber"": ""2562651000"", ""HospitalType"": ""acute care hospitals"", ""HospitalOwner"": ""government - hospital district or authority"", ""EmergencyService"": ""yes"", ""Condition"": ""pneumonia"", ""MeasureCode"": ""pn-3b"", ""MeasureName"": ""pneumonia patients whose initial emergency room blood culture was performed prior to the administration of the first hospital dose of antibiotics"", ""Score"": ""99%"", ""Sample"": ""496 patients"", ""Stateavg"": ""al_pn-3b""}

{""ProviderNumber"": ""10039"", ""HospitalName"": ""huntsville hospital"", ""Address1"": ""101 sivley rd"", ""Address2"": ""empty"", ""Address3"": ""empty"", ""City"": ""huntsville"", ""State"": ""al"", ""ZipCode"": ""35801"", ""CountyName"": ""madison"", ""PhoneNumber"": ""2562651000"", ""HospitalType"": ""acute care hospitaxs"", ""HospitalOwner"": ""government - hospital district or authority"", ""EmergencyService"": ""yes"", ""Condition"": ""heart attack"", ""MeasureCode"": ""ami-7a"", ""MeasureName"": ""heart attack patients given fibrinolytic medication within 30 minutes of arrival"", ""Score"": ""empty"", ""Sample"": ""0 patients"", ""Stateavg"": ""al_ami-7a""}

",,"{""CountyName"": ""madison""}","  {""CountyName"": ""madison""}"
417,"You are an expert in Cleaning Hospital Dataset. Given the dirty row Entity 1, you are required to correct the values of MeasureName in Entity 1.

Return in json format.

Output Format Example:

{""MeasureName"": """"}

Entity 1:

{""ProviderNumber"": ""10039"", ""HospitalName"": ""huntsville hospital"", ""Address1"": ""101 sivley rd"", ""Address2"": ""empty"", ""Address3"": ""empty"", ""City"": ""huntsville"", ""State"": ""al"", ""ZipCode"": ""35801"", ""CountyName"": ""madisxn"", ""PhoneNumber"": ""2562651000"", ""HospitalType"": ""acute care hospitals"", ""HospitalOwner"": ""government - hospital district or authority"", ""EmergencyService"": ""yes"", ""Condition"": ""heart failure"", ""MeasureCode"": ""hf-2"", ""MeasureName"": ""heaxt failuxe patients given an evaluation of left ventxiculax systolic (lvs) function"", ""Score"": ""95%"", ""Sample"": ""303 patients"", ""Stateavg"": ""al_hf-2"", ""count"": 2}

Take these rows as reference:

{""ProviderNumber"": ""10039"", ""HospitalName"": ""huntsville hospital"", ""Address1"": ""101 sivley rd"", ""Address2"": ""empty"", ""Address3"": ""empty"", ""City"": ""huntsville"", ""State"": ""al"", ""ZipCode"": ""35801"", ""CountyName"": ""madisox"", ""PhoneNumber"": ""2562651000"", ""HospitalType"": ""acute care hospitals"", ""HospitalOwner"": ""government - hospital district or authority"", ""EmergencyService"": ""yes"", ""Condition"": ""surgical infection prevention"", ""MeasureCode"": ""scip-inf-4"", ""MeasureName"": ""all heart surgery patients whose blood sugar (blood glucose) is kept under good control in the days right after surgery"", ""Score"": ""95%"", ""Sample"": ""149 patients"", ""Stateavg"": ""al_scip-inf-4""}

{""ProviderNumber"": ""1003x"", ""HospitalName"": ""huntsville hospital"", ""Address1"": ""101 sivley rd"", ""Address2"": ""empty"", ""Address3"": ""empty"", ""City"": ""huntsville"", ""State"": ""al"", ""ZipCode"": ""35801"", ""CountyName"": ""madison"", ""PhoneNumber"": ""2562651000"", ""HospitalType"": ""acute care hospitals"", ""HospitalOwner"": ""government - hospital district or authority"", ""EmergencyService"": ""yes"", ""Condition"": ""heart attaxk"", ""MeasureCode"": ""ami-4"", ""MeasureName"": ""heart attack patients given smoking cessation advice/counseling"", ""Score"": ""100%"", ""Sample"": ""135 patients"", ""Stateavg"": ""al_ami-4""}

",,"{""MeasureName"": ""heart failure patients given an evaluation of left ventricular systolic (lvs) function""}","  {""MeasureName"": ""heart failure patients given an evaluation of left ventricular systolic (lvs) function""}"
418,"You are an expert in Cleaning Hospital Dataset. Given the dirty row Entity 1, you are required to correct the values of Stateavg in Entity 1.

Return in json format.

Output Format Example:

{""Stateavg"": """"}

Entity 1:

{""ProviderNumber"": ""10039"", ""HospitalName"": ""huntsville hospital"", ""Address1"": ""101 sivley rd"", ""Address2"": ""empty"", ""Address3"": ""empty"", ""City"": ""huntsville"", ""State"": ""al"", ""ZipCode"": ""35801"", ""CountyName"": ""madison"", ""PhoneNumber"": ""2562651000"", ""HospitalType"": ""acute care hospitals"", ""HospitalOwner"": ""government - hospital district or authority"", ""EmergencyService"": ""yes"", ""Condition"": ""heart failure"", ""MeasureCode"": ""hf-4"", ""MeasureName"": ""heart failure patients given smoking cessation advice/counseling"", ""Score"": ""100%"", ""Sample"": ""51 patients"", ""Stateavg"": ""al_hf-x"", ""count"": 1}

Take these rows as reference:

{""ProviderNumber"": ""10039"", ""HospitalName"": ""huntsville hospital"", ""Address1"": ""101 sivley rd"", ""Address2"": ""empty"", ""Address3"": ""empty"", ""City"": ""huntsville"", ""State"": ""al"", ""ZipCode"": ""35801"", ""CountyName"": ""madison"", ""PhoneNumber"": ""2562651000"", ""HospitalType"": ""acute care hospitals"", ""HospitalOwner"": ""government - hospital district or authority"", ""EmergencyService"": ""yes"", ""Condition"": ""surgical infection prevention"", ""MeasureCode"": ""scip-card-2"", ""MeasureName"": ""surgery patients who were taking heart drugs called beta blockers before coming to the hospital who were kept on the beta blockers during the period just before and after their surgery"", ""Score"": ""90%"", ""Sample"": ""123 patients"", ""Stateavg"": ""al_scip-card-2""}

{""ProviderNumber"": ""10039"", ""HospitalName"": ""huntsville hospital"", ""Address1"": ""101 sivley rd"", ""Address2"": ""empty"", ""Address3"": ""empty"", ""City"": ""huntsville"", ""State"": ""al"", ""ZipCode"": ""35801"", ""CountyName"": ""madison"", ""PhoneNumber"": ""2562651000"", ""HospitalType"": ""acute care hospitals"", ""HospitalOwner"": ""government - hospital district or authority"", ""EmergencyService"": ""yes"", ""Condition"": ""surgical infection prevention"", ""MeasureCode"": ""scip-vte-1"", ""MeasureName"": ""surgery patients whose doctors ordered treatments to prevent blood clots after certain types of surgeries"", ""Score"": ""93%"", ""Sample"": ""269 patients"", ""Stateavg"": ""al_scip-vte-1""}

",,"{""Stateavg"": ""al_hf-4""}","  {""Stateavg"": ""al_hf-4""}"
419,"You are an expert in Cleaning Hospital Dataset. Given the dirty row Entity 1, you are required to correct the values of MeasureCode in Entity 1.

Return in json format.

Output Format Example:

{""MeasureCode"": """"}

Entity 1:

{""ProviderNumber"": ""10039"", ""HospitalName"": ""huntsville hospital"", ""Address1"": ""101 sivley rd"", ""Address2"": ""empty"", ""Address3"": ""empty"", ""City"": ""huntsville"", ""State"": ""al"", ""ZipCode"": ""35801"", ""CountyName"": ""madison"", ""PhoneNumber"": ""2562651000"", ""HospitalType"": ""acute care hospitals"", ""HospitalOwner"": ""government - hospital district or authority"", ""EmergencyService"": ""yes"", ""Condition"": ""pneumonia"", ""MeasureCode"": ""pn-x"", ""MeasureName"": ""pneumonia patients assessed and given pneumococcal vaccination"", ""Score"": ""96%"", ""Sample"": ""509 patients"", ""Stateavg"": ""al_pn-2"", ""count"": 1}

Take these rows as reference:

{""ProviderNumber"": ""1xx39"", ""HospitalName"": ""huntsville hospital"", ""Address1"": ""101 sivley rd"", ""Address2"": ""empty"", ""Address3"": ""empty"", ""City"": ""huntsville"", ""State"": ""al"", ""ZipCode"": ""35801"", ""CountyName"": ""madison"", ""PhoneNumber"": ""2562651000"", ""HospitalType"": ""acute care hospitals"", ""HospitalOwner"": ""government - hospital district or authority"", ""EmergencyService"": ""yes"", ""Condition"": ""pneumonia"", ""MeasureCode"": ""pn-3b"", ""MeasureName"": ""pneumonia patients whose initial emergency room blood culture was performed prior to the administration of the first hospital dose of antibiotics"", ""Score"": ""99%"", ""Sample"": ""496 patients"", ""Stateavg"": ""al_pn-3b""}

{""ProviderNumber"": ""10039"", ""HospitalName"": ""huntsville hospital"", ""Address1"": ""101 sivley rd"", ""Address2"": ""empty"", ""Address3"": ""empty"", ""City"": ""huntsville"", ""State"": ""al"", ""ZipCode"": ""35801"", ""CountyName"": ""madisxn"", ""PhoneNumber"": ""2562651000"", ""HospitalType"": ""acute care hospitals"", ""HospitalOwner"": ""government - hospital district or authority"", ""EmergencyService"": ""yes"", ""Condition"": ""heart failure"", ""MeasureCode"": ""hf-2"", ""MeasureName"": ""heaxt failuxe patients given an evaluation of left ventxiculax systolic (lvs) function"", ""Score"": ""95%"", ""Sample"": ""303 patients"", ""Stateavg"": ""al_hf-2""}

",,"{""MeasureCode"": ""pn-2""}","  {""MeasureCode"": ""pn-2""}"
420,"You are an expert in Cleaning Hospital Dataset. Given the dirty row Entity 1, you are required to correct the values of ProviderNumber in Entity 1.

Return in json format.

Output Format Example:

{""ProviderNumber"": """"}

Entity 1:

{""ProviderNumber"": ""1xx39"", ""HospitalName"": ""huntsville hospital"", ""Address1"": ""101 sivley rd"", ""Address2"": ""empty"", ""Address3"": ""empty"", ""City"": ""huntsville"", ""State"": ""al"", ""ZipCode"": ""35801"", ""CountyName"": ""madison"", ""PhoneNumber"": ""2562651000"", ""HospitalType"": ""acute care hospitals"", ""HospitalOwner"": ""government - hospital district or authority"", ""EmergencyService"": ""yes"", ""Condition"": ""pneumonia"", ""MeasureCode"": ""pn-3b"", ""MeasureName"": ""pneumonia patients whose initial emergency room blood culture was performed prior to the administration of the first hospital dose of antibiotics"", ""Score"": ""99%"", ""Sample"": ""496 patients"", ""Stateavg"": ""al_pn-3b"", ""count"": 1}

Take these rows as reference:

{""ProviderNumber"": ""1003x"", ""HospitalName"": ""huntsville hospital"", ""Address1"": ""101 sivley rd"", ""Address2"": ""empty"", ""Address3"": ""empty"", ""City"": ""huntsville"", ""State"": ""al"", ""ZipCode"": ""35801"", ""CountyName"": ""madison"", ""PhoneNumber"": ""2562651000"", ""HospitalType"": ""acute care hospitals"", ""HospitalOwner"": ""government - hospital district or authority"", ""EmergencyService"": ""yes"", ""Condition"": ""heart attaxk"", ""MeasureCode"": ""ami-4"", ""MeasureName"": ""heart attack patients given smoking cessation advice/counseling"", ""Score"": ""100%"", ""Sample"": ""135 patients"", ""Stateavg"": ""al_ami-4""}

{""ProviderNumber"": ""10039"", ""HospitalName"": ""huntsvxlle hospxtal"", ""Address1"": ""101 sivley rd"", ""Address2"": ""empty"", ""Address3"": ""empty"", ""City"": ""huntsville"", ""State"": ""al"", ""ZipCode"": ""35801"", ""CountyName"": ""madison"", ""PhoneNumber"": ""2562651000"", ""HospitalType"": ""acute care hospitals"", ""HospitalOwner"": ""government - hospital district or authority"", ""EmergencyService"": ""yes"", ""Condition"": ""heart attack"", ""MeasureCode"": ""ami-1"", ""MeasureName"": ""heart attack patients given aspirin at arrival"", ""Score"": ""98%"", ""Sample"": ""155 patients"", ""Stateavg"": ""al_ami-1""}

",,"{""ProviderNumber"": ""10039""}","  {""ProviderNumber"": ""10039""}"
421,"You are an expert in Cleaning Hospital Dataset. Given the dirty row Entity 1, you are required to correct the values of State in Entity 1.

Return in json format.

Output Format Example:

{""State"": """"}

Entity 1:

{""ProviderNumber"": ""10039"", ""HospitalName"": ""huntsville hospital"", ""Address1"": ""101 sivley rd"", ""Address2"": ""empty"", ""Address3"": ""empty"", ""City"": ""huntsville"", ""State"": ""xl"", ""ZipCode"": ""35801"", ""CountyName"": ""madison"", ""PhoneNumber"": ""2562651000"", ""HospitalType"": ""acute care hospitals"", ""HospitalOwner"": ""government - hospital district or authority"", ""EmergencyService"": ""yes"", ""Condition"": ""pneumonia"", ""MeasureCode"": ""pn-5c"", ""MeasureName"": ""pneumonia patients given initial antibiotic(s) within 6 hours after arrival"", ""Score"": ""93%"", ""Sample"": ""511 patients"", ""Stateavg"": ""al_pn-5c"", ""count"": 1}

Take these rows as reference:

{""ProviderNumber"": ""1xx39"", ""HospitalName"": ""huntsville hospital"", ""Address1"": ""101 sivley rd"", ""Address2"": ""empty"", ""Address3"": ""empty"", ""City"": ""huntsville"", ""State"": ""al"", ""ZipCode"": ""35801"", ""CountyName"": ""madison"", ""PhoneNumber"": ""2562651000"", ""HospitalType"": ""acute care hospitals"", ""HospitalOwner"": ""government - hospital district or authority"", ""EmergencyService"": ""yes"", ""Condition"": ""pneumonia"", ""MeasureCode"": ""pn-3b"", ""MeasureName"": ""pneumonia patients whose initial emergency room blood culture was performed prior to the administration of the first hospital dose of antibiotics"", ""Score"": ""99%"", ""Sample"": ""496 patients"", ""Stateavg"": ""al_pn-3b""}

{""ProviderNumber"": ""10039"", ""HospitalName"": ""huntsville hospital"", ""Address1"": ""101 sivley rd"", ""Address2"": ""empty"", ""Address3"": ""empty"", ""City"": ""huntsville"", ""State"": ""al"", ""ZipCode"": ""35801"", ""CountyName"": ""madison"", ""PhoneNumber"": ""2562651000"", ""HospitalType"": ""acute care hospitals"", ""HospitalOwner"": ""government - hospital district or authority"", ""EmergencyService"": ""yes"", ""Condition"": ""surgical infection prevention"", ""MeasureCode"": ""scip-vte-1"", ""MeasureName"": ""surgery patients whose doctors ordered treatments to prevent blood clots after certain types of surgeries"", ""Score"": ""93%"", ""Sample"": ""269 patients"", ""Stateavg"": ""al_scip-vte-1""}

",,"{""State"": ""al""}","  {""State"": ""al""}"
422,"You are an expert in Cleaning Hospital Dataset. Given the dirty row Entity 1, you are required to correct the values of ProviderNumber in Entity 1.

Return in json format.

Output Format Example:

{""ProviderNumber"": """"}

Entity 1:

{""ProviderNumber"": ""100x9"", ""HospitalName"": ""huntsville hospital"", ""Address1"": ""101 sivley rd"", ""Address2"": ""empty"", ""Address3"": ""empty"", ""City"": ""huntsville"", ""State"": ""al"", ""ZipCode"": ""35801"", ""CountyName"": ""madison"", ""PhoneNumber"": ""2562651000"", ""HospitalType"": ""acute care hospitals"", ""HospitalOwner"": ""government - hospital district or authority"", ""EmergencyService"": ""yes"", ""Condition"": ""pneumonia"", ""MeasureCode"": ""pn-7"", ""MeasureName"": ""pneumonia patients assessed and given influenza vaccination"", ""Score"": ""89%"", ""Sample"": ""409 patients"", ""Stateavg"": ""al_pn-7"", ""count"": 1}

Take these rows as reference:

{""ProviderNumber"": ""1003x"", ""HospitalName"": ""huntsville hospital"", ""Address1"": ""101 sivley rd"", ""Address2"": ""empty"", ""Address3"": ""empty"", ""City"": ""huntsville"", ""State"": ""al"", ""ZipCode"": ""35801"", ""CountyName"": ""madison"", ""PhoneNumber"": ""2562651000"", ""HospitalType"": ""acute care hospitals"", ""HospitalOwner"": ""government - hospital district or authority"", ""EmergencyService"": ""yes"", ""Condition"": ""heart attaxk"", ""MeasureCode"": ""ami-4"", ""MeasureName"": ""heart attack patients given smoking cessation advice/counseling"", ""Score"": ""100%"", ""Sample"": ""135 patients"", ""Stateavg"": ""al_ami-4""}

{""ProviderNumber"": ""10039"", ""HospitalName"": ""huntsville hospital"", ""Address1"": ""101 sivley rd"", ""Address2"": ""empty"", ""Address3"": ""empty"", ""City"": ""huntsville"", ""State"": ""al"", ""ZipCode"": ""35801"", ""CountyName"": ""madison"", ""PhoneNumber"": ""2562651000"", ""HospitalType"": ""acute care hospitals"", ""HospitalOwner"": ""government - hospital district or authority"", ""EmergencyService"": ""yes"", ""Condition"": ""surgical infection prevention"", ""MeasureCode"": ""scip-vte-1"", ""MeasureName"": ""surgery patients whose doctors ordered treatments to prevent blood clots after certain types of surgeries"", ""Score"": ""93%"", ""Sample"": ""269 patients"", ""Stateavg"": ""al_scip-vte-1""}

",,"{""ProviderNumber"": ""10039""}","  {""ProviderNumber"": ""10039""}"
423,"You are an expert in Cleaning Hospital Dataset. Given the dirty row Entity 1, you are required to correct the values of Stateavg in Entity 1.

Return in json format.

Output Format Example:

{""Stateavg"": """"}

Entity 1:

{""ProviderNumber"": ""10039"", ""HospitalName"": ""huntsville hospital"", ""Address1"": ""101 sivley rd"", ""Address2"": ""empty"", ""Address3"": ""empty"", ""City"": ""huntsville"", ""State"": ""al"", ""ZipCode"": ""35801"", ""CountyName"": ""madison"", ""PhoneNumber"": ""2562651000"", ""HospitalType"": ""acute care hospitals"", ""HospitalOwner"": ""government - hospital district or authority"", ""EmergencyService"": ""yes"", ""Condition"": ""surgical infection prevention"", ""MeasureCode"": ""scip-inf-2"", ""MeasureName"": ""surgery patients who were given the  right kind  of antibiotic to help prevent infection"", ""Score"": ""99%"", ""Sample"": ""603 patients"", ""Stateavg"": ""xl_scip-inf-2"", ""count"": 1}

Take these rows as reference:

{""ProviderNumber"": ""10039"", ""HospitalName"": ""huntsville hospital"", ""Address1"": ""101 sivley rd"", ""Address2"": ""empty"", ""Address3"": ""empty"", ""City"": ""huntsville"", ""State"": ""al"", ""ZipCode"": ""35801"", ""CountyName"": ""madison"", ""PhoneNumber"": ""2562651000"", ""HospitalType"": ""acute care hospitals"", ""HospitalOwner"": ""government - hospital district or authority"", ""EmergencyService"": ""yes"", ""Condition"": ""surgical infection prevention"", ""MeasureCode"": ""scip-card-2"", ""MeasureName"": ""surgery patients who were taking heart drugs called beta blockers before coming to the hospital who were kept on the beta blockers during the period just before and after their surgery"", ""Score"": ""90%"", ""Sample"": ""123 patients"", ""Stateavg"": ""al_scip-card-2""}

{""ProviderNumber"": ""10039"", ""HospitalName"": ""huntsville hospital"", ""Address1"": ""101 sivley rd"", ""Address2"": ""empty"", ""Address3"": ""empty"", ""City"": ""huntsville"", ""State"": ""al"", ""ZipCode"": ""35801"", ""CountyName"": ""madisox"", ""PhoneNumber"": ""2562651000"", ""HospitalType"": ""acute care hospitals"", ""HospitalOwner"": ""government - hospital district or authority"", ""EmergencyService"": ""yes"", ""Condition"": ""surgical infection prevention"", ""MeasureCode"": ""scip-inf-4"", ""MeasureName"": ""all heart surgery patients whose blood sugar (blood glucose) is kept under good control in the days right after surgery"", ""Score"": ""95%"", ""Sample"": ""149 patients"", ""Stateavg"": ""al_scip-inf-4""}

",,"{""Stateavg"": ""al_scip-inf-2""}","  {""Stateavg"": ""al_scip-inf-2""}"
424,"You are an expert in Cleaning Hospital Dataset. Given the dirty row Entity 1, you are required to correct the values of EmergencyService in Entity 1.

Return in json format.

Output Format Example:

{""EmergencyService"": """"}

Entity 1:

{""ProviderNumber"": ""10039"", ""HospitalName"": ""huntsville hospital"", ""Address1"": ""101 sivley rd"", ""Address2"": ""empty"", ""Address3"": ""empty"", ""City"": ""huntsville"", ""State"": ""al"", ""ZipCode"": ""35801"", ""CountyName"": ""madison"", ""PhoneNumber"": ""2562651000"", ""HospitalType"": ""acute care hospitals"", ""HospitalOwner"": ""government - hospital district or authority"", ""EmergencyService"": ""yxs"", ""Condition"": ""surgical infection prevention"", ""MeasureCode"": ""scip-inf-3"", ""MeasureName"": ""surgery patients whose preventive antibiotics were stopped at the right time (within 24 hours after surgery)"", ""Score"": ""93%"", ""Sample"": ""561 patients"", ""Stateavg"": ""al_scip-inf-3"", ""count"": 1}

Take these rows as reference:

{""ProviderNumber"": ""10039"", ""HospitalName"": ""huntsville hospital"", ""Address1"": ""101 sivley rd"", ""Address2"": ""empty"", ""Address3"": ""empty"", ""City"": ""huntsville"", ""State"": ""al"", ""ZipCode"": ""35801"", ""CountyName"": ""madison"", ""PhoneNumber"": ""2562651000"", ""HospitalType"": ""acute care hospitaxs"", ""HospitalOwner"": ""government - hospital district or authority"", ""EmergencyService"": ""yes"", ""Condition"": ""heart attack"", ""MeasureCode"": ""ami-7a"", ""MeasureName"": ""heart attack patients given fibrinolytic medication within 30 minutes of arrival"", ""Score"": ""empty"", ""Sample"": ""0 patients"", ""Stateavg"": ""al_ami-7a""}

{""ProviderNumber"": ""10039"", ""HospitalName"": ""huntsville hospital"", ""Address1"": ""101 sivley rd"", ""Address2"": ""empty"", ""Address3"": ""empty"", ""City"": ""huntsville"", ""State"": ""al"", ""ZipCode"": ""35801"", ""CountyName"": ""madison"", ""PhoneNumber"": ""2562651000"", ""HospitalType"": ""acute care hospitals"", ""HospitalOwner"": ""government - hospital district or authority"", ""EmergencyService"": ""yes"", ""Condition"": ""children s asthma care"", ""MeasureCode"": ""xax-1"", ""MeasureName"": ""children who received reliever medication while hospitalized for asthma"", ""Score"": ""100%"", ""Sample"": ""193 patients"", ""Stateavg"": ""al_cac-1""}

",,"{""EmergencyService"": ""yes""}","  {""EmergencyService"": ""yes""}"
425,"You are an expert in Cleaning Hospital Dataset. Given the dirty row Entity 1, you are required to correct the values of CountyName in Entity 1.

Return in json format.

Output Format Example:

{""CountyName"": """"}

Entity 1:

{""ProviderNumber"": ""10039"", ""HospitalName"": ""huntsville hospital"", ""Address1"": ""101 sivley rd"", ""Address2"": ""empty"", ""Address3"": ""empty"", ""City"": ""huntsville"", ""State"": ""al"", ""ZipCode"": ""35801"", ""CountyName"": ""madisox"", ""PhoneNumber"": ""2562651000"", ""HospitalType"": ""acute care hospitals"", ""HospitalOwner"": ""government - hospital district or authority"", ""EmergencyService"": ""yes"", ""Condition"": ""surgical infection prevention"", ""MeasureCode"": ""scip-inf-4"", ""MeasureName"": ""all heart surgery patients whose blood sugar (blood glucose) is kept under good control in the days right after surgery"", ""Score"": ""95%"", ""Sample"": ""149 patients"", ""Stateavg"": ""al_scip-inf-4"", ""count"": 1}

Take these rows as reference:

{""ProviderNumber"": ""10039"", ""HospitalName"": ""huntsville hospital"", ""Address1"": ""101 sivley rd"", ""Address2"": ""empty"", ""Address3"": ""empty"", ""City"": ""huntsville"", ""State"": ""al"", ""ZipCode"": ""35801"", ""CountyName"": ""madison"", ""PhoneNumber"": ""2562651000"", ""HospitalType"": ""acute care hospitals"", ""HospitalOwner"": ""government - hospital district or authority"", ""EmergencyService"": ""yes"", ""Condition"": ""surgical infection prevention"", ""MeasureCode"": ""scip-inf-6"", ""MeasureName"": ""surgery patients needing hair removed from the surgical area before surgery who had hair removed using a safer method (electric clippers or hair removal cream c not a razor)"", ""Score"": ""99%"", ""Sample"": ""852 patients"", ""Stateavg"": ""al_scip-inf-6""}

{""ProviderNumber"": ""10039"", ""HospitalName"": ""huntsville hospital"", ""Address1"": ""101 sivley rd"", ""Address2"": ""empty"", ""Address3"": ""empty"", ""City"": ""huntsville"", ""State"": ""al"", ""ZipCode"": ""35801"", ""CountyName"": ""madison"", ""PhoneNumber"": ""2562651000"", ""HospitalType"": ""acute care hospitals"", ""HospitalOwner"": ""government - hospital district or authority"", ""EmergencyService"": ""yes"", ""Condition"": ""surgical infection prevention"", ""MeasureCode"": ""scip-card-2"", ""MeasureName"": ""surgery patients who were taking heart drugs called beta blockers before coming to the hospital who were kept on the beta blockers during the period just before and after their surgery"", ""Score"": ""90%"", ""Sample"": ""123 patients"", ""Stateavg"": ""al_scip-card-2""}

",,"{""CountyName"": ""madison""}","  {""CountyName"": ""madison""}"
426,"You are an expert in Cleaning Hospital Dataset. Given the dirty row Entity 1, you are required to correct the values of MeasureName in Entity 1.

Return in json format.

Output Format Example:

{""MeasureName"": """"}

Entity 1:

{""ProviderNumber"": ""10040"", ""HospitalName"": ""gadsden regional medical center"", ""Address1"": ""1007 goodyear avenue"", ""Address2"": ""empty"", ""Address3"": ""empty"", ""City"": ""gadsden"", ""State"": ""al"", ""ZipCode"": ""35903"", ""CountyName"": ""etowah"", ""PhoneNumber"": ""2564944000"", ""HospitalType"": ""acute care hospitals"", ""HospitalOwner"": ""proprietary"", ""EmergencyService"": ""yes"", ""Condition"": ""heart attack"", ""MeasureCode"": ""ami-1"", ""MeasureName"": ""heart attack patxents gxven aspxrxn at arrxval"", ""Score"": ""94%"", ""Sample"": ""123 patients"", ""Stateavg"": ""al_ami-1"", ""count"": 1}

Take these rows as reference:

{""ProviderNumber"": ""10040"", ""HospitalName"": ""gadsden regional medical center"", ""Address1"": ""1007 goodyear avenue"", ""Address2"": ""empty"", ""Address3"": ""empty"", ""City"": ""gadsden"", ""State"": ""al"", ""ZipCode"": ""35903"", ""CountyName"": ""etowah"", ""PhoneNumber"": ""2564944000"", ""HospitalType"": ""acute care hospitals"", ""HospitalOwner"": ""proprietary"", ""EmergencyService"": ""yes"", ""Condition"": ""heart attack"", ""MeasureCode"": ""ami-3"", ""MeasureName"": ""heart attack patients given ace inhibitor or arb for left ventricular systolic dysfunction (lvsd)"", ""Score"": ""89%"", ""Sample"": ""18 patients"", ""Stateavg"": ""al_ami-3""}

{""ProviderNumber"": ""10040"", ""HospitalName"": ""gadsden regional medical center"", ""Address1"": ""1007 goodyear avenue"", ""Address2"": ""empty"", ""Address3"": ""empty"", ""City"": ""gadsden"", ""State"": ""al"", ""ZipCode"": ""35903"", ""CountyName"": ""etowah"", ""PhoneNumber"": ""2564944000"", ""HospitalType"": ""acute care hospitals"", ""HospitalOwner"": ""proprietary"", ""EmergencyService"": ""yes"", ""Condition"": ""heart failure"", ""MeasureCode"": ""hf-2"", ""MeasureName"": ""heart failure patients given an evaluation of left ventricular systolic (lvs) function"", ""Score"": ""100%"", ""Sample"": ""259 patients"", ""Stateavg"": ""al_hf-2""}

",,"{""MeasureName"": ""heart attack patients given aspirin at arrival""}","  {""MeasureName"": ""heart attack patients given aspirin at arrival""}"
427,"You are an expert in Cleaning Hospital Dataset. Given the dirty row Entity 1, you are required to correct the values of EmergencyService in Entity 1.

Return in json format.

Output Format Example:

{""EmergencyService"": """"}

Entity 1:

{""ProviderNumber"": ""10040"", ""HospitalName"": ""gadsden regional medical center"", ""Address1"": ""1007 goodyear avenue"", ""Address2"": ""empty"", ""Address3"": ""empty"", ""City"": ""gadsden"", ""State"": ""al"", ""ZipCode"": ""35903"", ""CountyName"": ""etowah"", ""PhoneNumber"": ""2564944000"", ""HospitalType"": ""acute care hospitals"", ""HospitalOwner"": ""proprietary"", ""EmergencyService"": ""xes"", ""Condition"": ""heart failure"", ""MeasureCode"": ""hf-1"", ""MeasureName"": ""heart failure patients given discharge instructions"", ""Score"": ""47%"", ""Sample"": ""211 patients"", ""Stateavg"": ""al_hf-1"", ""count"": 1}

Take these rows as reference:

{""ProviderNumber"": ""10040"", ""HospitalName"": ""gadsden regional medical center"", ""Address1"": ""1007 goodyear avenue"", ""Address2"": ""empty"", ""Address3"": ""empty"", ""City"": ""gadsden"", ""State"": ""al"", ""ZipCode"": ""35903"", ""CountyName"": ""etowah"", ""PhoneNumber"": ""2564944000"", ""HospitalType"": ""acute care hospitals"", ""HospitalOwner"": ""proprietary"", ""EmergencyService"": ""yes"", ""Condition"": ""heart attack"", ""MeasureCode"": ""ami-4"", ""MeasureName"": ""heart attack patients given smoking cessation advice/counseling"", ""Score"": ""100%"", ""Sample"": ""79 patients"", ""Stateavg"": ""al_ami-4""}

{""ProviderNumber"": ""10040"", ""HospitalName"": ""gadsden regional medical center"", ""Address1"": ""1007 goodyear avenue"", ""Address2"": ""empty"", ""Address3"": ""empty"", ""City"": ""gadsden"", ""State"": ""al"", ""ZipCode"": ""35903"", ""CountyName"": ""etowah"", ""PhoneNumber"": ""2564944000"", ""HospitalType"": ""acute care hospitals"", ""HospitalOwner"": ""proprietary"", ""EmergencyService"": ""yes"", ""Condition"": ""pneumonia"", ""MeasureCode"": ""pn-5c"", ""MeasureName"": ""pneumonix pxtients given initixl antibiotic(s) within 6 hours after arrivxl"", ""Score"": ""94%"", ""Sample"": ""266 patients"", ""Stateavg"": ""al_pn-5c""}

",,"{""EmergencyService"": ""yes""}","  {""EmergencyService"": ""yes""}"
428,"You are an expert in Cleaning Hospital Dataset. Given the dirty row Entity 1, you are required to correct the values of HospitalType in Entity 1.

Return in json format.

Output Format Example:

{""HospitalType"": """"}

Entity 1:

{""ProviderNumber"": ""10040"", ""HospitalName"": ""gadsden regional medical center"", ""Address1"": ""1007 goodyear avenue"", ""Address2"": ""empty"", ""Address3"": ""empty"", ""City"": ""gadsden"", ""State"": ""al"", ""ZipCode"": ""35903"", ""CountyName"": ""etowah"", ""PhoneNumber"": ""2564944000"", ""HospitalType"": ""axute care hospitals"", ""HospitalOwner"": ""proprietary"", ""EmergencyService"": ""yes"", ""Condition"": ""pneumonia"", ""MeasureCode"": ""pn-3b"", ""MeasureName"": ""pneumonia patients whose initial emergency room blood culture was performed prior to the administration of the first hospital dose of antibiotics"", ""Score"": ""96%"", ""Sample"": ""187 patients"", ""Stateavg"": ""al_pn-3b"", ""count"": 1}

Take these rows as reference:

{""ProviderNumber"": ""10040"", ""HospitalName"": ""gadsden regional medical center"", ""Address1"": ""1007 goodyear avenue"", ""Address2"": ""empty"", ""Address3"": ""empty"", ""City"": ""gadsden"", ""State"": ""al"", ""ZipCode"": ""35903"", ""CountyName"": ""etowah"", ""PhoneNumber"": ""2564944000"", ""HospitalType"": ""acute care hospitals"", ""HospitalOwner"": ""proprietary"", ""EmergencyService"": ""yes"", ""Condition"": ""heart attack"", ""MeasureCode"": ""ami-5"", ""MeasureName"": ""heart attack patients given beta blocker at discharge"", ""Score"": ""95%"", ""Sample"": ""117 patients"", ""Stateavg"": ""al_ami-5""}

{""ProviderNumber"": ""10040"", ""HospitalName"": ""gadsden regional medical center"", ""Address1"": ""1007 goodyear avenue"", ""Address2"": ""empty"", ""Address3"": ""empty"", ""City"": ""gadsden"", ""State"": ""al"", ""ZipCode"": ""35903"", ""CountyName"": ""etowah"", ""PhoneNumber"": ""2564944000"", ""HospitalType"": ""acute care hospitals"", ""HospitalOwner"": ""proprietary"", ""EmergencyService"": ""yes"", ""Condition"": ""pneumonia"", ""MeasureCode"": ""pn-6"", ""MeasureName"": ""pneumonia patients given the most appropriate initial antibiotic(s)"", ""Score"": ""89%"", ""Sample"": ""153 patients"", ""Stateavg"": ""al_pn-6""}

",,"{""HospitalType"": ""acute care hospitals""}","  {""HospitalType"": ""acute care hospitals""}"
429,"You are an expert in Cleaning Hospital Dataset. Given the dirty row Entity 1, you are required to correct the values of ZipCode in Entity 1.

Return in json format.

Output Format Example:

{""ZipCode"": """"}

Entity 1:

{""ProviderNumber"": ""10040"", ""HospitalName"": ""gadsden regional medical center"", ""Address1"": ""1007 goodyear avenue"", ""Address2"": ""empty"", ""Address3"": ""empty"", ""City"": ""gadsden"", ""State"": ""al"", ""ZipCode"": ""x590x"", ""CountyName"": ""etowah"", ""PhoneNumber"": ""2564944000"", ""HospitalType"": ""acute care hospitals"", ""HospitalOwner"": ""proprietary"", ""EmergencyService"": ""yes"", ""Condition"": ""pneumonia"", ""MeasureCode"": ""pn-4"", ""MeasureName"": ""pneumonia patients given smoking cessation advice/counseling"", ""Score"": ""100%"", ""Sample"": ""130 patients"", ""Stateavg"": ""al_pn-4"", ""count"": 1}

Take these rows as reference:

{""ProviderNumber"": ""10040"", ""HospitalName"": ""gadsden regional medical center"", ""Address1"": ""1007 goodyear avenue"", ""Address2"": ""empty"", ""Address3"": ""empty"", ""City"": ""gadsden"", ""State"": ""al"", ""ZipCode"": ""35903"", ""CountyName"": ""etowah"", ""PhoneNumber"": ""2564944000"", ""HospitalType"": ""acute care hospitals"", ""HospitalOwner"": ""proprietary"", ""EmergencyService"": ""yes"", ""Condition"": ""heart attack"", ""MeasureCode"": ""ami-1"", ""MeasureName"": ""heart attack patxents gxven aspxrxn at arrxval"", ""Score"": ""94%"", ""Sample"": ""123 patients"", ""Stateavg"": ""al_ami-1""}

{""ProviderNumber"": ""10040"", ""HospitalName"": ""gadsden regional medical center"", ""Address1"": ""1007 goodyear avenue"", ""Address2"": ""empty"", ""Address3"": ""empty"", ""City"": ""gadsden"", ""State"": ""al"", ""ZipCode"": ""35903"", ""CountyName"": ""etowah"", ""PhoneNumber"": ""2564944000"", ""HospitalType"": ""acute care hospitals"", ""HospitalOwner"": ""proprietary"", ""EmergencyService"": ""yes"", ""Condition"": ""heart attack"", ""MeasureCode"": ""ami-4"", ""MeasureName"": ""heart attack patients given smoking cessation advice/counseling"", ""Score"": ""100%"", ""Sample"": ""79 patients"", ""Stateavg"": ""al_ami-4""}

",,"{""ZipCode"": ""35903""}","  {""ZipCode"": ""35903""}"
430,"You are an expert in Cleaning Hospital Dataset. Given the dirty row Entity 1, you are required to correct the values of MeasureName in Entity 1.

Return in json format.

Output Format Example:

{""MeasureName"": """"}

Entity 1:

{""ProviderNumber"": ""10040"", ""HospitalName"": ""gadsden regional medical center"", ""Address1"": ""1007 goodyear avenue"", ""Address2"": ""empty"", ""Address3"": ""empty"", ""City"": ""gadsden"", ""State"": ""al"", ""ZipCode"": ""35903"", ""CountyName"": ""etowah"", ""PhoneNumber"": ""2564944000"", ""HospitalType"": ""acute care hospitals"", ""HospitalOwner"": ""proprietary"", ""EmergencyService"": ""yes"", ""Condition"": ""pneumonia"", ""MeasureCode"": ""pn-5c"", ""MeasureName"": ""pneumonix pxtients given initixl antibiotic(s) within 6 hours after arrivxl"", ""Score"": ""94%"", ""Sample"": ""266 patients"", ""Stateavg"": ""al_pn-5c"", ""count"": 1}

Take these rows as reference:

{""ProviderNumber"": ""10040"", ""HospitalName"": ""gadsden regional medical center"", ""Address1"": ""1007 goodyear avenue"", ""Address2"": ""empty"", ""Address3"": ""empty"", ""City"": ""gadsden"", ""State"": ""al"", ""ZipCode"": ""35903"", ""CountyName"": ""etowah"", ""PhoneNumber"": ""2564944000"", ""HospitalType"": ""acute care hospitals"", ""HospitalOwner"": ""proprietary"", ""EmergencyService"": ""yes"", ""Condition"": ""heart attack"", ""MeasureCode"": ""ami-1"", ""MeasureName"": ""heart attack patxents gxven aspxrxn at arrxval"", ""Score"": ""94%"", ""Sample"": ""123 patients"", ""Stateavg"": ""al_ami-1""}

{""ProviderNumber"": ""10040"", ""HospitalName"": ""gadsden regional medical center"", ""Address1"": ""1007 goodyear avenue"", ""Address2"": ""empty"", ""Address3"": ""empty"", ""City"": ""gadsden"", ""State"": ""al"", ""ZipCode"": ""35903"", ""CountyName"": ""etowah"", ""PhoneNumber"": ""2564944000"", ""HospitalType"": ""acute care hospitals"", ""HospitalOwner"": ""proprietary"", ""EmergencyService"": ""yes"", ""Condition"": ""heart failure"", ""MeasureCode"": ""hf-2"", ""MeasureName"": ""heart failure patients given an evaluation of left ventricular systolic (lvs) function"", ""Score"": ""100%"", ""Sample"": ""259 patients"", ""Stateavg"": ""al_hf-2""}

",,"{""MeasureName"": ""pneumonia patients given initial antibiotic(s) within 6 hours after arrival""}","  {""MeasureName"": ""pneumonia patients given initial antibiotic(s) within 6 hours after arrival""}"
431,"You are an expert in Cleaning Hospital Dataset. Given the dirty row Entity 1, you are required to correct the values of City in Entity 1.

Return in json format.

Output Format Example:

{""City"": """"}

Entity 1:

{""ProviderNumber"": ""10040"", ""HospitalName"": ""gadsden regional medical center"", ""Address1"": ""1007 goodyear avenue"", ""Address2"": ""empty"", ""Address3"": ""empty"", ""City"": ""gxdsden"", ""State"": ""al"", ""ZipCode"": ""35903"", ""CountyName"": ""etowah"", ""PhoneNumber"": ""2564944000"", ""HospitalType"": ""acute care hospitals"", ""HospitalOwner"": ""proprietary"", ""EmergencyService"": ""yes"", ""Condition"": ""surgical infection prevention"", ""MeasureCode"": ""scip-inf-2"", ""MeasureName"": ""surgery patients who were given the  right kind  of antibiotic to help prevent infection"", ""Score"": ""97%"", ""Sample"": ""564 patients"", ""Stateavg"": ""al_scip-inf-2"", ""count"": 1}

Take these rows as reference:

{""ProviderNumber"": ""10040"", ""HospitalName"": ""gadsden regional medical center"", ""Address1"": ""1007 goodyear avenue"", ""Address2"": ""empty"", ""Address3"": ""empty"", ""City"": ""gadsden"", ""State"": ""al"", ""ZipCode"": ""35903"", ""CountyName"": ""etowah"", ""PhoneNumber"": ""2564944000"", ""HospitalType"": ""acute care hospitals"", ""HospitalOwner"": ""proprietary"", ""EmergencyService"": ""yes"", ""Condition"": ""heart failure"", ""MeasureCode"": ""hf-4"", ""MeasureName"": ""heart failure patients given smoking cessation advice/counseling"", ""Score"": ""100%"", ""Sample"": ""70 patients"", ""Stateavg"": ""al_hf-4""}

{""ProviderNumber"": ""10040"", ""HospitalName"": ""gadsden regional medical center"", ""Address1"": ""1007 goodyear avenue"", ""Address2"": ""empty"", ""Address3"": ""empty"", ""City"": ""gadsden"", ""State"": ""al"", ""ZipCode"": ""35903"", ""CountyName"": ""etowah"", ""PhoneNumber"": ""2564944000"", ""HospitalType"": ""acute care hospitals"", ""HospitalOwner"": ""proprietary"", ""EmergencyService"": ""yes"", ""Condition"": ""heart attack"", ""MeasureCode"": ""ami-1"", ""MeasureName"": ""heart attack patxents gxven aspxrxn at arrxval"", ""Score"": ""94%"", ""Sample"": ""123 patients"", ""Stateavg"": ""al_ami-1""}

",,"{""City"": ""gadsden""}","  {""City"": ""gadsden""}"
432,"You are an expert in Cleaning Hospital Dataset. Given the dirty row Entity 1, you are required to correct the values of PhoneNumber in Entity 1.

Return in json format.

Output Format Example:

{""PhoneNumber"": """"}

Entity 1:

{""ProviderNumber"": ""10040"", ""HospitalName"": ""gadsden regional medical center"", ""Address1"": ""1007 goodyear avenue"", ""Address2"": ""empty"", ""Address3"": ""empty"", ""City"": ""gadsden"", ""State"": ""al"", ""ZipCode"": ""35903"", ""CountyName"": ""etowah"", ""PhoneNumber"": ""2564944xxx"", ""HospitalType"": ""acute care hospitals"", ""HospitalOwner"": ""proprietary"", ""EmergencyService"": ""yes"", ""Condition"": ""surgical infection prevention"", ""MeasureCode"": ""scip-inf-6"", ""MeasureName"": ""surgery patients needing hair removed from the surgical area before surgery who had hair removed using a safer method (electric clippers or hair removal cream c not a razor)"", ""Score"": ""100%"", ""Sample"": ""854 patients"", ""Stateavg"": ""al_scip-inf-6"", ""count"": 1}

Take these rows as reference:

{""ProviderNumber"": ""10040"", ""HospitalName"": ""gadsden regional medical center"", ""Address1"": ""1007 goodyear avenue"", ""Address2"": ""empty"", ""Address3"": ""empty"", ""City"": ""gadsden"", ""State"": ""al"", ""ZipCode"": ""35903"", ""CountyName"": ""etowah"", ""PhoneNumber"": ""2564944000"", ""HospitalType"": ""acute care hospitals"", ""HospitalOwner"": ""proprietary"", ""EmergencyService"": ""yes"", ""Condition"": ""heart failure"", ""MeasureCode"": ""hf-2"", ""MeasureName"": ""heart failure patients given an evaluation of left ventricular systolic (lvs) function"", ""Score"": ""100%"", ""Sample"": ""259 patients"", ""Stateavg"": ""al_hf-2""}

{""ProviderNumber"": ""10040"", ""HospitalName"": ""gadsden regional medical center"", ""Address1"": ""1007 goodyear avenue"", ""Address2"": ""empty"", ""Address3"": ""empty"", ""City"": ""gxdsden"", ""State"": ""al"", ""ZipCode"": ""35903"", ""CountyName"": ""etowah"", ""PhoneNumber"": ""2564944000"", ""HospitalType"": ""acute care hospitals"", ""HospitalOwner"": ""proprietary"", ""EmergencyService"": ""yes"", ""Condition"": ""surgical infection prevention"", ""MeasureCode"": ""scip-inf-2"", ""MeasureName"": ""surgery patients who were given the  right kind  of antibiotic to help prevent infection"", ""Score"": ""97%"", ""Sample"": ""564 patients"", ""Stateavg"": ""al_scip-inf-2""}

",,"{""PhoneNumber"": ""2564944000""}","  {""PhoneNumber"": ""2564944000""}"
433,"You are an expert in Cleaning Hospital Dataset. Given the dirty row Entity 1, you are required to correct the values of Stateavg in Entity 1.

Return in json format.

Output Format Example:

{""Stateavg"": """"}

Entity 1:

{""ProviderNumber"": ""10043"", ""HospitalName"": ""chilton medical center"", ""Address1"": ""1010 lay dam road"", ""Address2"": ""empty"", ""Address3"": ""empty"", ""City"": ""clanton"", ""State"": ""al"", ""ZipCode"": ""35045"", ""CountyName"": ""chilton"", ""PhoneNumber"": ""2057552500"", ""HospitalType"": ""acute care hospitals"", ""HospitalOwner"": ""voluntary non-profit - private"", ""EmergencyService"": ""yes"", ""Condition"": ""heart attack"", ""MeasureCode"": ""ami-1"", ""MeasureName"": ""heart attack patients given aspirin at arrival"", ""Score"": ""100%"", ""Sample"": ""1 patients"", ""Stateavg"": ""xl_xmi-1"", ""count"": 1}

Take these rows as reference:

{""ProviderNumber"": ""10043"", ""HospitalName"": ""chilton medical center"", ""Address1"": ""1010 lay dam road"", ""Address2"": ""empty"", ""Address3"": ""empty"", ""City"": ""clanton"", ""State"": ""al"", ""ZipCode"": ""35045"", ""CountyName"": ""chilton"", ""PhoneNumber"": ""2057552500"", ""HospitalType"": ""acute care hospitals"", ""HospitalOwner"": ""voluntary non-profit - private"", ""EmergencyService"": ""yes"", ""Condition"": ""heart attack"", ""MeasureCode"": ""ami-1"", ""MeasureName"": ""heart attack patients given aspirin at arrival"", ""Score"": ""100%"", ""Sample"": ""1 patients"", ""Stateavg"": ""xl_xmi-1""}

{""ProviderNumber"": ""10043"", ""HospitalName"": ""chilton medical center"", ""Address1"": ""1010 lay dam road"", ""Address2"": ""empty"", ""Address3"": ""empty"", ""City"": ""clanton"", ""State"": ""al"", ""ZipCode"": ""35045"", ""CountyName"": ""chilton"", ""PhoneNumber"": ""2057552500"", ""HospitalType"": ""acute care hospitals"", ""HospitalOwner"": ""voluntary non-profit - private"", ""EmergencyService"": ""yes"", ""Condition"": ""heart attack"", ""MeasureCode"": ""ami-5"", ""MeasureName"": ""heart attack patients given beta blocker at discharge"", ""Score"": ""100%"", ""Sample"": ""1 patients"", ""Stateavg"": ""al_ami-5""}

",,"{""Stateavg"": ""al_ami-1""}","  {""Stateavg"": ""al_ami-1""}"
434,"You are an expert in Cleaning Hospital Dataset. Given the dirty row Entity 1, you are required to correct the values of MeasureCode in Entity 1.

Return in json format.

Output Format Example:

{""MeasureCode"": """"}

Entity 1:

{""ProviderNumber"": ""10043"", ""HospitalName"": ""chilton medical center"", ""Address1"": ""1010 lay dam road"", ""Address2"": ""empty"", ""Address3"": ""empty"", ""City"": ""clanton"", ""State"": ""al"", ""ZipCode"": ""35045"", ""CountyName"": ""chilton"", ""PhoneNumber"": ""2057552500"", ""HospitalType"": ""acute care hospitals"", ""HospitalOwner"": ""voluntary non-profit - private"", ""EmergencyService"": ""yes"", ""Condition"": ""pneumonia"", ""MeasureCode"": ""pnx6"", ""MeasureName"": ""pneumonia patients given the most appropriate initial antibiotic(s)"", ""Score"": ""95%"", ""Sample"": ""38 patients"", ""Stateavg"": ""al_pnx6"", ""count"": 2}

Take these rows as reference:

{""ProviderNumber"": ""10043"", ""HospitalName"": ""chilton medical center"", ""Address1"": ""1010 lay dam road"", ""Address2"": ""empty"", ""Address3"": ""empty"", ""City"": ""clanton"", ""State"": ""al"", ""ZipCode"": ""35045"", ""CountyName"": ""chilton"", ""PhoneNumber"": ""2057552500"", ""HospitalType"": ""acute care hospitals"", ""HospitalOwner"": ""voluntary non-profit - private"", ""EmergencyService"": ""yes"", ""Condition"": ""pneumonia"", ""MeasureCode"": ""pn-2"", ""MeasureName"": ""pneumonia patients assessed and given pneumococcal vaccination"", ""Score"": ""89%"", ""Sample"": ""47 patients"", ""Stateavg"": ""al_pn-2""}

{""ProviderNumber"": ""10043"", ""HospitalName"": ""chilton medical center"", ""Address1"": ""1010 lay dam road"", ""Address2"": ""empty"", ""Address3"": ""empty"", ""City"": ""clanton"", ""State"": ""al"", ""ZipCode"": ""35045"", ""CountyName"": ""chilton"", ""PhoneNumber"": ""2057552500"", ""HospitalType"": ""acute care hospitals"", ""HospitalOwner"": ""voluntary non-profit - private"", ""EmergencyService"": ""yes"", ""Condition"": ""heart attack"", ""MeasureCode"": ""ami-1"", ""MeasureName"": ""heart attack patients given aspirin at arrival"", ""Score"": ""100%"", ""Sample"": ""1 patients"", ""Stateavg"": ""xl_xmi-1""}

",,"{""MeasureCode"": ""pn-6""}","  {""MeasureCode"": ""pn-6""}"
435,"You are an expert in Cleaning Hospital Dataset. Given the dirty row Entity 1, you are required to correct the values of Stateavg in Entity 1.

Return in json format.

Output Format Example:

{""Stateavg"": """"}

Entity 1:

{""ProviderNumber"": ""10043"", ""HospitalName"": ""chilton medical center"", ""Address1"": ""1010 lay dam road"", ""Address2"": ""empty"", ""Address3"": ""empty"", ""City"": ""clanton"", ""State"": ""al"", ""ZipCode"": ""35045"", ""CountyName"": ""chilton"", ""PhoneNumber"": ""2057552500"", ""HospitalType"": ""acute care hospitals"", ""HospitalOwner"": ""voluntary non-profit - private"", ""EmergencyService"": ""yes"", ""Condition"": ""pneumonia"", ""MeasureCode"": ""pnx6"", ""MeasureName"": ""pneumonia patients given the most appropriate initial antibiotic(s)"", ""Score"": ""95%"", ""Sample"": ""38 patients"", ""Stateavg"": ""al_pnx6"", ""count"": 2}

Take these rows as reference:

{""ProviderNumber"": ""10043"", ""HospitalName"": ""chilton medical center"", ""Address1"": ""1010 lay dam road"", ""Address2"": ""empty"", ""Address3"": ""empty"", ""City"": ""clanton"", ""State"": ""al"", ""ZipCode"": ""35045"", ""CountyName"": ""chilton"", ""PhoneNumber"": ""2057552500"", ""HospitalType"": ""acute care hospitals"", ""HospitalOwner"": ""voluntary non-profit - private"", ""EmergencyService"": ""yes"", ""Condition"": ""pneumonia"", ""MeasureCode"": ""pn-4"", ""MeasureName"": ""pneumonia patients given smoking cessation advice/counseling"", ""Score"": ""94%"", ""Sample"": ""16 patients"", ""Stateavg"": ""al_pn-4""}

{""ProviderNumber"": ""10043"", ""HospitalName"": ""chilton medical center"", ""Address1"": ""1010 lay dam road"", ""Address2"": ""empty"", ""Address3"": ""empty"", ""City"": ""clanton"", ""State"": ""al"", ""ZipCode"": ""35045"", ""CountyName"": ""chilton"", ""PhoneNumber"": ""2057552500"", ""HospitalType"": ""acute care hospitals"", ""HospitalOwner"": ""voluntary non-profit - private"", ""EmergencyService"": ""yes"", ""Condition"": ""pneumonia"", ""MeasureCode"": ""pnx6"", ""MeasureName"": ""pneumonia patients given the most appropriate initial antibiotic(s)"", ""Score"": ""95%"", ""Sample"": ""38 patients"", ""Stateavg"": ""al_pnx6""}

",,"{""Stateavg"": ""al_pn-6""}","  {""Stateavg"": ""al_pnx6""}"
436,"You are an expert in Cleaning Hospital Dataset. Given the dirty row Entity 1, you are required to correct the values of Sample in Entity 1.

Return in json format.

Output Format Example:

{""Sample"": """"}

Entity 1:

{""ProviderNumber"": ""10043"", ""HospitalName"": ""chilton medical center"", ""Address1"": ""1010 lay dam road"", ""Address2"": ""empty"", ""Address3"": ""empty"", ""City"": ""clanton"", ""State"": ""al"", ""ZipCode"": ""35045"", ""CountyName"": ""chilton"", ""PhoneNumber"": ""2057552500"", ""HospitalType"": ""acute care hospitals"", ""HospitalOwner"": ""voluntary non-profit - private"", ""EmergencyService"": ""yes"", ""Condition"": ""surgical infection prevention"", ""MeasureCode"": ""scip-inf-1"", ""MeasureName"": ""surgery patients who were given an antibiotic at the right time (within one hour before surgery) to help prevent infection"", ""Score"": ""100%"", ""Sample"": ""4 patiexts"", ""Stateavg"": ""al_scip-inf-1"", ""count"": 1}

Take these rows as reference:

{""ProviderNumber"": ""10043"", ""HospitalName"": ""chilton medical center"", ""Address1"": ""x0x0 lay dam road"", ""Address2"": ""empty"", ""Address3"": ""empty"", ""City"": ""clanton"", ""State"": ""al"", ""ZipCode"": ""35045"", ""CountyName"": ""chilton"", ""PhoneNumber"": ""2057552500"", ""HospitalType"": ""acute care hospitals"", ""HospitalOwner"": ""voluntary non-profit - private"", ""EmergencyService"": ""yes"", ""Condition"": ""surgical infection prevention"", ""MeasureCode"": ""scip-inf-6"", ""MeasureName"": ""surgery patients needing hair removed from the surgical area before surgery who had hair removed using a safer method (electric clippers or hair removal cream c not a razor)"", ""Score"": ""100%"", ""Sample"": ""5 patients"", ""Stateavg"": ""al_scip-inf-6""}

{""ProviderNumber"": ""10043"", ""HospitalName"": ""chilton medical center"", ""Address1"": ""x0x0 lay dam road"", ""Address2"": ""empty"", ""Address3"": ""empty"", ""City"": ""clanton"", ""State"": ""al"", ""ZipCode"": ""35045"", ""CountyName"": ""chilton"", ""PhoneNumber"": ""2057552500"", ""HospitalType"": ""acute care hospitals"", ""HospitalOwner"": ""voluntary non-profit - private"", ""EmergencyService"": ""yes"", ""Condition"": ""surgical infection prevention"", ""MeasureCode"": ""scip-inf-6"", ""MeasureName"": ""surgery patients needing hair removed from the surgical area before surgery who had hair removed using a safer method (electric clippers or hair removal cream c not a razor)"", ""Score"": ""100%"", ""Sample"": ""5 patients"", ""Stateavg"": ""al_scip-inf-6""}

",,"{""Sample"": ""4 patients""}","  {""Sample"": ""4 patients""}"
437,"You are an expert in Cleaning Hospital Dataset. Given the dirty row Entity 1, you are required to correct the values of HospitalOwner in Entity 1.

Return in json format.

Output Format Example:

{""HospitalOwner"": """"}

Entity 1:

{""ProviderNumber"": ""10043"", ""HospitalName"": ""chilton medical center"", ""Address1"": ""1010 lay dam road"", ""Address2"": ""empty"", ""Address3"": ""empty"", ""City"": ""clanton"", ""State"": ""al"", ""ZipCode"": ""35045"", ""CountyName"": ""chilton"", ""PhoneNumber"": ""2057552500"", ""HospitalType"": ""acute care hospitals"", ""HospitalOwner"": ""voluntaxy non-pxofit - pxivate"", ""EmergencyService"": ""yes"", ""Condition"": ""surgical infection prevention"", ""MeasureCode"": ""scip-inf-2"", ""MeasureName"": ""surgery patients who were given the  right kind  of antibiotic to help prevent infection"", ""Score"": ""100%"", ""Sample"": ""4 patients"", ""Stateavg"": ""al_scip-inf-2"", ""count"": 1}

Take these rows as reference:

{""ProviderNumber"": ""10043"", ""HospitalName"": ""chilton medical center"", ""Address1"": ""1010 lay dam road"", ""Address2"": ""empty"", ""Address3"": ""empty"", ""City"": ""clanton"", ""State"": ""al"", ""ZipCode"": ""35045"", ""CountyName"": ""chilton"", ""PhoneNumber"": ""2057552500"", ""HospitalType"": ""acute care hospitals"", ""HospitalOwner"": ""voluntary non-profit - private"", ""EmergencyService"": ""yes"", ""Condition"": ""heart failure"", ""MeasureCode"": ""hf-2"", ""MeasureName"": ""heart failure patients given an evaluation of left ventricular systolic (lvs) function"", ""Score"": ""89%"", ""Sample"": ""28 patients"", ""Stateavg"": ""al_hf-2""}

{""ProviderNumber"": ""10043"", ""HospitalName"": ""chilton medical center"", ""Address1"": ""1010 lay dam road"", ""Address2"": ""empty"", ""Address3"": ""empty"", ""City"": ""clanton"", ""State"": ""al"", ""ZipCode"": ""35045"", ""CountyName"": ""chilton"", ""PhoneNumber"": ""2057552500"", ""HospitalType"": ""acute care hospitals"", ""HospitalOwner"": ""voluntary non-profit - private"", ""EmergencyService"": ""yes"", ""Condition"": ""pneumonia"", ""MeasureCode"": ""pn-2"", ""MeasureName"": ""pneumonia patients assessed and given pneumococcal vaccination"", ""Score"": ""89%"", ""Sample"": ""47 patients"", ""Stateavg"": ""al_pn-2""}

",,"{""HospitalOwner"": ""voluntary non-profit - private""}","  {""HospitalOwner"": ""voluntary non-profit - private""}"
438,"You are an expert in Cleaning Hospital Dataset. Given the dirty row Entity 1, you are required to correct the values of HospitalType in Entity 1.

Return in json format.

Output Format Example:

{""HospitalType"": """"}

Entity 1:

{""ProviderNumber"": ""10043"", ""HospitalName"": ""chilton medical center"", ""Address1"": ""1010 lay dam road"", ""Address2"": ""empty"", ""Address3"": ""empty"", ""City"": ""clanton"", ""State"": ""al"", ""ZipCode"": ""35045"", ""CountyName"": ""chilton"", ""PhoneNumber"": ""2057552500"", ""HospitalType"": ""acute caxe hospitals"", ""HospitalOwner"": ""voluntary non-profit - private"", ""EmergencyService"": ""yes"", ""Condition"": ""surgical infection prevention"", ""MeasureCode"": ""scip-inf-4"", ""MeasureName"": ""all heart surgery patients whose blood sugar (blood glucose) is kept under good control in the days right after surgery"", ""Score"": ""empty"", ""Sample"": ""0 patients"", ""Stateavg"": ""al_scip-inf-4"", ""count"": 1}

Take these rows as reference:

{""ProviderNumber"": ""10043"", ""HospitalName"": ""chilton medical center"", ""Address1"": ""1010 lay dam road"", ""Address2"": ""empty"", ""Address3"": ""empty"", ""City"": ""clanton"", ""State"": ""al"", ""ZipCode"": ""35045"", ""CountyName"": ""chilton"", ""PhoneNumber"": ""2057552500"", ""HospitalType"": ""acute care hospitals"", ""HospitalOwner"": ""voluntary non-profit - private"", ""EmergencyService"": ""yes"", ""Condition"": ""pneumonia"", ""MeasureCode"": ""pn-7"", ""MeasureName"": ""pneumonia patients assessed and given influenza vaccination"", ""Score"": ""81%"", ""Sample"": ""37 patients"", ""Stateavg"": ""al_pn-7""}

{""ProviderNumber"": ""10043"", ""HospitalName"": ""chilton medical center"", ""Address1"": ""1010 lay dam road"", ""Address2"": ""empty"", ""Address3"": ""empty"", ""City"": ""clanton"", ""State"": ""al"", ""ZipCode"": ""35045"", ""CountyName"": ""chilton"", ""PhoneNumber"": ""2057552500"", ""HospitalType"": ""acute care hospitals"", ""HospitalOwner"": ""voluntary non-profit - private"", ""EmergencyService"": ""yes"", ""Condition"": ""heart attack"", ""MeasureCode"": ""ami-8a"", ""MeasureName"": ""heart attack patients given pci within 90 minutes of arrival"", ""Score"": ""empty"", ""Sample"": ""0 patients"", ""Stateavg"": ""al_ami-8a""}

",,"{""HospitalType"": ""acute care hospitals""}","  {""HospitalType"": ""acute care hospitals""}"
439,"You are an expert in Cleaning Hospital Dataset. Given the dirty row Entity 1, you are required to correct the values of Address1 in Entity 1.

Return in json format.

Output Format Example:

{""Address1"": """"}

Entity 1:

{""ProviderNumber"": ""10043"", ""HospitalName"": ""chilton medical center"", ""Address1"": ""x0x0 lay dam road"", ""Address2"": ""empty"", ""Address3"": ""empty"", ""City"": ""clanton"", ""State"": ""al"", ""ZipCode"": ""35045"", ""CountyName"": ""chilton"", ""PhoneNumber"": ""2057552500"", ""HospitalType"": ""acute care hospitals"", ""HospitalOwner"": ""voluntary non-profit - private"", ""EmergencyService"": ""yes"", ""Condition"": ""surgical infection prevention"", ""MeasureCode"": ""scip-inf-6"", ""MeasureName"": ""surgery patients needing hair removed from the surgical area before surgery who had hair removed using a safer method (electric clippers or hair removal cream c not a razor)"", ""Score"": ""100%"", ""Sample"": ""5 patients"", ""Stateavg"": ""al_scip-inf-6"", ""count"": 1}

Take these rows as reference:

{""ProviderNumber"": ""10043"", ""HospitalName"": ""chilton medical center"", ""Address1"": ""1010 lay dam road"", ""Address2"": ""empty"", ""Address3"": ""empty"", ""City"": ""clanton"", ""State"": ""al"", ""ZipCode"": ""35045"", ""CountyName"": ""chilton"", ""PhoneNumber"": ""2057552500"", ""HospitalType"": ""acute care hospitals"", ""HospitalOwner"": ""voluntary non-profit - private"", ""EmergencyService"": ""yes"", ""Condition"": ""heart attack"", ""MeasureCode"": ""ami-8a"", ""MeasureName"": ""heart attack patients given pci within 90 minutes of arrival"", ""Score"": ""empty"", ""Sample"": ""0 patients"", ""Stateavg"": ""al_ami-8a""}

{""ProviderNumber"": ""10043"", ""HospitalName"": ""chilton medical center"", ""Address1"": ""1010 lay dam road"", ""Address2"": ""empty"", ""Address3"": ""empty"", ""City"": ""clanton"", ""State"": ""al"", ""ZipCode"": ""35045"", ""CountyName"": ""chilton"", ""PhoneNumber"": ""2057552500"", ""HospitalType"": ""acute care hospitals"", ""HospitalOwner"": ""voluntary non-profit - private"", ""EmergencyService"": ""yes"", ""Condition"": ""heart failure"", ""MeasureCode"": ""hf-3"", ""MeasureName"": ""heart failure patients given ace inhibitor or arb for left ventricular systolic dysfunction (lvsd)"", ""Score"": ""75%"", ""Sample"": ""4 patients"", ""Stateavg"": ""al_hf-3""}

",,"{""Address1"": ""1010 lay dam road""}","  {""Address1"": ""1010 lay dam road""}"
440,"You are an expert in Cleaning Hospital Dataset. Given the dirty row Entity 1, you are required to correct the values of Condition in Entity 1.

Return in json format.

Output Format Example:

{""Condition"": """"}

Entity 1:

{""ProviderNumber"": ""10043"", ""HospitalName"": ""chilton medical center"", ""Address1"": ""1010 lay dam road"", ""Address2"": ""empty"", ""Address3"": ""empty"", ""City"": ""clanton"", ""State"": ""al"", ""ZipCode"": ""35045"", ""CountyName"": ""chilton"", ""PhoneNumber"": ""2057552500"", ""HospitalType"": ""acute care hospitals"", ""HospitalOwner"": ""voluntary non-profit - private"", ""EmergencyService"": ""yes"", ""Condition"": ""surgical infxction prxvxntion"", ""MeasureCode"": ""scip-vte-2"", ""MeasureName"": ""patients who got treatment  at the right time (within 24 hours before or after their surgery) to help prevent blood clots after certain types of surgery"", ""Score"": ""empty"", ""Sample"": ""0 patients"", ""Stateavg"": ""al_scip-vte-2"", ""count"": 1}

Take these rows as reference:

{""ProviderNumber"": ""10043"", ""HospitalName"": ""chilton medical center"", ""Address1"": ""1010 lay dam road"", ""Address2"": ""empty"", ""Address3"": ""empty"", ""City"": ""clanton"", ""State"": ""al"", ""ZipCode"": ""35045"", ""CountyName"": ""chilton"", ""PhoneNumber"": ""2057552500"", ""HospitalType"": ""acute care hospitals"", ""HospitalOwner"": ""voluntary non-profit - private"", ""EmergencyService"": ""yes"", ""Condition"": ""heart attack"", ""MeasureCode"": ""ami-8a"", ""MeasureName"": ""heart attack patients given pci within 90 minutes of arrival"", ""Score"": ""empty"", ""Sample"": ""0 patients"", ""Stateavg"": ""al_ami-8a""}

{""ProviderNumber"": ""10043"", ""HospitalName"": ""chilton medical center"", ""Address1"": ""1010 lay dam road"", ""Address2"": ""empty"", ""Address3"": ""empty"", ""City"": ""clanton"", ""State"": ""al"", ""ZipCode"": ""35045"", ""CountyName"": ""chilton"", ""PhoneNumber"": ""2057552500"", ""HospitalType"": ""acute care hospitals"", ""HospitalOwner"": ""voluntary non-profit - private"", ""EmergencyService"": ""yes"", ""Condition"": ""pneumonia"", ""MeasureCode"": ""pn-2"", ""MeasureName"": ""pneumonia patients assessed and given pneumococcal vaccination"", ""Score"": ""89%"", ""Sample"": ""47 patients"", ""Stateavg"": ""al_pn-2""}

",,"{""Condition"": ""surgical infection prevention""}","  {""Condition"": ""surgical infection prevention""}"
441,"You are an expert in Cleaning Hospital Dataset. Given the dirty row Entity 1, you are required to correct the values of City in Entity 1.

Return in json format.

Output Format Example:

{""City"": """"}

Entity 1:

{""ProviderNumber"": ""10044"", ""HospitalName"": ""marion regional medical center"", ""Address1"": ""1256 military street south"", ""Address2"": ""empty"", ""Address3"": ""empty"", ""City"": ""hamilxon"", ""State"": ""al"", ""ZipCode"": ""35570"", ""CountyName"": ""marion"", ""PhoneNumber"": ""x059x16x00"", ""HospitalType"": ""acute care hospitals"", ""HospitalOwner"": ""voluntary non-profit - private"", ""EmergencyService"": ""yes"", ""Condition"": ""heart attack"", ""MeasureCode"": ""ami-4"", ""MeasureName"": ""heart attack patients given smoking cessation advice/counseling"", ""Score"": ""empty"", ""Sample"": ""0 patients"", ""Stateavg"": ""al_ami-4"", ""count"": 2}

Take these rows as reference:

{""ProviderNumber"": ""10044"", ""HospitalName"": ""marion regional medical center"", ""Address1"": ""1256 military street south"", ""Address2"": ""empty"", ""Address3"": ""empty"", ""City"": ""hamilton"", ""State"": ""al"", ""ZipCode"": ""35570"", ""CountyName"": ""marion"", ""PhoneNumber"": ""2059216200"", ""HospitalType"": ""acute care hospitals"", ""HospitalOwner"": ""voluntaxy non-pxofit - pxivate"", ""EmergencyService"": ""yes"", ""Condition"": ""surgical infection prevention"", ""MeasureCode"": ""scip-inf-3"", ""MeasureName"": ""surgery patients whose preventive antibiotics were stopped at the right time (within 24 hours after surgery)"", ""Score"": ""87%"", ""Sample"": ""15 patiexts"", ""Stateavg"": ""al_scip-inf-3""}

{""ProviderNumber"": ""10044"", ""HospitalName"": ""marion regional medical center"", ""Address1"": ""1256 military street south"", ""Address2"": ""empty"", ""Address3"": ""empty"", ""City"": ""hamilton"", ""State"": ""al"", ""ZipCode"": ""35570"", ""CountyName"": ""marion"", ""PhoneNumber"": ""2059216200"", ""HospitalType"": ""acute care hospitals"", ""HospitalOwner"": ""voluntary non-profit - private"", ""EmergencyService"": ""yes"", ""Condition"": ""surgical ixfectiox prevextiox"", ""MeasureCode"": ""scip-card-2"", ""MeasureName"": ""surgery patients who were taking heart drugs called beta blockers before coming to the hospital who were kept on the beta blockers during the period just before and after their surgery"", ""Score"": ""67%"", ""Sample"": ""3 patients"", ""Stateavg"": ""al_scip-card-2""}

",,"{""City"": ""hamilton""}","  {""City"": ""hamilton""}"
442,"You are an expert in Cleaning Hospital Dataset. Given the dirty row Entity 1, you are required to correct the values of PhoneNumber in Entity 1.

Return in json format.

Output Format Example:

{""PhoneNumber"": """"}

Entity 1:

{""ProviderNumber"": ""10044"", ""HospitalName"": ""marion regional medical center"", ""Address1"": ""1256 military street south"", ""Address2"": ""empty"", ""Address3"": ""empty"", ""City"": ""hamilxon"", ""State"": ""al"", ""ZipCode"": ""35570"", ""CountyName"": ""marion"", ""PhoneNumber"": ""x059x16x00"", ""HospitalType"": ""acute care hospitals"", ""HospitalOwner"": ""voluntary non-profit - private"", ""EmergencyService"": ""yes"", ""Condition"": ""heart attack"", ""MeasureCode"": ""ami-4"", ""MeasureName"": ""heart attack patients given smoking cessation advice/counseling"", ""Score"": ""empty"", ""Sample"": ""0 patients"", ""Stateavg"": ""al_ami-4"", ""count"": 2}

Take these rows as reference:

{""ProviderNumber"": ""10044"", ""HospitalName"": ""marion regional medical center"", ""Address1"": ""1256 military street south"", ""Address2"": ""empty"", ""Address3"": ""empty"", ""City"": ""hamilton"", ""State"": ""al"", ""ZipCode"": ""35570"", ""CountyName"": ""marion"", ""PhoneNumber"": ""2059216200"", ""HospitalType"": ""acute care hospitals"", ""HospitalOwner"": ""voluntary non-profit - private"", ""EmergencyService"": ""yes"", ""Condition"": ""surgical ixfectiox prevextiox"", ""MeasureCode"": ""scip-card-2"", ""MeasureName"": ""surgery patients who were taking heart drugs called beta blockers before coming to the hospital who were kept on the beta blockers during the period just before and after their surgery"", ""Score"": ""67%"", ""Sample"": ""3 patients"", ""Stateavg"": ""al_scip-card-2""}

{""ProviderNumber"": ""10044"", ""HospitalName"": ""marion regional medical center"", ""Address1"": ""1256 military street south"", ""Address2"": ""empty"", ""Address3"": ""empty"", ""City"": ""hamilxon"", ""State"": ""al"", ""ZipCode"": ""35570"", ""CountyName"": ""marion"", ""PhoneNumber"": ""x059x16x00"", ""HospitalType"": ""acute care hospitals"", ""HospitalOwner"": ""voluntary non-profit - private"", ""EmergencyService"": ""yes"", ""Condition"": ""heart attack"", ""MeasureCode"": ""ami-4"", ""MeasureName"": ""heart attack patients given smoking cessation advice/counseling"", ""Score"": ""empty"", ""Sample"": ""0 patients"", ""Stateavg"": ""al_ami-4""}

",,"{""PhoneNumber"": ""2059216200""}","  {""PhoneNumber"": ""2059216200""}"
443,"You are an expert in Cleaning Hospital Dataset. Given the dirty row Entity 1, you are required to correct the values of Address1 in Entity 1.

Return in json format.

Output Format Example:

{""Address1"": """"}

Entity 1:

{""ProviderNumber"": ""10044"", ""HospitalName"": ""marion regional medical center"", ""Address1"": ""1256 military street sxuth"", ""Address2"": ""empty"", ""Address3"": ""empty"", ""City"": ""hamilton"", ""State"": ""al"", ""ZipCode"": ""35570"", ""CountyName"": ""marion"", ""PhoneNumber"": ""2059216200"", ""HospitalType"": ""acute care hospitals"", ""HospitalOwner"": ""voluntary non-profit - private"", ""EmergencyService"": ""yes"", ""Condition"": ""heart attack"", ""MeasureCode"": ""ami-7a"", ""MeasureName"": ""heart attack patients given fibrinolytic medication within 30 minutes of arrival"", ""Score"": ""empty"", ""Sample"": ""0 patients"", ""Stateavg"": ""al_ami-7a"", ""count"": 1}

Take these rows as reference:

{""ProviderNumber"": ""10044"", ""HospitalName"": ""marion regional medical center"", ""Address1"": ""1256 military street south"", ""Address2"": ""empty"", ""Address3"": ""empty"", ""City"": ""hamilton"", ""State"": ""al"", ""ZipCode"": ""35570"", ""CountyName"": ""marion"", ""PhoneNumber"": ""2059216200"", ""HospitalType"": ""acute care hospitals"", ""HospitalOwner"": ""voluntaxy non-pxofit - pxivate"", ""EmergencyService"": ""yes"", ""Condition"": ""surgical infection prevention"", ""MeasureCode"": ""scip-inf-3"", ""MeasureName"": ""surgery patients whose preventive antibiotics were stopped at the right time (within 24 hours after surgery)"", ""Score"": ""87%"", ""Sample"": ""15 patiexts"", ""Stateavg"": ""al_scip-inf-3""}

{""ProviderNumber"": ""10044"", ""HospitalName"": ""marion regional medical center"", ""Address1"": ""1256 military street south"", ""Address2"": ""empty"", ""Address3"": ""empty"", ""City"": ""hamilton"", ""State"": ""al"", ""ZipCode"": ""35570"", ""CountyName"": ""marion"", ""PhoneNumber"": ""2059216200"", ""HospitalType"": ""acute care hospitals"", ""HospitalOwner"": ""voluntary non-profit - private"", ""EmergencyService"": ""yes"", ""Condition"": ""surgical infection prevention"", ""MeasureCode"": ""scip-vte-1"", ""MeasureName"": ""surgery patients whose doctors ordered treatments to prevent blood clots after certain types of surgeries"", ""Score"": ""100%"", ""Sample"": ""4 patients"", ""Stateavg"": ""al_scip-vte-1""}

",,"{""Address1"": ""1256 military street south""}","  {""Address1"": ""1256 military street south""}"
444,"You are an expert in Cleaning Hospital Dataset. Given the dirty row Entity 1, you are required to correct the values of ProviderNumber in Entity 1.

Return in json format.

Output Format Example:

{""ProviderNumber"": """"}

Entity 1:

{""ProviderNumber"": ""1xx44"", ""HospitalName"": ""marion regional medical center"", ""Address1"": ""1256 military street south"", ""Address2"": ""empty"", ""Address3"": ""empty"", ""City"": ""hamilton"", ""State"": ""al"", ""ZipCode"": ""35570"", ""CountyName"": ""marion"", ""PhoneNumber"": ""2059216200"", ""HospitalType"": ""acute care hospitals"", ""HospitalOwner"": ""voluntary non-profit - private"", ""EmergencyService"": ""yes"", ""Condition"": ""heart failure"", ""MeasureCode"": ""hf-1"", ""MeasureName"": ""heart failure patients given discharge instructions"", ""Score"": ""74%"", ""Sample"": ""38 patients"", ""Stateavg"": ""al_hf-1"", ""count"": 1}

Take these rows as reference:

{""ProviderNumber"": ""10044"", ""HospitalName"": ""marion regional medical center"", ""Address1"": ""1256 military street south"", ""Address2"": ""empty"", ""Address3"": ""empty"", ""City"": ""hamilton"", ""State"": ""al"", ""ZipCode"": ""35570"", ""CountyName"": ""marion"", ""PhoneNumber"": ""2059216200"", ""HospitalType"": ""acute care hospitals"", ""HospitalOwner"": ""voluntary non-profit - private"", ""EmergencyService"": ""yes"", ""Condition"": ""heart failure"", ""MeasureCode"": ""hf-2"", ""MeasureName"": ""heart failure patients given an evaluation of left ventricular systolic (lvs) function"", ""Score"": ""80x"", ""Sample"": ""46 patients"", ""Stateavg"": ""al_hf-2""}

{""ProviderNumber"": ""10044"", ""HospitalName"": ""marion regional medical center"", ""Address1"": ""1256 military street south"", ""Address2"": ""empty"", ""Address3"": ""empty"", ""City"": ""hamilton"", ""State"": ""al"", ""ZipCode"": ""35570"", ""CountyName"": ""marion"", ""PhoneNumber"": ""2059216200"", ""HospitalType"": ""acute care hospitals"", ""HospitalOwner"": ""voluntary non-profit - private"", ""EmergencyService"": ""yes"", ""Condition"": ""pneumonia"", ""MeasureCode"": ""pn-2"", ""MeasureName"": ""pneumonia patients assessed and given pneumococcal vaccination"", ""Score"": ""96%"", ""Sample"": ""101 patients"", ""Stateavg"": ""al_pn-2""}

",,"{""ProviderNumber"": ""10044""}","  {""ProviderNumber"": ""10044""}"
445,"You are an expert in Cleaning Hospital Dataset. Given the dirty row Entity 1, you are required to correct the values of Score in Entity 1.

Return in json format.

Output Format Example:

{""Score"": """"}

Entity 1:

{""ProviderNumber"": ""10044"", ""HospitalName"": ""marion regional medical center"", ""Address1"": ""1256 military street south"", ""Address2"": ""empty"", ""Address3"": ""empty"", ""City"": ""hamilton"", ""State"": ""al"", ""ZipCode"": ""35570"", ""CountyName"": ""marion"", ""PhoneNumber"": ""2059216200"", ""HospitalType"": ""acute care hospitals"", ""HospitalOwner"": ""voluntary non-profit - private"", ""EmergencyService"": ""yes"", ""Condition"": ""heart failure"", ""MeasureCode"": ""hf-2"", ""MeasureName"": ""heart failure patients given an evaluation of left ventricular systolic (lvs) function"", ""Score"": ""80x"", ""Sample"": ""46 patients"", ""Stateavg"": ""al_hf-2"", ""count"": 1}

Take these rows as reference:

{""ProviderNumber"": ""10044"", ""HospitalName"": ""marion regional medical center"", ""Address1"": ""1256 military street south"", ""Address2"": ""empty"", ""Address3"": ""empty"", ""City"": ""hamilton"", ""State"": ""al"", ""ZipCode"": ""35570"", ""CountyName"": ""marion"", ""PhoneNumber"": ""2059216200"", ""HospitalType"": ""acute care hospitals"", ""HospitalOwner"": ""voluntary non-profit - private"", ""EmergencyService"": ""yes"", ""Condition"": ""heart failure"", ""MeasureCode"": ""hf-4"", ""MeasureName"": ""heart failure patients given smoking cessation advice/counseling"", ""Score"": ""80%"", ""Sample"": ""10 patients"", ""Stateavg"": ""al_hf-4""}

{""ProviderNumber"": ""10044"", ""HospitalName"": ""marion regional medical center"", ""Address1"": ""1256 military street south"", ""Address2"": ""empty"", ""Address3"": ""empty"", ""City"": ""hamilton"", ""State"": ""al"", ""ZipCode"": ""35570"", ""CountyName"": ""marion"", ""PhoneNumber"": ""2059216200"", ""HospitalType"": ""acute care hospitals"", ""HospitalOwner"": ""voluntary non-profit - private"", ""EmergencyService"": ""yes"", ""Condition"": ""surgical ixfectiox prevextiox"", ""MeasureCode"": ""scip-card-2"", ""MeasureName"": ""surgery patients who were taking heart drugs called beta blockers before coming to the hospital who were kept on the beta blockers during the period just before and after their surgery"", ""Score"": ""67%"", ""Sample"": ""3 patients"", ""Stateavg"": ""al_scip-card-2""}

",,"{""Score"": ""80%""}","  {""Score"": ""80%""}"
446,"You are an expert in Cleaning Hospital Dataset. Given the dirty row Entity 1, you are required to correct the values of PhoneNumber in Entity 1.

Return in json format.

Output Format Example:

{""PhoneNumber"": """"}

Entity 1:

{""ProviderNumber"": ""10044"", ""HospitalName"": ""marion regional medical center"", ""Address1"": ""1256 military street south"", ""Address2"": ""empty"", ""Address3"": ""empty"", ""City"": ""hamilton"", ""State"": ""al"", ""ZipCode"": ""35570"", ""CountyName"": ""marion"", ""PhoneNumber"": ""20x9216200"", ""HospitalType"": ""acute care hospitals"", ""HospitalOwner"": ""voluntary non-profit - private"", ""EmergencyService"": ""yes"", ""Condition"": ""pneumonia"", ""MeasureCode"": ""px-4"", ""MeasureName"": ""pneumonia patients given smoking cessation advice/counseling"", ""Score"": ""90%"", ""Sample"": ""42 patients"", ""Stateavg"": ""al_pn-4"", ""count"": 2}

Take these rows as reference:

{""ProviderNumber"": ""10044"", ""HospitalName"": ""marion regional medical center"", ""Address1"": ""1256 military street south"", ""Address2"": ""empty"", ""Address3"": ""empty"", ""City"": ""hamilton"", ""State"": ""al"", ""ZipCode"": ""35570"", ""CountyName"": ""marion"", ""PhoneNumber"": ""2059216200"", ""HospitalType"": ""acute care hospitals"", ""HospitalOwner"": ""voluntary non-profit - private"", ""EmergencyService"": ""yes"", ""Condition"": ""surgical infection prevention"", ""MeasureCode"": ""scip-inf-6"", ""MeasureName"": ""surgery patients needing hair removed from the surgical area before surgery who had hair removed using a safer method (electric clippers or hair removal cream c not a razor)"", ""Score"": ""100%"", ""Sample"": ""19 patients"", ""Stateavg"": ""al_scip-inf-6""}

{""ProviderNumber"": ""10044"", ""HospitalName"": ""marion regional medical center"", ""Address1"": ""1256 military street south"", ""Address2"": ""empty"", ""Address3"": ""empty"", ""City"": ""hamilton"", ""State"": ""al"", ""ZipCode"": ""35570"", ""CountyName"": ""marion"", ""PhoneNumber"": ""2059216200"", ""HospitalType"": ""acute care hospitals"", ""HospitalOwner"": ""voluntary non-profit - private"", ""EmergencyService"": ""yes"", ""Condition"": ""heart failure"", ""MeasureCode"": ""hf-2"", ""MeasureName"": ""heart failure patients given an evaluation of left ventricular systolic (lvs) function"", ""Score"": ""80x"", ""Sample"": ""46 patients"", ""Stateavg"": ""al_hf-2""}

",,"{""PhoneNumber"": ""2059216200""}","  {""PhoneNumber"": ""2059216200""}"
447,"You are an expert in Cleaning Hospital Dataset. Given the dirty row Entity 1, you are required to correct the values of MeasureCode in Entity 1.

Return in json format.

Output Format Example:

{""MeasureCode"": """"}

Entity 1:

{""ProviderNumber"": ""10044"", ""HospitalName"": ""marion regional medical center"", ""Address1"": ""1256 military street south"", ""Address2"": ""empty"", ""Address3"": ""empty"", ""City"": ""hamilton"", ""State"": ""al"", ""ZipCode"": ""35570"", ""CountyName"": ""marion"", ""PhoneNumber"": ""20x9216200"", ""HospitalType"": ""acute care hospitals"", ""HospitalOwner"": ""voluntary non-profit - private"", ""EmergencyService"": ""yes"", ""Condition"": ""pneumonia"", ""MeasureCode"": ""px-4"", ""MeasureName"": ""pneumonia patients given smoking cessation advice/counseling"", ""Score"": ""90%"", ""Sample"": ""42 patients"", ""Stateavg"": ""al_pn-4"", ""count"": 2}

Take these rows as reference:

{""ProviderNumber"": ""10044"", ""HospitalName"": ""marion regional medical center"", ""Address1"": ""1256 military street south"", ""Address2"": ""empty"", ""Address3"": ""empty"", ""City"": ""hamilton"", ""State"": ""al"", ""ZipCode"": ""35570"", ""CountyName"": ""marion"", ""PhoneNumber"": ""2059216200"", ""HospitalType"": ""acute care hospitals"", ""HospitalOwner"": ""voluntary non-profit - private"", ""EmergencyService"": ""yes"", ""Condition"": ""surgical infection prevention"", ""MeasureCode"": ""scip-inf-6"", ""MeasureName"": ""surgery patients needing hair removed from the surgical area before surgery who had hair removed using a safer method (electric clippers or hair removal cream c not a razor)"", ""Score"": ""100%"", ""Sample"": ""19 patients"", ""Stateavg"": ""al_scip-inf-6""}

{""ProviderNumber"": ""10044"", ""HospitalName"": ""marion regional medical center"", ""Address1"": ""1256 military street south"", ""Address2"": ""empty"", ""Address3"": ""empty"", ""City"": ""hamilton"", ""State"": ""al"", ""ZipCode"": ""35570"", ""CountyName"": ""marion"", ""PhoneNumber"": ""2059216200"", ""HospitalType"": ""acute care hospitals"", ""HospitalOwner"": ""voluntary non-profit - private"", ""EmergencyService"": ""yes"", ""Condition"": ""heart failure"", ""MeasureCode"": ""hf-3"", ""MeasureName"": ""heart failure patients given ace inhibitor or arb for left ventricular systolic dysfunction (lvsd)"", ""Score"": ""78%"", ""Sample"": ""18 patients"", ""Stateavg"": ""al_hf-3""}

",,"{""MeasureCode"": ""pn-4""}","  {""MeasureCode"": ""pn-4""}"
448,"You are an expert in Cleaning Hospital Dataset. Given the dirty row Entity 1, you are required to correct the values of EmergencyService in Entity 1.

Return in json format.

Output Format Example:

{""EmergencyService"": """"}

Entity 1:

{""ProviderNumber"": ""10044"", ""HospitalName"": ""marion regional medical center"", ""Address1"": ""1256 military street south"", ""Address2"": ""empty"", ""Address3"": ""empty"", ""City"": ""hamilton"", ""State"": ""al"", ""ZipCode"": ""35570"", ""CountyName"": ""marion"", ""PhoneNumber"": ""2059216200"", ""HospitalType"": ""acute care hospitals"", ""HospitalOwner"": ""voluntary non-profit - private"", ""EmergencyService"": ""yxs"", ""Condition"": ""pneumonia"", ""MeasureCode"": ""pn-5c"", ""MeasureName"": ""pneumonia patients given initial antibiotic(s) within 6 hours after arrival"", ""Score"": ""98%"", ""Sample"": ""121 patiexts"", ""Stateavg"": ""al_pn-5c"", ""count"": 2}

Take these rows as reference:

{""ProviderNumber"": ""10044"", ""HospitalName"": ""marion regional medical center"", ""Address1"": ""1256 military street south"", ""Address2"": ""empty"", ""Address3"": ""empty"", ""City"": ""hamilton"", ""State"": ""al"", ""ZipCode"": ""35570"", ""CountyName"": ""marion"", ""PhoneNumber"": ""2059216200"", ""HospitalType"": ""acute care hospitals"", ""HospitalOwner"": ""voluntary non-profit - private"", ""EmergencyService"": ""yes"", ""Condition"": ""heart failure"", ""MeasureCode"": ""hf-3"", ""MeasureName"": ""heart failure patients given ace inhibitor or arb for left ventricular systolic dysfunction (lvsd)"", ""Score"": ""78%"", ""Sample"": ""18 patients"", ""Stateavg"": ""al_hf-3""}

{""ProviderNumber"": ""10044"", ""HospitalName"": ""marion regional medical center"", ""Address1"": ""1256 military street south"", ""Address2"": ""empty"", ""Address3"": ""empty"", ""City"": ""hamilton"", ""State"": ""al"", ""ZipCode"": ""35570"", ""CountyName"": ""marion"", ""PhoneNumber"": ""2059216200"", ""HospitalType"": ""acute care hospitals"", ""HospitalOwner"": ""voluntary non-profit - private"", ""EmergencyService"": ""yes"", ""Condition"": ""surgical infection prevention"", ""MeasureCode"": ""scip-inf-6"", ""MeasureName"": ""surgery patients needing hair removed from the surgical area before surgery who had hair removed using a safer method (electric clippers or hair removal cream c not a razor)"", ""Score"": ""100%"", ""Sample"": ""19 patients"", ""Stateavg"": ""al_scip-inf-6""}

",,"{""EmergencyService"": ""yes""}","  {""EmergencyService"": ""yes""}"
449,"You are an expert in Cleaning Hospital Dataset. Given the dirty row Entity 1, you are required to correct the values of Sample in Entity 1.

Return in json format.

Output Format Example:

{""Sample"": """"}

Entity 1:

{""ProviderNumber"": ""10044"", ""HospitalName"": ""marion regional medical center"", ""Address1"": ""1256 military street south"", ""Address2"": ""empty"", ""Address3"": ""empty"", ""City"": ""hamilton"", ""State"": ""al"", ""ZipCode"": ""35570"", ""CountyName"": ""marion"", ""PhoneNumber"": ""2059216200"", ""HospitalType"": ""acute care hospitals"", ""HospitalOwner"": ""voluntary non-profit - private"", ""EmergencyService"": ""yxs"", ""Condition"": ""pneumonia"", ""MeasureCode"": ""pn-5c"", ""MeasureName"": ""pneumonia patients given initial antibiotic(s) within 6 hours after arrival"", ""Score"": ""98%"", ""Sample"": ""121 patiexts"", ""Stateavg"": ""al_pn-5c"", ""count"": 2}

Take these rows as reference:

{""ProviderNumber"": ""10044"", ""HospitalName"": ""marion regional medical center"", ""Address1"": ""1256 military street south"", ""Address2"": ""empty"", ""Address3"": ""empty"", ""City"": ""hamilton"", ""State"": ""al"", ""ZipCode"": ""35570"", ""CountyName"": ""marion"", ""PhoneNumber"": ""2059216200"", ""HospitalType"": ""acute care hospitals"", ""HospitalOwner"": ""voluntary non-profit - private"", ""EmergencyService"": ""yes"", ""Condition"": ""heart failure"", ""MeasureCode"": ""hf-4"", ""MeasureName"": ""heart failure patients given smoking cessation advice/counseling"", ""Score"": ""80%"", ""Sample"": ""10 patients"", ""Stateavg"": ""al_hf-4""}

{""ProviderNumber"": ""10044"", ""HospitalName"": ""marion regional medical center"", ""Address1"": ""1256 military street sxuth"", ""Address2"": ""empty"", ""Address3"": ""empty"", ""City"": ""hamilton"", ""State"": ""al"", ""ZipCode"": ""35570"", ""CountyName"": ""marion"", ""PhoneNumber"": ""2059216200"", ""HospitalType"": ""acute care hospitals"", ""HospitalOwner"": ""voluntary non-profit - private"", ""EmergencyService"": ""yes"", ""Condition"": ""heart attack"", ""MeasureCode"": ""ami-7a"", ""MeasureName"": ""heart attack patients given fibrinolytic medication within 30 minutes of arrival"", ""Score"": ""empty"", ""Sample"": ""0 patients"", ""Stateavg"": ""al_ami-7a""}

",,"{""Sample"": ""121 patients""}","  {""Sample"": ""121 patients""}"
450,"You are an expert in Cleaning Hospital Dataset. Given the dirty row Entity 1, you are required to correct the values of HospitalOwner in Entity 1.

Return in json format.

Output Format Example:

{""HospitalOwner"": """"}

Entity 1:

{""ProviderNumber"": ""10044"", ""HospitalName"": ""marion regional medical center"", ""Address1"": ""1256 military street south"", ""Address2"": ""empty"", ""Address3"": ""empty"", ""City"": ""hamilton"", ""State"": ""al"", ""ZipCode"": ""35570"", ""CountyName"": ""marion"", ""PhoneNumber"": ""2059216200"", ""HospitalType"": ""acute care hospitals"", ""HospitalOwner"": ""voluxtary xox-profit - private"", ""EmergencyService"": ""yes"", ""Condition"": ""pneumonia"", ""MeasureCode"": ""pn-7"", ""MeasureName"": ""pneumonia patients assessed and given influenza vaccination"", ""Score"": ""91%"", ""Sample"": ""85 patients"", ""Stateavg"": ""al_pn-7"", ""count"": 1}

Take these rows as reference:

{""ProviderNumber"": ""10044"", ""HospitalName"": ""marion regional medical center"", ""Address1"": ""1256 military street south"", ""Address2"": ""empty"", ""Address3"": ""empty"", ""City"": ""hamilton"", ""State"": ""al"", ""ZipCode"": ""35570"", ""CountyName"": ""marion"", ""PhoneNumber"": ""2059216200"", ""HospitalType"": ""acute care hospitals"", ""HospitalOwner"": ""voluntary non-profit - private"", ""EmergencyService"": ""yes"", ""Condition"": ""surgical ixfectiox prevextiox"", ""MeasureCode"": ""scip-card-2"", ""MeasureName"": ""surgery patients who were taking heart drugs called beta blockers before coming to the hospital who were kept on the beta blockers during the period just before and after their surgery"", ""Score"": ""67%"", ""Sample"": ""3 patients"", ""Stateavg"": ""al_scip-card-2""}

{""ProviderNumber"": ""10044"", ""HospitalName"": ""marion regional medical center"", ""Address1"": ""1256 military street south"", ""Address2"": ""empty"", ""Address3"": ""empty"", ""City"": ""hamilton"", ""State"": ""al"", ""ZipCode"": ""35570"", ""CountyName"": ""marion"", ""PhoneNumber"": ""2059216200"", ""HospitalType"": ""acute care hospitals"", ""HospitalOwner"": ""voluntary non-profit - private"", ""EmergencyService"": ""yes"", ""Condition"": ""heart attack"", ""MeasureCode"": ""ami-2"", ""MeasureName"": ""heart attack patients given aspirin at discharge"", ""Score"": ""67%"", ""Sample"": ""3 patients"", ""Stateavg"": ""al_ami-2""}

",,"{""HospitalOwner"": ""voluntary non-profit - private""}","  {""HospitalOwner"": ""voluntary non-profit - private""}"
451,"You are an expert in Cleaning Hospital Dataset. Given the dirty row Entity 1, you are required to correct the values of Condition in Entity 1.

Return in json format.

Output Format Example:

{""Condition"": """"}

Entity 1:

{""ProviderNumber"": ""10044"", ""HospitalName"": ""marion regional medical center"", ""Address1"": ""1256 military street south"", ""Address2"": ""empty"", ""Address3"": ""empty"", ""City"": ""hamilton"", ""State"": ""al"", ""ZipCode"": ""35570"", ""CountyName"": ""marion"", ""PhoneNumber"": ""2059216200"", ""HospitalType"": ""acute care hospitals"", ""HospitalOwner"": ""voluntary non-profit - private"", ""EmergencyService"": ""yes"", ""Condition"": ""surgical ixfectiox prevextiox"", ""MeasureCode"": ""scip-card-2"", ""MeasureName"": ""surgery patients who were taking heart drugs called beta blockers before coming to the hospital who were kept on the beta blockers during the period just before and after their surgery"", ""Score"": ""67%"", ""Sample"": ""3 patients"", ""Stateavg"": ""al_scip-card-2"", ""count"": 1}

Take these rows as reference:

{""ProviderNumber"": ""10044"", ""HospitalName"": ""marion regional medical center"", ""Address1"": ""1256 military street south"", ""Address2"": ""empty"", ""Address3"": ""empty"", ""City"": ""hamilton"", ""State"": ""al"", ""ZipCode"": ""35570"", ""CountyName"": ""marion"", ""PhoneNumber"": ""2059216200"", ""HospitalType"": ""acute care hospitals"", ""HospitalOwner"": ""voluntary non-profit - private"", ""EmergencyService"": ""yxs"", ""Condition"": ""pneumonia"", ""MeasureCode"": ""pn-5c"", ""MeasureName"": ""pneumonia patients given initial antibiotic(s) within 6 hours after arrival"", ""Score"": ""98%"", ""Sample"": ""121 patiexts"", ""Stateavg"": ""al_pn-5c""}

{""ProviderNumber"": ""10044"", ""HospitalName"": ""marion regional medical center"", ""Address1"": ""1256 military street south"", ""Address2"": ""empty"", ""Address3"": ""empty"", ""City"": ""hamilxon"", ""State"": ""al"", ""ZipCode"": ""35570"", ""CountyName"": ""marion"", ""PhoneNumber"": ""x059x16x00"", ""HospitalType"": ""acute care hospitals"", ""HospitalOwner"": ""voluntary non-profit - private"", ""EmergencyService"": ""yes"", ""Condition"": ""heart attack"", ""MeasureCode"": ""ami-4"", ""MeasureName"": ""heart attack patients given smoking cessation advice/counseling"", ""Score"": ""empty"", ""Sample"": ""0 patients"", ""Stateavg"": ""al_ami-4""}

",,"{""Condition"": ""surgical infection prevention""}","  {""Condition"": ""surgical infection prevention""}"
452,"You are an expert in Cleaning Hospital Dataset. Given the dirty row Entity 1, you are required to correct the values of HospitalOwner in Entity 1.

Return in json format.

Output Format Example:

{""HospitalOwner"": """"}

Entity 1:

{""ProviderNumber"": ""10044"", ""HospitalName"": ""marion regional medical center"", ""Address1"": ""1256 military street south"", ""Address2"": ""empty"", ""Address3"": ""empty"", ""City"": ""hamilton"", ""State"": ""al"", ""ZipCode"": ""35570"", ""CountyName"": ""marion"", ""PhoneNumber"": ""2059216200"", ""HospitalType"": ""acute care hospitals"", ""HospitalOwner"": ""voluntaxy non-pxofit - pxivate"", ""EmergencyService"": ""yes"", ""Condition"": ""surgical infection prevention"", ""MeasureCode"": ""scip-inf-3"", ""MeasureName"": ""surgery patients whose preventive antibiotics were stopped at the right time (within 24 hours after surgery)"", ""Score"": ""87%"", ""Sample"": ""15 patiexts"", ""Stateavg"": ""al_scip-inf-3"", ""count"": 2}

Take these rows as reference:

{""ProviderNumber"": ""10044"", ""HospitalName"": ""marion regional medical center"", ""Address1"": ""1256 military street south"", ""Address2"": ""empty"", ""Address3"": ""empty"", ""City"": ""hamilton"", ""State"": ""al"", ""ZipCode"": ""35570"", ""CountyName"": ""marion"", ""PhoneNumber"": ""2059216200"", ""HospitalType"": ""acute care hospitals"", ""HospitalOwner"": ""voluntary non-profit - private"", ""EmergencyService"": ""yes"", ""Condition"": ""heart failure"", ""MeasureCode"": ""hf-3"", ""MeasureName"": ""heart failure patients given ace inhibitor or arb for left ventricular systolic dysfunction (lvsd)"", ""Score"": ""78%"", ""Sample"": ""18 patients"", ""Stateavg"": ""al_hf-3""}

{""ProviderNumber"": ""10044"", ""HospitalName"": ""marion regional medical center"", ""Address1"": ""1256 military street south"", ""Address2"": ""empty"", ""Address3"": ""empty"", ""City"": ""hamilton"", ""State"": ""al"", ""ZipCode"": ""35570"", ""CountyName"": ""marion"", ""PhoneNumber"": ""2059216200"", ""HospitalType"": ""acute care hospitals"", ""HospitalOwner"": ""voluntary non-profit - private"", ""EmergencyService"": ""yes"", ""Condition"": ""heart failure"", ""MeasureCode"": ""hf-4"", ""MeasureName"": ""heart failure patients given smoking cessation advice/counseling"", ""Score"": ""80%"", ""Sample"": ""10 patients"", ""Stateavg"": ""al_hf-4""}

",,"{""HospitalOwner"": ""voluntary non-profit - private""}","  {""HospitalOwner"": ""voluntary non-profit - private""}"
453,"You are an expert in Cleaning Hospital Dataset. Given the dirty row Entity 1, you are required to correct the values of Sample in Entity 1.

Return in json format.

Output Format Example:

{""Sample"": """"}

Entity 1:

{""ProviderNumber"": ""10044"", ""HospitalName"": ""marion regional medical center"", ""Address1"": ""1256 military street south"", ""Address2"": ""empty"", ""Address3"": ""empty"", ""City"": ""hamilton"", ""State"": ""al"", ""ZipCode"": ""35570"", ""CountyName"": ""marion"", ""PhoneNumber"": ""2059216200"", ""HospitalType"": ""acute care hospitals"", ""HospitalOwner"": ""voluntaxy non-pxofit - pxivate"", ""EmergencyService"": ""yes"", ""Condition"": ""surgical infection prevention"", ""MeasureCode"": ""scip-inf-3"", ""MeasureName"": ""surgery patients whose preventive antibiotics were stopped at the right time (within 24 hours after surgery)"", ""Score"": ""87%"", ""Sample"": ""15 patiexts"", ""Stateavg"": ""al_scip-inf-3"", ""count"": 2}

Take these rows as reference:

{""ProviderNumber"": ""10043"", ""HospitalName"": ""chilton medical center"", ""Address1"": ""1010 lay dam road"", ""Address2"": ""empty"", ""Address3"": ""empty"", ""City"": ""clanton"", ""State"": ""al"", ""ZipCode"": ""35045"", ""CountyName"": ""chilton"", ""PhoneNumber"": ""2057552500"", ""HospitalType"": ""acute care hospitals"", ""HospitalOwner"": ""voluntary non-profit - private"", ""EmergencyService"": ""yes"", ""Condition"": ""surgical infxction prxvxntion"", ""MeasureCode"": ""scip-vte-2"", ""MeasureName"": ""patients who got treatment  at the right time (within 24 hours before or after their surgery) to help prevent blood clots after certain types of surgery"", ""Score"": ""empty"", ""Sample"": ""0 patients"", ""Stateavg"": ""al_scip-vte-2""}

{""ProviderNumber"": ""10044"", ""HospitalName"": ""marion regional medical center"", ""Address1"": ""1256 military street south"", ""Address2"": ""empty"", ""Address3"": ""empty"", ""City"": ""hamilton"", ""State"": ""al"", ""ZipCode"": ""35570"", ""CountyName"": ""marion"", ""PhoneNumber"": ""2059216200"", ""HospitalType"": ""acute care hospitals"", ""HospitalOwner"": ""voluntary non-profit - private"", ""EmergencyService"": ""yes"", ""Condition"": ""surgical ixfectiox prevextiox"", ""MeasureCode"": ""scip-card-2"", ""MeasureName"": ""surgery patients who were taking heart drugs called beta blockers before coming to the hospital who were kept on the beta blockers during the period just before and after their surgery"", ""Score"": ""67%"", ""Sample"": ""3 patients"", ""Stateavg"": ""al_scip-card-2""}

",,"{""Sample"": ""15 patients""}","  {""Sample"": ""15 patients""}"
454,"You are an expert in Cleaning Hospital Dataset. Given the dirty row Entity 1, you are required to correct the values of HospitalType in Entity 1.

Return in json format.

Output Format Example:

{""HospitalType"": """"}

Entity 1:

{""ProviderNumber"": ""10045"", ""HospitalName"": ""fayette medical center"", ""Address1"": ""1653 temple avenue north"", ""Address2"": ""empty"", ""Address3"": ""empty"", ""City"": ""fayette"", ""State"": ""al"", ""ZipCode"": ""35555"", ""CountyName"": ""fayette"", ""PhoneNumber"": ""2059325966"", ""HospitalType"": ""acute care hoxpitalx"", ""HospitalOwner"": ""voluntary non-profit - other"", ""EmergencyService"": ""yes"", ""Condition"": ""heart attack"", ""MeasureCode"": ""ami-1"", ""MeasureName"": ""heart attack patients given aspirin at arrival"", ""Score"": ""100%"", ""Sample"": ""18 patients"", ""Stateavg"": ""al_ami-1"", ""count"": 1}

Take these rows as reference:

{""ProviderNumber"": ""10045"", ""HospitalName"": ""fayette medical center"", ""Address1"": ""1653 temple avenue north"", ""Address2"": ""empty"", ""Address3"": ""empty"", ""City"": ""fayette"", ""State"": ""al"", ""ZipCode"": ""35555"", ""CountyName"": ""fayette"", ""PhoneNumber"": ""2059325966"", ""HospitalType"": ""acute care hospitals"", ""HospitalOwner"": ""voluntary non-profit - other"", ""EmergencyService"": ""yes"", ""Condition"": ""surgical infection prevention"", ""MeasureCode"": ""scip-inf-3"", ""MeasureName"": ""surgery patients whose preventive antibiotics were stopped at the right time (within 24 hours after surgery)"", ""Score"": ""empty"", ""Sample"": ""0 patients"", ""Stateavg"": ""al_scip-inf-3""}

{""ProviderNumber"": ""10045"", ""HospitalName"": ""fayette medical center"", ""Address1"": ""1653 temple avenue north"", ""Address2"": ""empty"", ""Address3"": ""empty"", ""City"": ""fayette"", ""State"": ""xl"", ""ZipCode"": ""35555"", ""CountyName"": ""fayette"", ""PhoneNumber"": ""2059325966"", ""HospitalType"": ""acute care hospitals"", ""HospitalOwner"": ""voluntary non-profit - other"", ""EmergencyService"": ""yes"", ""Condition"": ""heart failure"", ""MeasureCode"": ""hf-1"", ""MeasureName"": ""heart failure patients given discharge instructions"", ""Score"": ""87%"", ""Sample"": ""67 patients"", ""Stateavg"": ""al_hf-1""}

",,"{""HospitalType"": ""acute care hospitals""}","  {""HospitalType"": ""acute care hospitals""}"
455,"You are an expert in Cleaning Hospital Dataset. Given the dirty row Entity 1, you are required to correct the values of ProviderNumber in Entity 1.

Return in json format.

Output Format Example:

{""ProviderNumber"": """"}

Entity 1:

{""ProviderNumber"": ""1xx45"", ""HospitalName"": ""fayette medical center"", ""Address1"": ""1653 temple avenue north"", ""Address2"": ""empty"", ""Address3"": ""empty"", ""City"": ""fayette"", ""State"": ""al"", ""ZipCode"": ""35555"", ""CountyName"": ""fayette"", ""PhoneNumber"": ""2059325966"", ""HospitalType"": ""acute care hospitals"", ""HospitalOwner"": ""voluntary non-profit - other"", ""EmergencyService"": ""yes"", ""Condition"": ""heart attack"", ""MeasureCode"": ""ami-2"", ""MeasureName"": ""heart attack patients given aspirin at discharge"", ""Score"": ""100%"", ""Sample"": ""12 patients"", ""Stateavg"": ""al_ami-2"", ""count"": 1}

Take these rows as reference:

{""ProviderNumber"": ""10045"", ""HospitalName"": ""fayette medical center"", ""Address1"": ""1653 temple avenue north"", ""Address2"": ""empty"", ""Address3"": ""empty"", ""City"": ""fayette"", ""State"": ""al"", ""ZipCode"": ""35555"", ""CountyName"": ""fayette"", ""PhoneNumber"": ""2059325966"", ""HospitalType"": ""acute care hospitals"", ""HospitalOwner"": ""voluntary non-profit - other"", ""EmergencyService"": ""yes"", ""Condition"": ""surgical infection prevention"", ""MeasureCode"": ""scip-inf-2"", ""MeasureName"": ""surgery patients who were given the  right kind  of antibiotic to help prevent infection"", ""Score"": ""empty"", ""Sample"": ""0 patients"", ""Stateavg"": ""al_scip-inf-2""}

{""ProviderNumber"": ""10045"", ""HospitalName"": ""fayette medical center"", ""Address1"": ""1653 temple avenue north"", ""Address2"": ""empty"", ""Address3"": ""empty"", ""City"": ""fayette"", ""State"": ""xl"", ""ZipCode"": ""35555"", ""CountyName"": ""fayette"", ""PhoneNumber"": ""2059325966"", ""HospitalType"": ""acute care hospitals"", ""HospitalOwner"": ""voluntary non-profit - other"", ""EmergencyService"": ""yes"", ""Condition"": ""heart failure"", ""MeasureCode"": ""hf-1"", ""MeasureName"": ""heart failure patients given discharge instructions"", ""Score"": ""87%"", ""Sample"": ""67 patients"", ""Stateavg"": ""al_hf-1""}

",,"{""ProviderNumber"": ""10045""}","  {""ProviderNumber"": ""10045""}"
456,"You are an expert in Cleaning Hospital Dataset. Given the dirty row Entity 1, you are required to correct the values of PhoneNumber in Entity 1.

Return in json format.

Output Format Example:

{""PhoneNumber"": """"}

Entity 1:

{""ProviderNumber"": ""10045"", ""HospitalName"": ""fayette medical center"", ""Address1"": ""1653 temple avenue north"", ""Address2"": ""empty"", ""Address3"": ""empty"", ""City"": ""fayette"", ""State"": ""al"", ""ZipCode"": ""35555"", ""CountyName"": ""fayette"", ""PhoneNumber"": ""x0593x5966"", ""HospitalType"": ""acute care hospitals"", ""HospitalOwner"": ""voluntary non-profit - other"", ""EmergencyService"": ""yes"", ""Condition"": ""heart attack"", ""MeasureCode"": ""ami-5"", ""MeasureName"": ""heart attack patients given beta blocker at discharge"", ""Score"": ""82%"", ""Sample"": ""11 patients"", ""Stateavg"": ""al_ami-5"", ""count"": 1}

Take these rows as reference:

{""ProviderNumber"": ""10045"", ""HospitalName"": ""fayette medical center"", ""Address1"": ""1653 temple avenue north"", ""Address2"": ""empty"", ""Address3"": ""empty"", ""City"": ""fayette"", ""State"": ""al"", ""ZipCode"": ""35555"", ""CountyName"": ""fayette"", ""PhoneNumber"": ""2059325966"", ""HospitalType"": ""acute care hospitals"", ""HospitalOwner"": ""voluntary non-profit - other"", ""EmergencyService"": ""yes"", ""Condition"": ""heart attack"", ""MeasureCode"": ""ami-3"", ""MeasureName"": ""heart attack patients given ace inhibitor or arb for left ventricular systolic dysfunction (lvsd)"", ""Score"": ""0%"", ""Sample"": ""1 patients"", ""Stateavg"": ""al_ami-3""}

{""ProviderNumber"": ""10045"", ""HospitalName"": ""fayette medical center"", ""Address1"": ""1653 temple avenue north"", ""Address2"": ""empty"", ""Address3"": ""empty"", ""City"": ""fayette"", ""State"": ""al"", ""ZipCode"": ""35555"", ""CountyName"": ""fayette"", ""PhoneNumber"": ""2059325966"", ""HospitalType"": ""acute care hospitals"", ""HospitalOwner"": ""voluntary non-profit - other"", ""EmergencyService"": ""yes"", ""Condition"": ""pneumonia"", ""MeasureCode"": ""pn-4"", ""MeasureName"": ""pneumonia patients given smoking cessation advice/counseling"", ""Score"": ""100%"", ""Sample"": ""34 patients"", ""Stateavg"": ""al_pn-4""}

",,"{""PhoneNumber"": ""2059325966""}","  {""PhoneNumber"": ""2059325966""}"
457,"You are an expert in Cleaning Hospital Dataset. Given the dirty row Entity 1, you are required to correct the values of PhoneNumber in Entity 1.

Return in json format.

Output Format Example:

{""PhoneNumber"": """"}

Entity 1:

{""ProviderNumber"": ""10045"", ""HospitalName"": ""fayette medical center"", ""Address1"": ""1653 temple avenue north"", ""Address2"": ""empty"", ""Address3"": ""empty"", ""City"": ""fayette"", ""State"": ""al"", ""ZipCode"": ""35555"", ""CountyName"": ""fayette"", ""PhoneNumber"": ""x0593x5966"", ""HospitalType"": ""acute care hospitals"", ""HospitalOwner"": ""voluntary non-profit - other"", ""EmergencyService"": ""yes"", ""Condition"": ""heart attack"", ""MeasureCode"": ""ami-8a"", ""MeasureName"": ""heart attack patients given pci within 90 minutes of arrival"", ""Score"": ""empty"", ""Sample"": ""0 patients"", ""Stateavg"": ""al_ami-8a"", ""count"": 1}

Take these rows as reference:

{""ProviderNumber"": ""10045"", ""HospitalName"": ""fayette medical center"", ""Address1"": ""1653 temple avenue north"", ""Address2"": ""empty"", ""Address3"": ""empty"", ""City"": ""fayette"", ""State"": ""al"", ""ZipCode"": ""35555"", ""CountyName"": ""fayette"", ""PhoneNumber"": ""x0593x5966"", ""HospitalType"": ""acute care hospitals"", ""HospitalOwner"": ""voluntary non-profit - other"", ""EmergencyService"": ""yes"", ""Condition"": ""heart attack"", ""MeasureCode"": ""ami-5"", ""MeasureName"": ""heart attack patients given beta blocker at discharge"", ""Score"": ""82%"", ""Sample"": ""11 patients"", ""Stateavg"": ""al_ami-5""}

{""ProviderNumber"": ""10045"", ""HospitalName"": ""fayette medical center"", ""Address1"": ""1653 temple avenue north"", ""Address2"": ""empty"", ""Address3"": ""empty"", ""City"": ""fayette"", ""State"": ""al"", ""ZipCode"": ""35555"", ""CountyName"": ""fayette"", ""PhoneNumber"": ""2059325966"", ""HospitalType"": ""acute care hospitals"", ""HospitalOwner"": ""voluntary non-profit - other"", ""EmergencyService"": ""yes"", ""Condition"": ""surgical infection prevention"", ""MeasureCode"": ""scip-inf-4"", ""MeasureName"": ""all heart surgery patients whose blood sugar (blood glucose) is kept under good control in the days right after surgery"", ""Score"": ""empty"", ""Sample"": ""0 patients"", ""Stateavg"": ""al_scip-inf-4""}

",,"{""PhoneNumber"": ""2059325966""}","  {""PhoneNumber"": ""2059325966""}"
458,"You are an expert in Cleaning Hospital Dataset. Given the dirty row Entity 1, you are required to correct the values of State in Entity 1.

Return in json format.

Output Format Example:

{""State"": """"}

Entity 1:

{""ProviderNumber"": ""10045"", ""HospitalName"": ""fayette medical center"", ""Address1"": ""1653 temple avenue north"", ""Address2"": ""empty"", ""Address3"": ""empty"", ""City"": ""fayette"", ""State"": ""xl"", ""ZipCode"": ""35555"", ""CountyName"": ""fayette"", ""PhoneNumber"": ""2059325966"", ""HospitalType"": ""acute care hospitals"", ""HospitalOwner"": ""voluntary non-profit - other"", ""EmergencyService"": ""yes"", ""Condition"": ""heart failure"", ""MeasureCode"": ""hf-1"", ""MeasureName"": ""heart failure patients given discharge instructions"", ""Score"": ""87%"", ""Sample"": ""67 patients"", ""Stateavg"": ""al_hf-1"", ""count"": 1}

Take these rows as reference:

{""ProviderNumber"": ""10045"", ""HospitalName"": ""fayette medical center"", ""Address1"": ""1653 temple avenue north"", ""Address2"": ""empty"", ""Address3"": ""empty"", ""City"": ""fayette"", ""State"": ""al"", ""ZipCode"": ""35555"", ""CountyName"": ""fayette"", ""PhoneNumber"": ""2059325966"", ""HospitalType"": ""acute care hospitals"", ""HospitalOwner"": ""voluntary non-profit - other"", ""EmergencyService"": ""yes"", ""Condition"": ""pneumonia"", ""MeasureCode"": ""pn-7"", ""MeasureName"": ""pneumonia patients assessed and given influenza vaxxination"", ""Score"": ""87%"", ""Sample"": ""86 patients"", ""Stateavg"": ""al_pn-7""}

{""ProviderNumber"": ""10045"", ""HospitalName"": ""fayette medical center"", ""Address1"": ""1653 temple avenue north"", ""Address2"": ""empty"", ""Address3"": ""empty"", ""City"": ""fayette"", ""State"": ""al"", ""ZipCode"": ""35555"", ""CountyName"": ""fayette"", ""PhoneNumber"": ""2059325966"", ""HospitalType"": ""acute care hospitals"", ""HospitalOwner"": ""voluntary non-profit - other"", ""EmergencyService"": ""yes"", ""Condition"": ""surgical infection prevention"", ""MeasureCode"": ""scip-inf-6"", ""MeasureName"": ""surgery patients needing hair removed from the surgical area before surgery who had hair removed using a safer method (electric clippers or hair removal cream c not a razor)"", ""Score"": ""100%"", ""Sample"": ""7 patients"", ""Stateavg"": ""al_scip-inf-6""}

",,"{""State"": ""al""}","  {""State"": ""al""}"
459,"You are an expert in Cleaning Hospital Dataset. Given the dirty row Entity 1, you are required to correct the values of State in Entity 1.

Return in json format.

Output Format Example:

{""State"": """"}

Entity 1:

{""ProviderNumber"": ""10045"", ""HospitalName"": ""fayette medical center"", ""Address1"": ""1653 temple avenue north"", ""Address2"": ""empty"", ""Address3"": ""empty"", ""City"": ""fayette"", ""State"": ""xl"", ""ZipCode"": ""35555"", ""CountyName"": ""fayette"", ""PhoneNumber"": ""2059325966"", ""HospitalType"": ""acute care hospitals"", ""HospitalOwner"": ""voluntary non-profit - other"", ""EmergencyService"": ""yes"", ""Condition"": ""heart failure"", ""MeasureCode"": ""hf-3"", ""MeasureName"": ""heart failure patients given ace inhibitor or arb for left ventricular systolic dysfunction (lvsd)"", ""Score"": ""89%"", ""Sample"": ""19 patients"", ""Stateavg"": ""al_hf-3"", ""count"": 1}

Take these rows as reference:

{""ProviderNumber"": ""10045"", ""HospitalName"": ""fayette medical center"", ""Address1"": ""1653 temple avenue north"", ""Address2"": ""empty"", ""Address3"": ""empty"", ""City"": ""fayette"", ""State"": ""al"", ""ZipCode"": ""35555"", ""CountyName"": ""fayette"", ""PhoneNumber"": ""2059325966"", ""HospitalType"": ""acute care hospitals"", ""HospitalOwner"": ""voluntary non-profit - other"", ""EmergencyService"": ""yes"", ""Condition"": ""surgical infection prevention"", ""MeasureCode"": ""scip-inf-3"", ""MeasureName"": ""surgery patients whose preventive antibiotics were stopped at the right time (within 24 hours after surgery)"", ""Score"": ""empty"", ""Sample"": ""0 patients"", ""Stateavg"": ""al_scip-inf-3""}

{""ProviderNumber"": ""10045"", ""HospitalName"": ""fayette medical center"", ""Address1"": ""1653 temple avenue north"", ""Address2"": ""empty"", ""Address3"": ""empty"", ""City"": ""fayette"", ""State"": ""xl"", ""ZipCode"": ""35555"", ""CountyName"": ""fayette"", ""PhoneNumber"": ""2059325966"", ""HospitalType"": ""acute care hospitals"", ""HospitalOwner"": ""voluntary non-profit - other"", ""EmergencyService"": ""yes"", ""Condition"": ""heart failure"", ""MeasureCode"": ""hf-1"", ""MeasureName"": ""heart failure patients given discharge instructions"", ""Score"": ""87%"", ""Sample"": ""67 patients"", ""Stateavg"": ""al_hf-1""}

",,"{""State"": ""al""}","  {""State"": ""al""}"
460,"You are an expert in Cleaning Hospital Dataset. Given the dirty row Entity 1, you are required to correct the values of ProviderNumber in Entity 1.

Return in json format.

Output Format Example:

{""ProviderNumber"": """"}

Entity 1:

{""ProviderNumber"": ""x0045"", ""HospitalName"": ""fayette medical center"", ""Address1"": ""1653 temple avenue north"", ""Address2"": ""empty"", ""Address3"": ""empty"", ""City"": ""fayette"", ""State"": ""al"", ""ZipCode"": ""35555"", ""CountyName"": ""fayette"", ""PhoneNumber"": ""2059325966"", ""HospitalType"": ""acute care hospitals"", ""HospitalOwner"": ""voluntary non-profit - other"", ""EmergencyService"": ""yes"", ""Condition"": ""pneumonia"", ""MeasureCode"": ""pn-2"", ""MeasureName"": ""pneumonia patients assessed and given pneumococcal vaccination"", ""Score"": ""x5%"", ""Sample"": ""117 patients"", ""Stateavg"": ""al_pn-2"", ""count"": 2}

Take these rows as reference:

{""ProviderNumber"": ""10045"", ""HospitalName"": ""fayette medical center"", ""Address1"": ""1653 temple avenue north"", ""Address2"": ""empty"", ""Address3"": ""empty"", ""City"": ""fayette"", ""State"": ""al"", ""ZipCode"": ""35555"", ""CountyName"": ""fayette"", ""PhoneNumber"": ""2059325966"", ""HospitalType"": ""acute care hospitals"", ""HospitalOwner"": ""voluntary non-profit - other"", ""EmergencyService"": ""yes"", ""Condition"": ""surgical infection prevention"", ""MeasureCode"": ""scip-vte-1"", ""MeasureName"": ""surgery patients whose doctors ordered treatments to prevent blood clots after certain types of surgeries"", ""Score"": ""100%"", ""Sample"": ""3 patients"", ""Stateavg"": ""al_scip-vte-1""}

{""ProviderNumber"": ""10045"", ""HospitalName"": ""fayette medical center"", ""Address1"": ""1653 temple avenue north"", ""Address2"": ""empty"", ""Address3"": ""empty"", ""City"": ""fayette"", ""State"": ""xl"", ""ZipCode"": ""35555"", ""CountyName"": ""fayette"", ""PhoneNumber"": ""2059325966"", ""HospitalType"": ""acute care hospitals"", ""HospitalOwner"": ""voluntary non-profit - other"", ""EmergencyService"": ""yes"", ""Condition"": ""heart failure"", ""MeasureCode"": ""hf-1"", ""MeasureName"": ""heart failure patients given discharge instructions"", ""Score"": ""87%"", ""Sample"": ""67 patients"", ""Stateavg"": ""al_hf-1""}

",,"{""ProviderNumber"": ""10045""}","  {""ProviderNumber"": ""10045""}"
461,"You are an expert in Cleaning Hospital Dataset. Given the dirty row Entity 1, you are required to correct the values of Score in Entity 1.

Return in json format.

Output Format Example:

{""Score"": """"}

Entity 1:

{""ProviderNumber"": ""x0045"", ""HospitalName"": ""fayette medical center"", ""Address1"": ""1653 temple avenue north"", ""Address2"": ""empty"", ""Address3"": ""empty"", ""City"": ""fayette"", ""State"": ""al"", ""ZipCode"": ""35555"", ""CountyName"": ""fayette"", ""PhoneNumber"": ""2059325966"", ""HospitalType"": ""acute care hospitals"", ""HospitalOwner"": ""voluntary non-profit - other"", ""EmergencyService"": ""yes"", ""Condition"": ""pneumonia"", ""MeasureCode"": ""pn-2"", ""MeasureName"": ""pneumonia patients assessed and given pneumococcal vaccination"", ""Score"": ""x5%"", ""Sample"": ""117 patients"", ""Stateavg"": ""al_pn-2"", ""count"": 2}

Take these rows as reference:

{""ProviderNumber"": ""10045"", ""HospitalName"": ""fayette medical center"", ""Address1"": ""1653 temple avenue north"", ""Address2"": ""empty"", ""Address3"": ""empty"", ""City"": ""fayette"", ""State"": ""al"", ""ZipCode"": ""35555"", ""CountyName"": ""fayette"", ""PhoneNumber"": ""2059325966"", ""HospitalType"": ""acute care hospitals"", ""HospitalOwner"": ""voluntary non-profit - other"", ""EmergencyService"": ""yex"", ""Condition"": ""pneumonia"", ""MeasureCode"": ""pn-3b"", ""MeasureName"": ""pneumonia patients whose initial emergency room blood culture was performed prior to the administration of the first hospital dose of antibiotics"", ""Score"": ""100%"", ""Sample"": ""41 patients"", ""Stateavg"": ""al_pn-3b""}

{""ProviderNumber"": ""10045"", ""HospitalName"": ""fayette medical center"", ""Address1"": ""1653 temple avenue north"", ""Address2"": ""empty"", ""Address3"": ""empty"", ""City"": ""fayette"", ""State"": ""al"", ""ZipCode"": ""35555"", ""CountyName"": ""fayette"", ""PhoneNumber"": ""2059325966"", ""HospitalType"": ""acute care hospitals"", ""HospitalOwner"": ""voluntary non-profit - other"", ""EmergencyService"": ""yes"", ""Condition"": ""surgical infection prevention"", ""MeasureCode"": ""scip-vte-1"", ""MeasureName"": ""surgery patients whose doctors ordered treatments to prevent blood clots after certain types of surgeries"", ""Score"": ""100%"", ""Sample"": ""3 patients"", ""Stateavg"": ""al_scip-vte-1""}

",,"{""Score"": ""85%""}","  {""Score"": ""95%""}"
462,"You are an expert in Cleaning Hospital Dataset. Given the dirty row Entity 1, you are required to correct the values of EmergencyService in Entity 1.

Return in json format.

Output Format Example:

{""EmergencyService"": """"}

Entity 1:

{""ProviderNumber"": ""10045"", ""HospitalName"": ""fayette medical center"", ""Address1"": ""1653 temple avenue north"", ""Address2"": ""empty"", ""Address3"": ""empty"", ""City"": ""fayette"", ""State"": ""al"", ""ZipCode"": ""35555"", ""CountyName"": ""fayette"", ""PhoneNumber"": ""2059325966"", ""HospitalType"": ""acute care hospitals"", ""HospitalOwner"": ""voluntary non-profit - other"", ""EmergencyService"": ""yex"", ""Condition"": ""pneumonia"", ""MeasureCode"": ""pn-3b"", ""MeasureName"": ""pneumonia patients whose initial emergency room blood culture was performed prior to the administration of the first hospital dose of antibiotics"", ""Score"": ""100%"", ""Sample"": ""41 patients"", ""Stateavg"": ""al_pn-3b"", ""count"": 1}

Take these rows as reference:

{""ProviderNumber"": ""10045"", ""HospitalName"": ""fayette medical center"", ""Address1"": ""1653 temple avenue north"", ""Address2"": ""empty"", ""Address3"": ""empty"", ""City"": ""fayette"", ""State"": ""al"", ""ZipCode"": ""35555"", ""CountyName"": ""fayette"", ""PhoneNumber"": ""2059325966"", ""HospitalType"": ""acute care hospitals"", ""HospitalOwner"": ""voluntary non-profit - other"", ""EmergencyService"": ""yes"", ""Condition"": ""surgical infection prevention"", ""MeasureCode"": ""scip-inf-6"", ""MeasureName"": ""surgery patients needing hair removed from the surgical area before surgery who had hair removed using a safer method (electric clippers or hair removal cream c not a razor)"", ""Score"": ""100%"", ""Sample"": ""7 patients"", ""Stateavg"": ""al_scip-inf-6""}

{""ProviderNumber"": ""10045"", ""HospitalName"": ""fayette medical center"", ""Address1"": ""1653 temple avenue north"", ""Address2"": ""empty"", ""Address3"": ""empty"", ""City"": ""fayette"", ""State"": ""al"", ""ZipCode"": ""35555"", ""CountyName"": ""fayette"", ""PhoneNumber"": ""2059325966"", ""HospitalType"": ""acute care hospitals"", ""HospitalOwner"": ""voluntary non-profit - other"", ""EmergencyService"": ""yes"", ""Condition"": ""pneumonia"", ""MeasureCode"": ""pn-5c"", ""MeasureName"": ""pneumonia patients given initial antibiotic(s) within 6 hours after arrival"", ""Score"": ""97%"", ""Sample"": ""109 patients"", ""Stateavg"": ""al_pn-5c""}

",,"{""EmergencyService"": ""yes""}","  {""EmergencyService"": ""yes""}"
463,"You are an expert in Cleaning Hospital Dataset. Given the dirty row Entity 1, you are required to correct the values of MeasureName in Entity 1.

Return in json format.

Output Format Example:

{""MeasureName"": """"}

Entity 1:

{""ProviderNumber"": ""10045"", ""HospitalName"": ""fayette medical center"", ""Address1"": ""1653 temple avenue north"", ""Address2"": ""empty"", ""Address3"": ""empty"", ""City"": ""fayette"", ""State"": ""al"", ""ZipCode"": ""35555"", ""CountyName"": ""fayette"", ""PhoneNumber"": ""2059325966"", ""HospitalType"": ""acute care hospitals"", ""HospitalOwner"": ""voluntary non-profit - other"", ""EmergencyService"": ""yes"", ""Condition"": ""pneumonia"", ""MeasureCode"": ""pn-7"", ""MeasureName"": ""pneumonia patients assessed and given influenza vaxxination"", ""Score"": ""87%"", ""Sample"": ""86 patients"", ""Stateavg"": ""al_pn-7"", ""count"": 1}

Take these rows as reference:

{""ProviderNumber"": ""10045"", ""HospitalName"": ""fayette medical center"", ""Address1"": ""1653 temple avenue north"", ""Address2"": ""empty"", ""Address3"": ""empty"", ""City"": ""fayette"", ""State"": ""al"", ""ZipCode"": ""35555"", ""CountyName"": ""fayette"", ""PhoneNumber"": ""2059325966"", ""HospitalType"": ""acute care hospitals"", ""HospitalOwner"": ""voluntary non-profit - other"", ""EmergencyService"": ""yes"", ""Condition"": ""pneumonia"", ""MeasureCode"": ""pn-5c"", ""MeasureName"": ""pneumonia patients given initial antibiotic(s) within 6 hours after arrival"", ""Score"": ""97%"", ""Sample"": ""109 patients"", ""Stateavg"": ""al_pn-5c""}

{""ProviderNumber"": ""10045"", ""HospitalName"": ""fayette medical center"", ""Address1"": ""1653 temple avenue north"", ""Address2"": ""empty"", ""Address3"": ""empty"", ""City"": ""faxette"", ""State"": ""al"", ""ZipCode"": ""35555"", ""CountyName"": ""fayexxe"", ""PhoneNumber"": ""2059325966"", ""HospitalType"": ""acute care hospitals"", ""HospitalOwner"": ""voluntary non-profit - other"", ""EmergencyService"": ""yes"", ""Condition"": ""surgical infection prevention"", ""MeasureCode"": ""scip-inf-1"", ""MeasureName"": ""surgery patients who were given an antibiotic at the right time (within one hour before surgery) to help prevent infection"", ""Score"": ""empty"", ""Sample"": ""0 patients"", ""Stateavg"": ""al_scip-inf-1""}

",,"{""MeasureName"": ""pneumonia patients assessed and given influenza vaccination""}","  {""MeasureName"": ""pneumonia patients assessed and given influenza vaccination""}"
464,"You are an expert in Cleaning Hospital Dataset. Given the dirty row Entity 1, you are required to correct the values of City in Entity 1.

Return in json format.

Output Format Example:

{""City"": """"}

Entity 1:

{""ProviderNumber"": ""10045"", ""HospitalName"": ""fayette medical center"", ""Address1"": ""1653 temple avenue north"", ""Address2"": ""empty"", ""Address3"": ""empty"", ""City"": ""faxette"", ""State"": ""al"", ""ZipCode"": ""35555"", ""CountyName"": ""fayexxe"", ""PhoneNumber"": ""2059325966"", ""HospitalType"": ""acute care hospitals"", ""HospitalOwner"": ""voluntary non-profit - other"", ""EmergencyService"": ""yes"", ""Condition"": ""surgical infection prevention"", ""MeasureCode"": ""scip-inf-1"", ""MeasureName"": ""surgery patients who were given an antibiotic at the right time (within one hour before surgery) to help prevent infection"", ""Score"": ""empty"", ""Sample"": ""0 patients"", ""Stateavg"": ""al_scip-inf-1"", ""count"": 2}

Take these rows as reference:

{""ProviderNumber"": ""10045"", ""HospitalName"": ""fayette medical center"", ""Address1"": ""1653 temple avenue north"", ""Address2"": ""empty"", ""Address3"": ""empty"", ""City"": ""fayette"", ""State"": ""al"", ""ZipCode"": ""35555"", ""CountyName"": ""fayette"", ""PhoneNumber"": ""2059325966"", ""HospitalType"": ""acute care hospitals"", ""HospitalOwner"": ""voluntary non-profit - other"", ""EmergencyService"": ""yes"", ""Condition"": ""pneumonia"", ""MeasureCode"": ""pn-5c"", ""MeasureName"": ""pneumonia patients given initial antibiotic(s) within 6 hours after arrival"", ""Score"": ""97%"", ""Sample"": ""109 patients"", ""Stateavg"": ""al_pn-5c""}

{""ProviderNumber"": ""10045"", ""HospitalName"": ""fayette medical center"", ""Address1"": ""1653 temple avenue north"", ""Address2"": ""empty"", ""Address3"": ""empty"", ""City"": ""fayette"", ""State"": ""al"", ""ZipCode"": ""35555"", ""CountyName"": ""fayette"", ""PhoneNumber"": ""2059325966"", ""HospitalType"": ""acute care hospitals"", ""HospitalOwner"": ""voluntary non-profit - other"", ""EmergencyService"": ""yes"", ""Condition"": ""pneumonia"", ""MeasureCode"": ""pn-4"", ""MeasureName"": ""pneumonia patients given smoking cessation advice/counseling"", ""Score"": ""100%"", ""Sample"": ""34 patients"", ""Stateavg"": ""al_pn-4""}

",,"{""City"": ""fayette""}","  {""City"": ""fayette""}"
465,"You are an expert in Cleaning Hospital Dataset. Given the dirty row Entity 1, you are required to correct the values of CountyName in Entity 1.

Return in json format.

Output Format Example:

{""CountyName"": """"}

Entity 1:

{""ProviderNumber"": ""10045"", ""HospitalName"": ""fayette medical center"", ""Address1"": ""1653 temple avenue north"", ""Address2"": ""empty"", ""Address3"": ""empty"", ""City"": ""faxette"", ""State"": ""al"", ""ZipCode"": ""35555"", ""CountyName"": ""fayexxe"", ""PhoneNumber"": ""2059325966"", ""HospitalType"": ""acute care hospitals"", ""HospitalOwner"": ""voluntary non-profit - other"", ""EmergencyService"": ""yes"", ""Condition"": ""surgical infection prevention"", ""MeasureCode"": ""scip-inf-1"", ""MeasureName"": ""surgery patients who were given an antibiotic at the right time (within one hour before surgery) to help prevent infection"", ""Score"": ""empty"", ""Sample"": ""0 patients"", ""Stateavg"": ""al_scip-inf-1"", ""count"": 2}

Take these rows as reference:

{""ProviderNumber"": ""10045"", ""HospitalName"": ""fayette medical center"", ""Address1"": ""1653 temple avenue north"", ""Address2"": ""empty"", ""Address3"": ""empty"", ""City"": ""fayette"", ""State"": ""al"", ""ZipCode"": ""35555"", ""CountyName"": ""fayette"", ""PhoneNumber"": ""2059325966"", ""HospitalType"": ""acute care hospitals"", ""HospitalOwner"": ""voluntary non-profit - other"", ""EmergencyService"": ""yes"", ""Condition"": ""pneumonia"", ""MeasureCode"": ""pn-4"", ""MeasureName"": ""pneumonia patients given smoking cessation advice/counseling"", ""Score"": ""100%"", ""Sample"": ""34 patients"", ""Stateavg"": ""al_pn-4""}

{""ProviderNumber"": ""10045"", ""HospitalName"": ""fayette medical center"", ""Address1"": ""1653 temple avenue north"", ""Address2"": ""empty"", ""Address3"": ""empty"", ""City"": ""fayette"", ""State"": ""al"", ""ZipCode"": ""35555"", ""CountyName"": ""fayette"", ""PhoneNumber"": ""2059325966"", ""HospitalType"": ""acute care hospitals"", ""HospitalOwner"": ""voluntary non-profit - other"", ""EmergencyService"": ""yex"", ""Condition"": ""pneumonia"", ""MeasureCode"": ""pn-3b"", ""MeasureName"": ""pneumonia patients whose initial emergency room blood culture was performed prior to the administration of the first hospital dose of antibiotics"", ""Score"": ""100%"", ""Sample"": ""41 patients"", ""Stateavg"": ""al_pn-3b""}

",,"{""CountyName"": ""fayette""}","  {""CountyName"": ""fayette""}"
466,"You are an expert in Cleaning Hospital Dataset. Given the dirty row Entity 1, you are required to correct the values of HospitalType in Entity 1.

Return in json format.

Output Format Example:

{""HospitalType"": """"}

Entity 1:

{""ProviderNumber"": ""10046"", ""HospitalName"": ""riverview regional medical center"", ""Address1"": ""600 south third street"", ""Address2"": ""empty"", ""Address3"": ""empty"", ""City"": ""gadsden"", ""State"": ""al"", ""ZipCode"": ""35901"", ""CountyName"": ""etowah"", ""PhoneNumber"": ""2565435200"", ""HospitalType"": ""acutexcarexhospitals"", ""HospitalOwner"": ""proprietary"", ""EmergencyService"": ""yes"", ""Condition"": ""children s asthma care"", ""MeasureCode"": ""cac-1"", ""MeasureName"": ""childrenxwhoxreceivedxrelieverxmedicationxwhilexhospitalizedxforxasthma"", ""Score"": ""100%"", ""Sample"": ""4 patients"", ""Stateavg"": ""al_cac-1"", ""count"": 2}

Take these rows as reference:

{""ProviderNumber"": ""10046"", ""HospitalName"": ""riverview regional medical center"", ""Address1"": ""600 south third street"", ""Address2"": ""empty"", ""Address3"": ""empty"", ""City"": ""gadsden"", ""State"": ""al"", ""ZipCode"": ""35901"", ""CountyName"": ""etowah"", ""PhoneNumber"": ""2565435200"", ""HospitalType"": ""acute care hospitals"", ""HospitalOwner"": ""proprietary"", ""EmergencyService"": ""yes"", ""Condition"": ""heart attack"", ""MeasureCode"": ""ami-1"", ""MeasureName"": ""heart attack patients given aspirin at arrival"", ""Score"": ""100%"", ""Sample"": ""126 patxents"", ""Stateavg"": ""al_ami-1""}

{""ProviderNumber"": ""10046"", ""HospitalName"": ""riverview regional medical center"", ""Address1"": ""600 south third street"", ""Address2"": ""empty"", ""Address3"": ""empty"", ""City"": ""gadsden"", ""State"": ""al"", ""ZipCode"": ""35901"", ""CountyName"": ""etowah"", ""PhoneNumber"": ""2565435200"", ""HospitalType"": ""acute care hospitals"", ""HospitalOwner"": ""proprietary"", ""EmergencyService"": ""yes"", ""Condition"": ""heart attack"", ""MeasureCode"": ""ami-3"", ""MeasureName"": ""heart attack patients given ace inhibitor or arb for left ventricular systolic dysfunction (lvsd)"", ""Score"": ""100%"", ""Sample"": ""25 patients"", ""Stateavg"": ""al_ami-3""}

",,"{""HospitalType"": ""acute care hospitals""}","  {""HospitalType"": ""acute care hospitals""}"
467,"You are an expert in Cleaning Hospital Dataset. Given the dirty row Entity 1, you are required to correct the values of MeasureName in Entity 1.

Return in json format.

Output Format Example:

{""MeasureName"": """"}

Entity 1:

{""ProviderNumber"": ""10046"", ""HospitalName"": ""riverview regional medical center"", ""Address1"": ""600 south third street"", ""Address2"": ""empty"", ""Address3"": ""empty"", ""City"": ""gadsden"", ""State"": ""al"", ""ZipCode"": ""35901"", ""CountyName"": ""etowah"", ""PhoneNumber"": ""2565435200"", ""HospitalType"": ""acutexcarexhospitals"", ""HospitalOwner"": ""proprietary"", ""EmergencyService"": ""yes"", ""Condition"": ""children s asthma care"", ""MeasureCode"": ""cac-1"", ""MeasureName"": ""childrenxwhoxreceivedxrelieverxmedicationxwhilexhospitalizedxforxasthma"", ""Score"": ""100%"", ""Sample"": ""4 patients"", ""Stateavg"": ""al_cac-1"", ""count"": 2}

Take these rows as reference:

{""ProviderNumber"": ""10046"", ""HospitalName"": ""riverview regional medical center"", ""Address1"": ""600 south third street"", ""Address2"": ""empty"", ""Address3"": ""empty"", ""City"": ""gadsden"", ""State"": ""al"", ""ZipCode"": ""35901"", ""CountyName"": ""etowah"", ""PhoneNumber"": ""2565435200"", ""HospitalType"": ""acute care hospitals"", ""HospitalOwner"": ""proprietary"", ""EmergencyService"": ""yes"", ""Condition"": ""heart attack"", ""MeasureCode"": ""ami-8a"", ""MeasureName"": ""heart attack patients given pci within 90 minutes of arrival"", ""Score"": ""100%"", ""Sample"": ""16 patients"", ""Stateavg"": ""al_ami-8a""}

{""ProviderNumber"": ""10046"", ""HospitalName"": ""riverview regional medical center"", ""Address1"": ""600 south third street"", ""Address2"": ""empty"", ""Address3"": ""empty"", ""City"": ""gadsden"", ""State"": ""al"", ""ZipCode"": ""35901"", ""CountyName"": ""etowxh"", ""PhoneNumber"": ""2565435200"", ""HospitalType"": ""acute care hospitals"", ""HospitalOwner"": ""proprietary"", ""EmergencyService"": ""yes"", ""Condition"": ""pneumonia"", ""MeasureCode"": ""pn-3b"", ""MeasureName"": ""pneumonia patients whose initial emergency room blood culture was performed prior to the administration of the first hospital dose of antibiotics"", ""Score"": ""97%"", ""Sample"": ""196 patients"", ""Stateavg"": ""al_pn-3b""}

",,"{""MeasureName"": ""children who received reliever medication while hospitalized for asthma""}","  {""MeasureName"": ""children who received reliever medication while hospitalized for asthma""}"
468,"You are an expert in Cleaning Hospital Dataset. Given the dirty row Entity 1, you are required to correct the values of HospitalName in Entity 1.

Return in json format.

Output Format Example:

{""HospitalName"": """"}

Entity 1:

{""ProviderNumber"": ""10046"", ""HospitalName"": ""rivxrvixw rxgional mxdical cxntxr"", ""Address1"": ""600 south third street"", ""Address2"": ""empty"", ""Address3"": ""empty"", ""City"": ""gadsden"", ""State"": ""al"", ""ZipCode"": ""35901"", ""CountyName"": ""etowah"", ""PhoneNumber"": ""2565435200"", ""HospitalType"": ""acute care hospitals"", ""HospitalOwner"": ""proprietary"", ""EmergencyService"": ""yes"", ""Condition"": ""children s asthma care"", ""MeasureCode"": ""cac-2"", ""MeasureName"": ""children who received systemic corticosteroid medication (oral and iv medication that reduces inflammation and controls symptoms) while hospitalized for asthma"", ""Score"": ""100%"", ""Sample"": ""4 patients"", ""Stateavg"": ""al_cac-2"", ""count"": 1}

Take these rows as reference:

{""ProviderNumber"": ""10046"", ""HospitalName"": ""riverview regional medical center"", ""Address1"": ""600 south third street"", ""Address2"": ""empty"", ""Address3"": ""empty"", ""City"": ""gadsden"", ""State"": ""al"", ""ZipCode"": ""35901"", ""CountyName"": ""etowah"", ""PhoneNumber"": ""2565435200"", ""HospitalType"": ""acute care hospitals"", ""HospitalOwner"": ""proprietary"", ""EmergencyService"": ""yes"", ""Condition"": ""heart attack"", ""MeasureCode"": ""ami-3"", ""MeasureName"": ""heart attack patients given ace inhibitor or arb for left ventricular systolic dysfunction (lvsd)"", ""Score"": ""100%"", ""Sample"": ""25 patients"", ""Stateavg"": ""al_ami-3""}

{""ProviderNumber"": ""10046"", ""HospitalName"": ""riverview regional medical center"", ""Address1"": ""600 south third street"", ""Address2"": ""empty"", ""Address3"": ""empty"", ""City"": ""gadsden"", ""State"": ""al"", ""ZipCode"": ""35901"", ""CountyName"": ""etowah"", ""PhoneNumber"": ""2565435200"", ""HospitalType"": ""acute care hospitals"", ""HospitalOwner"": ""proprietary"", ""EmergencyService"": ""yes"", ""Condition"": ""heart failure"", ""MeasureCode"": ""hf-2"", ""MeasureName"": ""heart failure patients given an evaluation of left ventricular systolic (lvs) function"", ""Score"": ""100%"", ""Sample"": ""350 patients"", ""Stateavg"": ""al_hf-2""}

",,"{""HospitalName"": ""riverview regional medical center""}","  {""HospitalName"": ""riverview regional medical center""}"
469,"You are an expert in Cleaning Hospital Dataset. Given the dirty row Entity 1, you are required to correct the values of Sample in Entity 1.

Return in json format.

Output Format Example:

{""Sample"": """"}

Entity 1:

{""ProviderNumber"": ""10046"", ""HospitalName"": ""riverview regional medical center"", ""Address1"": ""600 south third street"", ""Address2"": ""empty"", ""Address3"": ""empty"", ""City"": ""gadsden"", ""State"": ""al"", ""ZipCode"": ""35901"", ""CountyName"": ""etowah"", ""PhoneNumber"": ""2565435200"", ""HospitalType"": ""acute care hospitals"", ""HospitalOwner"": ""proprietary"", ""EmergencyService"": ""yes"", ""Condition"": ""heart attack"", ""MeasureCode"": ""ami-1"", ""MeasureName"": ""heart attack patients given aspirin at arrival"", ""Score"": ""100%"", ""Sample"": ""126 patxents"", ""Stateavg"": ""al_ami-1"", ""count"": 1}

Take these rows as reference:

{""ProviderNumber"": ""10046"", ""HospitalName"": ""riverview regional medical center"", ""Address1"": ""600 south third street"", ""Address2"": ""empty"", ""Address3"": ""empty"", ""City"": ""gadsden"", ""State"": ""al"", ""ZipCode"": ""35901"", ""CountyName"": ""etowah"", ""PhoneNumber"": ""2565435200"", ""HospitalType"": ""acute care hospitals"", ""HospitalOwner"": ""proprietary"", ""EmergencyService"": ""yes"", ""Condition"": ""surgical infection prevention"", ""MeasureCode"": ""scip-inf-2"", ""MeasureName"": ""surgery patients who were given the  right kind  of antibiotic to help prevent infection"", ""Score"": ""95%"", ""Sample"": ""404 patients"", ""Stateavg"": ""al_scip-inf-2""}

{""ProviderNumber"": ""10046"", ""HospitalName"": ""rivxrvixw rxgional mxdical cxntxr"", ""Address1"": ""600 south third street"", ""Address2"": ""empty"", ""Address3"": ""empty"", ""City"": ""gadsden"", ""State"": ""al"", ""ZipCode"": ""35901"", ""CountyName"": ""etowah"", ""PhoneNumber"": ""2565435200"", ""HospitalType"": ""acute care hospitals"", ""HospitalOwner"": ""proprietary"", ""EmergencyService"": ""yes"", ""Condition"": ""children s asthma care"", ""MeasureCode"": ""cac-2"", ""MeasureName"": ""children who received systemic corticosteroid medication (oral and iv medication that reduces inflammation and controls symptoms) while hospitalized for asthma"", ""Score"": ""100%"", ""Sample"": ""4 patients"", ""Stateavg"": ""al_cac-2""}

",,"{""Sample"": ""126 patients""}","  {""Sample"": ""126 patients""}"
470,"You are an expert in Cleaning Hospital Dataset. Given the dirty row Entity 1, you are required to correct the values of Address1 in Entity 1.

Return in json format.

Output Format Example:

{""Address1"": """"}

Entity 1:

{""ProviderNumber"": ""10046"", ""HospitalName"": ""riverview regional medical center"", ""Address1"": ""600 souxh xhird sxreex"", ""Address2"": ""empty"", ""Address3"": ""empty"", ""City"": ""gadsden"", ""State"": ""al"", ""ZipCode"": ""35901"", ""CountyName"": ""etowah"", ""PhoneNumber"": ""2565435200"", ""HospitalType"": ""acute care hospitals"", ""HospitalOwner"": ""proprietary"", ""EmergencyService"": ""yes"", ""Condition"": ""heart failure"", ""MeasureCode"": ""hf-4"", ""MeasureName"": ""hearx failure paxienxs given smoking cessaxion advice/counseling"", ""Score"": ""100%"", ""Sample"": ""85 patients"", ""Stateavg"": ""al_hf-4"", ""count"": 2}

Take these rows as reference:

{""ProviderNumber"": ""10046"", ""HospitalName"": ""rivxrvixw rxgional mxdical cxntxr"", ""Address1"": ""600 south third street"", ""Address2"": ""empty"", ""Address3"": ""empty"", ""City"": ""gadsden"", ""State"": ""al"", ""ZipCode"": ""35901"", ""CountyName"": ""etowah"", ""PhoneNumber"": ""2565435200"", ""HospitalType"": ""acute care hospitals"", ""HospitalOwner"": ""proprietary"", ""EmergencyService"": ""yes"", ""Condition"": ""children s asthma care"", ""MeasureCode"": ""cac-2"", ""MeasureName"": ""children who received systemic corticosteroid medication (oral and iv medication that reduces inflammation and controls symptoms) while hospitalized for asthma"", ""Score"": ""100%"", ""Sample"": ""4 patients"", ""Stateavg"": ""al_cac-2""}

{""ProviderNumber"": ""10046"", ""HospitalName"": ""riverview regional medical center"", ""Address1"": ""600 south third street"", ""Address2"": ""empty"", ""Address3"": ""empty"", ""City"": ""gadsden"", ""State"": ""al"", ""ZipCode"": ""35901"", ""CountyName"": ""etowah"", ""PhoneNumber"": ""2565435200"", ""HospitalType"": ""acute care hospitals"", ""HospitalOwner"": ""proprietary"", ""EmergencyService"": ""yes"", ""Condition"": ""heart attack"", ""MeasureCode"": ""ami-5"", ""MeasureName"": ""heart attack patients given beta blocker at discharge"", ""Score"": ""100%"", ""Sample"": ""125 patients"", ""Stateavg"": ""al_ami-5""}

",,"{""Address1"": ""600 south third street""}","  {""Address1"": ""600 south third street""}"
471,"You are an expert in Cleaning Hospital Dataset. Given the dirty row Entity 1, you are required to correct the values of MeasureName in Entity 1.

Return in json format.

Output Format Example:

{""MeasureName"": """"}

Entity 1:

{""ProviderNumber"": ""10046"", ""HospitalName"": ""riverview regional medical center"", ""Address1"": ""600 souxh xhird sxreex"", ""Address2"": ""empty"", ""Address3"": ""empty"", ""City"": ""gadsden"", ""State"": ""al"", ""ZipCode"": ""35901"", ""CountyName"": ""etowah"", ""PhoneNumber"": ""2565435200"", ""HospitalType"": ""acute care hospitals"", ""HospitalOwner"": ""proprietary"", ""EmergencyService"": ""yes"", ""Condition"": ""heart failure"", ""MeasureCode"": ""hf-4"", ""MeasureName"": ""hearx failure paxienxs given smoking cessaxion advice/counseling"", ""Score"": ""100%"", ""Sample"": ""85 patients"", ""Stateavg"": ""al_hf-4"", ""count"": 2}

Take these rows as reference:

{""ProviderNumber"": ""10046"", ""HospitalName"": ""riverview regional medical center"", ""Address1"": ""600 south third street"", ""Address2"": ""empty"", ""Address3"": ""empty"", ""City"": ""gadsden"", ""State"": ""al"", ""ZipCode"": ""35901"", ""CountyName"": ""etowah"", ""PhoneNumber"": ""2565435200"", ""HospitalType"": ""acute care hospitals"", ""HospitalOwner"": ""proprietary"", ""EmergencyService"": ""yes"", ""Condition"": ""heart attack"", ""MeasureCode"": ""ami-2"", ""MeasureName"": ""heart attack patients given aspirin at discharge"", ""Score"": ""100%"", ""Sample"": ""145 patients"", ""Stateavg"": ""al_ami-2""}

{""ProviderNumber"": ""10046"", ""HospitalName"": ""riverview regional medical center"", ""Address1"": ""600 south third street"", ""Address2"": ""empty"", ""Address3"": ""empty"", ""City"": ""gadsden"", ""State"": ""al"", ""ZipCode"": ""35901"", ""CountyName"": ""etowah"", ""PhoneNumber"": ""2565435200"", ""HospitalType"": ""acute care hospitals"", ""HospitalOwner"": ""proprietary"", ""EmergencyService"": ""yes"", ""Condition"": ""surgical infection prevention"", ""MeasureCode"": ""scip-inf-2"", ""MeasureName"": ""surgery patients who were given the  right kind  of antibiotic to help prevent infection"", ""Score"": ""95%"", ""Sample"": ""404 patients"", ""Stateavg"": ""al_scip-inf-2""}

",,"{""MeasureName"": ""heart failure patients given smoking cessation advice/counseling""}","  {""MeasureName"": ""heart failure patients given smoking cessation advice/counseling""}"
472,"You are an expert in Cleaning Hospital Dataset. Given the dirty row Entity 1, you are required to correct the values of PhoneNumber in Entity 1.

Return in json format.

Output Format Example:

{""PhoneNumber"": """"}

Entity 1:

{""ProviderNumber"": ""10046"", ""HospitalName"": ""riverview regional medical center"", ""Address1"": ""600 south third street"", ""Address2"": ""empty"", ""Address3"": ""empty"", ""City"": ""gadsden"", ""State"": ""al"", ""ZipCode"": ""35901"", ""CountyName"": ""etowah"", ""PhoneNumber"": ""x565435x00"", ""HospitalType"": ""acute care hospitals"", ""HospitalOwner"": ""proprietary"", ""EmergencyService"": ""yes"", ""Condition"": ""pneumonia"", ""MeasureCode"": ""pn-2"", ""MeasureName"": ""pneumonia patients assessed and given pneumococcal vaccination"", ""Score"": ""99%"", ""Sample"": ""239 patients"", ""Stateavg"": ""al_pn-2"", ""count"": 1}

Take these rows as reference:

{""ProviderNumber"": ""10046"", ""HospitalName"": ""riverview regional medical center"", ""Address1"": ""600 south third street"", ""Address2"": ""empty"", ""Address3"": ""empty"", ""City"": ""gadsden"", ""State"": ""al"", ""ZipCode"": ""35901"", ""CountyName"": ""etowah"", ""PhoneNumber"": ""2565435200"", ""HospitalType"": ""acute care hospitals"", ""HospitalOwner"": ""proprietary"", ""EmergencyService"": ""yes"", ""Condition"": ""heart failure"", ""MeasureCode"": ""hf-1"", ""MeasureName"": ""heart failure patients given discharge instructions"", ""Score"": ""100%"", ""Sample"": ""268 patients"", ""Stateavg"": ""al_hf-1""}

{""ProviderNumber"": ""10046"", ""HospitalName"": ""riverview regional medical center"", ""Address1"": ""600 south third street"", ""Address2"": ""empty"", ""Address3"": ""empty"", ""City"": ""gadsden"", ""State"": ""al"", ""ZipCode"": ""35901"", ""CountyName"": ""etowah"", ""PhoneNumber"": ""2565435200"", ""HospitalType"": ""acute care hospitals"", ""HospitalOwner"": ""proprietary"", ""EmergencyService"": ""yes"", ""Condition"": ""heart attack"", ""MeasureCode"": ""ami-5"", ""MeasureName"": ""heart attack patients given beta blocker at discharge"", ""Score"": ""100%"", ""Sample"": ""125 patients"", ""Stateavg"": ""al_ami-5""}

",,"{""PhoneNumber"": ""2565435200""}","  {""PhoneNumber"": ""2565435200""}"
473,"You are an expert in Cleaning Hospital Dataset. Given the dirty row Entity 1, you are required to correct the values of CountyName in Entity 1.

Return in json format.

Output Format Example:

{""CountyName"": """"}

Entity 1:

{""ProviderNumber"": ""10046"", ""HospitalName"": ""riverview regional medical center"", ""Address1"": ""600 south third street"", ""Address2"": ""empty"", ""Address3"": ""empty"", ""City"": ""gadsden"", ""State"": ""al"", ""ZipCode"": ""35901"", ""CountyName"": ""etowxh"", ""PhoneNumber"": ""2565435200"", ""HospitalType"": ""acute care hospitals"", ""HospitalOwner"": ""proprietary"", ""EmergencyService"": ""yes"", ""Condition"": ""pneumonia"", ""MeasureCode"": ""pn-3b"", ""MeasureName"": ""pneumonia patients whose initial emergency room blood culture was performed prior to the administration of the first hospital dose of antibiotics"", ""Score"": ""97%"", ""Sample"": ""196 patients"", ""Stateavg"": ""al_pn-3b"", ""count"": 1}

Take these rows as reference:

{""ProviderNumber"": ""10046"", ""HospitalName"": ""riverview regional medical center"", ""Address1"": ""600 south third street"", ""Address2"": ""empty"", ""Address3"": ""empty"", ""City"": ""gadsden"", ""State"": ""al"", ""ZipCode"": ""35901"", ""CountyName"": ""etowah"", ""PhoneNumber"": ""2565435200"", ""HospitalType"": ""acute care hospitals"", ""HospitalOwner"": ""proprietary"", ""EmergencyService"": ""yes"", ""Condition"": ""heart failure"", ""MeasureCode"": ""hf-1"", ""MeasureName"": ""heart failure patients given discharge instructions"", ""Score"": ""100%"", ""Sample"": ""268 patients"", ""Stateavg"": ""al_hf-1""}

{""ProviderNumber"": ""10046"", ""HospitalName"": ""riverview regional medical center"", ""Address1"": ""600 south third street"", ""Address2"": ""empty"", ""Address3"": ""empty"", ""City"": ""gadsden"", ""State"": ""al"", ""ZipCode"": ""35901"", ""CountyName"": ""etowah"", ""PhoneNumber"": ""2565435200"", ""HospitalType"": ""acute care hospitals"", ""HospitalOwner"": ""proprietary"", ""EmergencyService"": ""yes"", ""Condition"": ""heart attack"", ""MeasureCode"": ""ami-3"", ""MeasureName"": ""heart attack patients given ace inhibitor or arb for left ventricular systolic dysfunction (lvsd)"", ""Score"": ""100%"", ""Sample"": ""25 patients"", ""Stateavg"": ""al_ami-3""}

",,"{""CountyName"": ""etowah""}","  {""CountyName"": ""etowah""}"
474,"You are an expert in Cleaning Hospital Dataset. Given the dirty row Entity 1, you are required to correct the values of EmergencyService in Entity 1.

Return in json format.

Output Format Example:

{""EmergencyService"": """"}

Entity 1:

{""ProviderNumber"": ""10046"", ""HospitalName"": ""riverview regional medical center"", ""Address1"": ""600 south third street"", ""Address2"": ""empty"", ""Address3"": ""empty"", ""City"": ""gadsden"", ""State"": ""al"", ""ZipCode"": ""35901"", ""CountyName"": ""etowah"", ""PhoneNumber"": ""2565435200"", ""HospitalType"": ""acute care hospitals"", ""HospitalOwner"": ""proprietary"", ""EmergencyService"": ""yex"", ""Condition"": ""pneumonia"", ""MeasureCode"": ""pn-5c"", ""MeasureName"": ""pneumonia patients given initial antibiotic(s) within 6 hours after arrival"", ""Score"": ""87%"", ""Sample"": ""261 patients"", ""Stateavg"": ""al_pn-5c"", ""count"": 1}

Take these rows as reference:

{""ProviderNumber"": ""10046"", ""HospitalName"": ""riverview regional medical center"", ""Address1"": ""600 south third street"", ""Address2"": ""empty"", ""Address3"": ""empty"", ""City"": ""gadsden"", ""State"": ""al"", ""ZipCode"": ""35901"", ""CountyName"": ""etowah"", ""PhoneNumber"": ""2565435200"", ""HospitalType"": ""acute care hospitals"", ""HospitalOwner"": ""proprietary"", ""EmergencyService"": ""yes"", ""Condition"": ""surgical infection prevention"", ""MeasureCode"": ""scip-inf-6"", ""MeasureName"": ""surgery patients needing hair removed from the surgical area before surgery who had hair removed using a safer method (electric clippers or hair removal cream c not a razor)"", ""Score"": ""100%"", ""Sample"": ""607 patients"", ""Stateavg"": ""al_scip-inf-6""}

{""ProviderNumber"": ""10046"", ""HospitalName"": ""riverview regional medical center"", ""Address1"": ""600 south third street"", ""Address2"": ""empty"", ""Address3"": ""empty"", ""City"": ""gadsden"", ""State"": ""al"", ""ZipCode"": ""35901"", ""CountyName"": ""etowah"", ""PhoneNumber"": ""2565435200"", ""HospitalType"": ""acute care hospitals"", ""HospitalOwner"": ""proprietary"", ""EmergencyService"": ""yes"", ""Condition"": ""heart failure"", ""MeasureCode"": ""hf-2"", ""MeasureName"": ""heart failure patients given an evaluation of left ventricular systolic (lvs) function"", ""Score"": ""100%"", ""Sample"": ""350 patients"", ""Stateavg"": ""al_hf-2""}

",,"{""EmergencyService"": ""yes""}","  {""EmergencyService"": ""yes""}"
475,"You are an expert in Cleaning Hospital Dataset. Given the dirty row Entity 1, you are required to correct the values of Stateavg in Entity 1.

Return in json format.

Output Format Example:

{""Stateavg"": """"}

Entity 1:

{""ProviderNumber"": ""10046"", ""HospitalName"": ""riverview regional medical center"", ""Address1"": ""600 south third street"", ""Address2"": ""empty"", ""Address3"": ""empty"", ""City"": ""gadsden"", ""State"": ""al"", ""ZipCode"": ""35901"", ""CountyName"": ""etowah"", ""PhoneNumber"": ""2565435200"", ""HospitalType"": ""acute care hospitals"", ""HospitalOwner"": ""proprietary"", ""EmergencyService"": ""yes"", ""Condition"": ""pneumonia"", ""MeasureCode"": ""pn-6"", ""MeasureName"": ""pneumonia patients given the most appropriate initial antibiotic(s)"", ""Score"": ""76%"", ""Sample"": ""212 patients"", ""Stateavg"": ""alxpn-6"", ""count"": 1}

Take these rows as reference:

{""ProviderNumber"": ""10046"", ""HospitalName"": ""riverview regional medical center"", ""Address1"": ""600 south third street"", ""Address2"": ""empty"", ""Address3"": ""empty"", ""City"": ""gadsden"", ""State"": ""al"", ""ZipCode"": ""35901"", ""CountyName"": ""etowah"", ""PhoneNumber"": ""2565435200"", ""HospitalType"": ""acute care hospitals"", ""HospitalOwner"": ""proprietary"", ""EmergencyService"": ""yes"", ""Condition"": ""heart attack"", ""MeasureCode"": ""ami-1"", ""MeasureName"": ""heart attack patients given aspirin at arrival"", ""Score"": ""100%"", ""Sample"": ""126 patxents"", ""Stateavg"": ""al_ami-1""}

{""ProviderNumber"": ""10046"", ""HospitalName"": ""riverview regional medical center"", ""Address1"": ""600 south third street"", ""Address2"": ""empty"", ""Address3"": ""empty"", ""City"": ""gadsden"", ""State"": ""al"", ""ZipCode"": ""35901"", ""CountyName"": ""etowah"", ""PhoneNumber"": ""2565435200"", ""HospitalType"": ""acute care hospitals"", ""HospitalOwner"": ""proprietary"", ""EmergencyService"": ""yes"", ""Condition"": ""heart attack"", ""MeasureCode"": ""ami-7a"", ""MeasureName"": ""heart attack patients given fibrinolytic medication within 30 minutes of arrival"", ""Score"": ""88%"", ""Sample"": ""8 patients"", ""Stateavg"": ""al_ami-7a""}

",,"{""Stateavg"": ""al_pn-6""}","  {""Stateavg"": ""al_pn-6""}"
476,"You are an expert in Cleaning Hospital Dataset. Given the dirty row Entity 1, you are required to correct the values of HospitalName in Entity 1.

Return in json format.

Output Format Example:

{""HospitalName"": """"}

Entity 1:

{""ProviderNumber"": ""10046"", ""HospitalName"": ""xivexview xegional medical centex"", ""Address1"": ""600 south third street"", ""Address2"": ""empty"", ""Address3"": ""empty"", ""City"": ""gadsden"", ""State"": ""al"", ""ZipCode"": ""35901"", ""CountyName"": ""etowah"", ""PhoneNumber"": ""2565435200"", ""HospitalType"": ""acute care hospitals"", ""HospitalOwner"": ""proprietary"", ""EmergencyService"": ""yxs"", ""Condition"": ""pneumonia"", ""MeasureCode"": ""pn-7"", ""MeasureName"": ""pneumonia patients assessed and given influenza vaccination"", ""Score"": ""99%"", ""Sample"": ""178 patients"", ""Stateavg"": ""al_pn-7"", ""count"": 2}

Take these rows as reference:

{""ProviderNumber"": ""10046"", ""HospitalName"": ""riverview regional medical center"", ""Address1"": ""600 south third street"", ""Address2"": ""empty"", ""Address3"": ""empty"", ""City"": ""gadsden"", ""State"": ""al"", ""ZipCode"": ""35901"", ""CountyName"": ""etowah"", ""PhoneNumber"": ""2565435200"", ""HospitalType"": ""acute care hospitals"", ""HospitalOwner"": ""proprietary"", ""EmergencyService"": ""yes"", ""Condition"": ""heart attack"", ""MeasureCode"": ""ami-7a"", ""MeasureName"": ""heart attack patients given fibrinolytic medication within 30 minutes of arrival"", ""Score"": ""88%"", ""Sample"": ""8 patients"", ""Stateavg"": ""al_ami-7a""}

{""ProviderNumber"": ""10046"", ""HospitalName"": ""riverview regional medical center"", ""Address1"": ""600 south third street"", ""Address2"": ""empty"", ""Address3"": ""empty"", ""City"": ""gadsden"", ""State"": ""al"", ""ZipCode"": ""35901"", ""CountyName"": ""etowah"", ""PhoneNumber"": ""2565435200"", ""HospitalType"": ""acute care hospitals"", ""HospitalOwner"": ""proprietary"", ""EmergencyService"": ""yes"", ""Condition"": ""heart attack"", ""MeasureCode"": ""ami-4"", ""MeasureName"": ""heart attack patients given smoking cessation advice/counseling"", ""Score"": ""100%"", ""Sample"": ""68 patients"", ""Stateavg"": ""al_ami-4""}

",,"{""HospitalName"": ""riverview regional medical center""}","  {""HospitalName"": ""riverview regional medical center""}"
477,"You are an expert in Cleaning Hospital Dataset. Given the dirty row Entity 1, you are required to correct the values of EmergencyService in Entity 1.

Return in json format.

Output Format Example:

{""EmergencyService"": """"}

Entity 1:

{""ProviderNumber"": ""10046"", ""HospitalName"": ""xivexview xegional medical centex"", ""Address1"": ""600 south third street"", ""Address2"": ""empty"", ""Address3"": ""empty"", ""City"": ""gadsden"", ""State"": ""al"", ""ZipCode"": ""35901"", ""CountyName"": ""etowah"", ""PhoneNumber"": ""2565435200"", ""HospitalType"": ""acute care hospitals"", ""HospitalOwner"": ""proprietary"", ""EmergencyService"": ""yxs"", ""Condition"": ""pneumonia"", ""MeasureCode"": ""pn-7"", ""MeasureName"": ""pneumonia patients assessed and given influenza vaccination"", ""Score"": ""99%"", ""Sample"": ""178 patients"", ""Stateavg"": ""al_pn-7"", ""count"": 2}

Take these rows as reference:

{""ProviderNumber"": ""10046"", ""HospitalName"": ""riverview regional medical center"", ""Address1"": ""600 south third street"", ""Address2"": ""empty"", ""Address3"": ""empty"", ""City"": ""gadsden"", ""State"": ""al"", ""ZipCode"": ""3590x"", ""CountyName"": ""etowah"", ""PhoneNumber"": ""2565435200"", ""HospitalType"": ""acute care hospitals"", ""HospitalOwner"": ""proprietary"", ""EmergencyService"": ""yes"", ""Condition"": ""surgical infection prevention"", ""MeasureCode"": ""scip-inf-1"", ""MeasureName"": ""surgery patients who were given an antibiotic at the right time (within one hour before surgery) to help prevent infection"", ""Score"": ""95%"", ""Sample"": ""402 patients"", ""Stateavg"": ""al_scip-inf-1""}

{""ProviderNumber"": ""10046"", ""HospitalName"": ""riverview regional medical center"", ""Address1"": ""600 south third street"", ""Address2"": ""empty"", ""Address3"": ""empty"", ""City"": ""gadsden"", ""State"": ""al"", ""ZipCode"": ""35901"", ""CountyName"": ""etowah"", ""PhoneNumber"": ""2565435200"", ""HospitalType"": ""acute care hospitals"", ""HospitalOwner"": ""proprietary"", ""EmergencyService"": ""yes"", ""Condition"": ""surgical infection prevention"", ""MeasureCode"": ""scip-vte-1"", ""MeasureName"": ""surgery patients whose doctors ordered treatments to prevent blood clots after certain types of surgeries"", ""Score"": ""91%"", ""Sample"": ""280 patients"", ""Stateavg"": ""al_scip-vte-1""}

",,"{""EmergencyService"": ""yes""}","  {""EmergencyService"": ""yes""}"
478,"You are an expert in Cleaning Hospital Dataset. Given the dirty row Entity 1, you are required to correct the values of HospitalName in Entity 1.

Return in json format.

Output Format Example:

{""HospitalName"": """"}

Entity 1:

{""ProviderNumber"": ""10046"", ""HospitalName"": ""riverview rexional medical center"", ""Address1"": ""600 south third street"", ""Address2"": ""empty"", ""Address3"": ""empty"", ""City"": ""gadsden"", ""State"": ""ax"", ""ZipCode"": ""35901"", ""CountyName"": ""etowah"", ""PhoneNumber"": ""2565435200"", ""HospitalType"": ""acute care hospitals"", ""HospitalOwner"": ""proprietary"", ""EmergencyService"": ""yes"", ""Condition"": ""surgical infection prevention"", ""MeasureCode"": ""scip-card-2"", ""MeasureName"": ""surgery patients who were taking heart drugs called beta blockers before coming to the hospital who were kept on the beta blockers during the period just before and after their surgery"", ""Score"": ""95%"", ""Sample"": ""107 patients"", ""Stateavg"": ""al_scip-card-2"", ""count"": 2}

Take these rows as reference:

{""ProviderNumber"": ""10046"", ""HospitalName"": ""riverview regional medical center"", ""Address1"": ""600 south third street"", ""Address2"": ""empty"", ""Address3"": ""empty"", ""City"": ""gadsden"", ""State"": ""al"", ""ZipCode"": ""35901"", ""CountyName"": ""etowah"", ""PhoneNumber"": ""2565435200"", ""HospitalType"": ""acute care hospitals"", ""HospitalOwner"": ""proprietary"", ""EmergencyService"": ""yes"", ""Condition"": ""heart attack"", ""MeasureCode"": ""ami-8a"", ""MeasureName"": ""heart attack patients given pci within 90 minutes of arrival"", ""Score"": ""100%"", ""Sample"": ""16 patients"", ""Stateavg"": ""al_ami-8a""}

{""ProviderNumber"": ""10046"", ""HospitalName"": ""riverview regional medical center"", ""Address1"": ""600 south third street"", ""Address2"": ""empty"", ""Address3"": ""empty"", ""City"": ""gadsden"", ""State"": ""al"", ""ZipCode"": ""35901"", ""CountyName"": ""etowah"", ""PhoneNumber"": ""2565435200"", ""HospitalType"": ""acute care hospitals"", ""HospitalOwner"": ""proprietary"", ""EmergencyService"": ""yes"", ""Condition"": ""heart attack"", ""MeasureCode"": ""ami-7a"", ""MeasureName"": ""heart attack patients given fibrinolytic medication within 30 minutes of arrival"", ""Score"": ""88%"", ""Sample"": ""8 patients"", ""Stateavg"": ""al_ami-7a""}

",,"{""HospitalName"": ""riverview regional medical center""}","  {""HospitalName"": ""riverview regional medical center""}"
479,"You are an expert in Cleaning Hospital Dataset. Given the dirty row Entity 1, you are required to correct the values of State in Entity 1.

Return in json format.

Output Format Example:

{""State"": """"}

Entity 1:

{""ProviderNumber"": ""10046"", ""HospitalName"": ""riverview rexional medical center"", ""Address1"": ""600 south third street"", ""Address2"": ""empty"", ""Address3"": ""empty"", ""City"": ""gadsden"", ""State"": ""ax"", ""ZipCode"": ""35901"", ""CountyName"": ""etowah"", ""PhoneNumber"": ""2565435200"", ""HospitalType"": ""acute care hospitals"", ""HospitalOwner"": ""proprietary"", ""EmergencyService"": ""yes"", ""Condition"": ""surgical infection prevention"", ""MeasureCode"": ""scip-card-2"", ""MeasureName"": ""surgery patients who were taking heart drugs called beta blockers before coming to the hospital who were kept on the beta blockers during the period just before and after their surgery"", ""Score"": ""95%"", ""Sample"": ""107 patients"", ""Stateavg"": ""al_scip-card-2"", ""count"": 2}

Take these rows as reference:

{""ProviderNumber"": ""10046"", ""HospitalName"": ""riverview regional medical center"", ""Address1"": ""600 south third street"", ""Address2"": ""empty"", ""Address3"": ""empty"", ""City"": ""gadsden"", ""State"": ""al"", ""ZipCode"": ""35901"", ""CountyName"": ""etowah"", ""PhoneNumber"": ""2565435200"", ""HospitalType"": ""acute care hospitals"", ""HospitalOwner"": ""proprietary"", ""EmergencyService"": ""yes"", ""Condition"": ""heart attack"", ""MeasureCode"": ""ami-3"", ""MeasureName"": ""heart attack patients given ace inhibitor or arb for left ventricular systolic dysfunction (lvsd)"", ""Score"": ""100%"", ""Sample"": ""25 patients"", ""Stateavg"": ""al_ami-3""}

{""ProviderNumber"": ""10046"", ""HospitalName"": ""riverview regional medical center"", ""Address1"": ""600 south third street"", ""Address2"": ""empty"", ""Address3"": ""empty"", ""City"": ""gadsden"", ""State"": ""al"", ""ZipCode"": ""35901"", ""CountyName"": ""etowah"", ""PhoneNumber"": ""2565435200"", ""HospitalType"": ""acute care hospitals"", ""HospitalOwner"": ""proprietary"", ""EmergencyService"": ""yes"", ""Condition"": ""heart attack"", ""MeasureCode"": ""ami-4"", ""MeasureName"": ""heart attack patients given smoking cessation advice/counseling"", ""Score"": ""100%"", ""Sample"": ""68 patients"", ""Stateavg"": ""al_ami-4""}

",,"{""State"": ""al""}","  {""State"": ""al""}"
480,"You are an expert in Cleaning Hospital Dataset. Given the dirty row Entity 1, you are required to correct the values of ZipCode in Entity 1.

Return in json format.

Output Format Example:

{""ZipCode"": """"}

Entity 1:

{""ProviderNumber"": ""10046"", ""HospitalName"": ""riverview regional medical center"", ""Address1"": ""600 south third street"", ""Address2"": ""empty"", ""Address3"": ""empty"", ""City"": ""gadsden"", ""State"": ""al"", ""ZipCode"": ""3590x"", ""CountyName"": ""etowah"", ""PhoneNumber"": ""2565435200"", ""HospitalType"": ""acute care hospitals"", ""HospitalOwner"": ""proprietary"", ""EmergencyService"": ""yes"", ""Condition"": ""surgical infection prevention"", ""MeasureCode"": ""scip-inf-1"", ""MeasureName"": ""surgery patients who were given an antibiotic at the right time (within one hour before surgery) to help prevent infection"", ""Score"": ""95%"", ""Sample"": ""402 patients"", ""Stateavg"": ""al_scip-inf-1"", ""count"": 1}

Take these rows as reference:

{""ProviderNumber"": ""10046"", ""HospitalName"": ""riverview regional medical center"", ""Address1"": ""600 south third street"", ""Address2"": ""empty"", ""Address3"": ""empty"", ""City"": ""gadsden"", ""State"": ""al"", ""ZipCode"": ""35901"", ""CountyName"": ""etowah"", ""PhoneNumber"": ""2565435200"", ""HospitalType"": ""acute care hospitals"", ""HospitalOwner"": ""proprietary"", ""EmergencyService"": ""yes"", ""Condition"": ""surgical infection prevention"", ""MeasureCode"": ""scip-inf-6"", ""MeasureName"": ""surgery patients needing hair removed from the surgical area before surgery who had hair removed using a safer method (electric clippers or hair removal cream c not a razor)"", ""Score"": ""100%"", ""Sample"": ""607 patients"", ""Stateavg"": ""al_scip-inf-6""}

{""ProviderNumber"": ""10046"", ""HospitalName"": ""riverview regional medical center"", ""Address1"": ""600 south third street"", ""Address2"": ""empty"", ""Address3"": ""empty"", ""City"": ""gadsden"", ""State"": ""al"", ""ZipCode"": ""35901"", ""CountyName"": ""etowxh"", ""PhoneNumber"": ""2565435200"", ""HospitalType"": ""acute care hospitals"", ""HospitalOwner"": ""proprietary"", ""EmergencyService"": ""yes"", ""Condition"": ""pneumonia"", ""MeasureCode"": ""pn-3b"", ""MeasureName"": ""pneumonia patients whose initial emergency room blood culture was performed prior to the administration of the first hospital dose of antibiotics"", ""Score"": ""97%"", ""Sample"": ""196 patients"", ""Stateavg"": ""al_pn-3b""}

",,"{""ZipCode"": ""35901""}","  {""ZipCode"": ""35901""}"
481,"You are an expert in Cleaning Hospital Dataset. Given the dirty row Entity 1, you are required to correct the values of HospitalType in Entity 1.

Return in json format.

Output Format Example:

{""HospitalType"": """"}

Entity 1:

{""ProviderNumber"": ""10046"", ""HospitalName"": ""riverview regional medical center"", ""Address1"": ""600 south third street"", ""Address2"": ""empty"", ""Address3"": ""empty"", ""City"": ""gadsden"", ""State"": ""al"", ""ZipCode"": ""35901"", ""CountyName"": ""etowah"", ""PhoneNumber"": ""2565435200"", ""HospitalType"": ""acuxe care hospixals"", ""HospitalOwner"": ""proprietary"", ""EmergencyService"": ""yes"", ""Condition"": ""surgical infection prevention"", ""MeasureCode"": ""scip-inf-4"", ""MeasureName"": ""all heart surgery patients whose blood sugar (blood glucose) is kept under good control in the days right after surgery"", ""Score"": ""76%"", ""Sample"": ""114 patients"", ""Stateavg"": ""al_scip-inf-4"", ""count"": 1}

Take these rows as reference:

{""ProviderNumber"": ""10046"", ""HospitalName"": ""riverview regional medical center"", ""Address1"": ""600 south third street"", ""Address2"": ""empty"", ""Address3"": ""empty"", ""City"": ""gadsden"", ""State"": ""al"", ""ZipCode"": ""35901"", ""CountyName"": ""etowah"", ""PhoneNumber"": ""2565435200"", ""HospitalType"": ""acute care hospitals"", ""HospitalOwner"": ""proprietary"", ""EmergencyService"": ""yes"", ""Condition"": ""heart attack"", ""MeasureCode"": ""ami-5"", ""MeasureName"": ""heart attack patients given beta blocker at discharge"", ""Score"": ""100%"", ""Sample"": ""125 patients"", ""Stateavg"": ""al_ami-5""}

{""ProviderNumber"": ""10046"", ""HospitalName"": ""riverview regional medical center"", ""Address1"": ""600 south third street"", ""Address2"": ""empty"", ""Address3"": ""empty"", ""City"": ""gadsden"", ""State"": ""al"", ""ZipCode"": ""35901"", ""CountyName"": ""etowxh"", ""PhoneNumber"": ""2565435200"", ""HospitalType"": ""acute care hospitals"", ""HospitalOwner"": ""proprietary"", ""EmergencyService"": ""yes"", ""Condition"": ""pneumonia"", ""MeasureCode"": ""pn-3b"", ""MeasureName"": ""pneumonia patients whose initial emergency room blood culture was performed prior to the administration of the first hospital dose of antibiotics"", ""Score"": ""97%"", ""Sample"": ""196 patients"", ""Stateavg"": ""al_pn-3b""}

",,"{""HospitalType"": ""acute care hospitals""}","  {""HospitalType"": ""acute care hospitals""}"
482,"You are an expert in Cleaning Hospital Dataset. Given the dirty row Entity 1, you are required to correct the values of MeasureCode in Entity 1.

Return in json format.

Output Format Example:

{""MeasureCode"": """"}

Entity 1:

{""ProviderNumber"": ""10047"", ""HospitalName"": ""georgiana hospital"", ""Address1"": ""515 miranda st"", ""Address2"": ""empty"", ""Address3"": ""empty"", ""City"": ""georgiana"", ""State"": ""al"", ""ZipCode"": ""36033"", ""CountyName"": ""butler"", ""PhoneNumber"": ""3343762205"", ""HospitalType"": ""acute care hospitals"", ""HospitalOwner"": ""voluntary non-profit - private"", ""EmergencyService"": ""no"", ""Condition"": ""heart attack"", ""MeasureCode"": ""amix1"", ""MeasureName"": ""heart attack patients given aspirin at arrival"", ""Score"": ""53%"", ""Sample"": ""19 patients"", ""Stateavg"": ""al_ami-1"", ""count"": 1}

Take these rows as reference:

{""ProviderNumber"": ""10047"", ""HospitalName"": ""georgiana hospital"", ""Address1"": ""515 miranda st"", ""Address2"": ""empty"", ""Address3"": ""empty"", ""City"": ""georgiana"", ""State"": ""al"", ""ZipCode"": ""36033"", ""CountyName"": ""butler"", ""PhoneNumber"": ""3343762205"", ""HospitalType"": ""acute care hospitals"", ""HospitalOwner"": ""voluntary non-profit - private"", ""EmergencyService"": ""no"", ""Condition"": ""heart failure"", ""MeasureCode"": ""hf-4"", ""MeasureName"": ""heart failure patients given smoking cessation advice/counseling"", ""Score"": ""75%"", ""Sample"": ""8 patients"", ""Stateavg"": ""al_hf-4""}

{""ProviderNumber"": ""10047"", ""HospitalName"": ""georgiana hospital"", ""Address1"": ""515 miranda st"", ""Address2"": ""empty"", ""Address3"": ""empty"", ""City"": ""georgiana"", ""State"": ""al"", ""ZipCode"": ""36033"", ""CountyName"": ""butler"", ""PhoneNumber"": ""3343762205"", ""HospitalType"": ""acute care hospitals"", ""HospitalOwner"": ""voluntary non-profit - private"", ""EmergencyService"": ""no"", ""Condition"": ""heart attack"", ""MeasureCode"": ""ami-2"", ""MeasureName"": ""heart attack patients given aspirin at discharge"", ""Score"": ""50%"", ""Sample"": ""16 patients"", ""Stateavg"": ""al_ami-2""}

",,"{""MeasureCode"": ""ami-1""}","  {""MeasureCode"": ""ami-1""}"
483,"You are an expert in Cleaning Hospital Dataset. Given the dirty row Entity 1, you are required to correct the values of ProviderNumber in Entity 1.

Return in json format.

Output Format Example:

{""ProviderNumber"": """"}

Entity 1:

{""ProviderNumber"": ""1xx47"", ""HospitalName"": ""georgiana hospital"", ""Address1"": ""515 miranda st"", ""Address2"": ""empty"", ""Address3"": ""empty"", ""City"": ""georgiana"", ""State"": ""al"", ""ZipCode"": ""36033"", ""CountyName"": ""butler"", ""PhoneNumber"": ""3343762205"", ""HospitalType"": ""acute care hospitals"", ""HospitalOwner"": ""voluntary non-profit - private"", ""EmergencyService"": ""no"", ""Condition"": ""heart attack"", ""MeasureCode"": ""ami-4"", ""MeasureName"": ""heart attack patients given smoking cessation advice/counseling"", ""Score"": ""33%"", ""Sample"": ""6 patients"", ""Stateavg"": ""al_ami-4"", ""count"": 1}

Take these rows as reference:

{""ProviderNumber"": ""10047"", ""HospitalName"": ""georgiana hospital"", ""Address1"": ""515 miranda st"", ""Address2"": ""empty"", ""Address3"": ""empty"", ""City"": ""georgiana"", ""State"": ""al"", ""ZipCode"": ""36033"", ""CountyName"": ""butler"", ""PhoneNumber"": ""3343762205"", ""HospitalType"": ""acute care hospitals"", ""HospitalOwner"": ""voluntary non-profit - private"", ""EmergencyService"": ""no"", ""Condition"": ""heart attack"", ""MeasureCode"": ""ami-2"", ""MeasureName"": ""heart attack patients given aspirin at discharge"", ""Score"": ""50%"", ""Sample"": ""16 patients"", ""Stateavg"": ""al_ami-2""}

{""ProviderNumber"": ""10047"", ""HospitalName"": ""georgiana hospital"", ""Address1"": ""515 miranda st"", ""Address2"": ""empty"", ""Address3"": ""empty"", ""City"": ""georgiana"", ""State"": ""al"", ""ZipCode"": ""36033"", ""CountyName"": ""butler"", ""PhoneNumber"": ""3343762205"", ""HospitalType"": ""acute care hospitals"", ""HospitalOwner"": ""voluntary non-profit - private"", ""EmergencyService"": ""no"", ""Condition"": ""surgical infection prevention"", ""MeasureCode"": ""scip-inf-3"", ""MeasureName"": ""surgery patients whose preventive antibiotics were stopped at the right time (within 24 hours after surgery)"", ""Score"": ""empty"", ""Sample"": ""empty"", ""Stateavg"": ""al_scip-inf-3""}

",,"{""ProviderNumber"": ""10047""}","  {""ProviderNumber"": ""10047""}"
484,"You are an expert in Cleaning Hospital Dataset. Given the dirty row Entity 1, you are required to correct the values of Address1 in Entity 1.

Return in json format.

Output Format Example:

{""Address1"": """"}

Entity 1:

{""ProviderNumber"": ""10047"", ""HospitalName"": ""georgiana hospital"", ""Address1"": ""515 miranda sx"", ""Address2"": ""empty"", ""Address3"": ""empty"", ""City"": ""georgiana"", ""State"": ""al"", ""ZipCode"": ""36033"", ""CountyName"": ""butler"", ""PhoneNumber"": ""3343762205"", ""HospitalType"": ""acute care hospitals"", ""HospitalOwner"": ""voluntary non-profit - private"", ""EmergencyService"": ""no"", ""Condition"": ""heart attack"", ""MeasureCode"": ""ami-5"", ""MeasureName"": ""heart attack patients given beta blocker at discharge"", ""Score"": ""60%"", ""Sample"": ""15 patients"", ""Stateavg"": ""al_ami-5"", ""count"": 1}

Take these rows as reference:

{""ProviderNumber"": ""10047"", ""HospitalName"": ""georgiana hospital"", ""Address1"": ""515 miranda st"", ""Address2"": ""empty"", ""Address3"": ""empty"", ""City"": ""geoxgiana"", ""State"": ""al"", ""ZipCode"": ""36033"", ""CountyName"": ""butler"", ""PhoneNumber"": ""3343762205"", ""HospitalType"": ""acute care hosxitals"", ""HospitalOwner"": ""voluntary non-profit - private"", ""EmergencyService"": ""no"", ""Condition"": ""surgical infection prevention"", ""MeasureCode"": ""scip-inf-2"", ""MeasureName"": ""surgery patients who were given the  right kind  of antibiotic to help prevent infection"", ""Score"": ""empty"", ""Sample"": ""empty"", ""Stateavg"": ""al_scip-inf-2""}

{""ProviderNumber"": ""10047"", ""HospitalName"": ""georgiana hospital"", ""Address1"": ""515 miranda st"", ""Address2"": ""empty"", ""Address3"": ""empty"", ""City"": ""georgiana"", ""State"": ""al"", ""ZipCode"": ""36033"", ""CountyName"": ""butler"", ""PhoneNumber"": ""3343762205"", ""HospitalType"": ""acute care hospitals"", ""HospitalOwner"": ""voluntary non-profit - private"", ""EmergencyService"": ""no"", ""Condition"": ""pneumonia"", ""MeasureCode"": ""pn-2"", ""MeasureName"": ""pneumonia patients assessed and given pneumococcal vaccination"", ""Score"": ""90%"", ""Sample"": ""39 patients"", ""Stateavg"": ""al_pn-2""}

",,"{""Address1"": ""515 miranda st""}","  {""Address1"": ""515 miranda st""}"
485,"You are an expert in Cleaning Hospital Dataset. Given the dirty row Entity 1, you are required to correct the values of Address1 in Entity 1.

Return in json format.

Output Format Example:

{""Address1"": """"}

Entity 1:

{""ProviderNumber"": ""10047"", ""HospitalName"": ""georgiana hospital"", ""Address1"": ""515 miranxa st"", ""Address2"": ""empty"", ""Address3"": ""empty"", ""City"": ""georgiana"", ""State"": ""al"", ""ZipCode"": ""36033"", ""CountyName"": ""butler"", ""PhoneNumber"": ""3343762205"", ""HospitalType"": ""acute care hospitals"", ""HospitalOwner"": ""voluntary non-profit - private"", ""EmergencyService"": ""no"", ""Condition"": ""heart attack"", ""MeasureCode"": ""ami-7a"", ""MeasureName"": ""heart attack patients given fibrinolytic medication within 30 minutes of arrival"", ""Score"": ""empty"", ""Sample"": ""0 patients"", ""Stateavg"": ""al_ami-7a"", ""count"": 1}

Take these rows as reference:

{""ProviderNumber"": ""10047"", ""HospitalName"": ""georgiana hospital"", ""Address1"": ""515 miranda st"", ""Address2"": ""empty"", ""Address3"": ""empty"", ""City"": ""geoxgiana"", ""State"": ""al"", ""ZipCode"": ""36033"", ""CountyName"": ""butler"", ""PhoneNumber"": ""3343762205"", ""HospitalType"": ""acute care hosxitals"", ""HospitalOwner"": ""voluntary non-profit - private"", ""EmergencyService"": ""no"", ""Condition"": ""surgical infection prevention"", ""MeasureCode"": ""scip-inf-2"", ""MeasureName"": ""surgery patients who were given the  right kind  of antibiotic to help prevent infection"", ""Score"": ""empty"", ""Sample"": ""empty"", ""Stateavg"": ""al_scip-inf-2""}

{""ProviderNumber"": ""10047"", ""HospitalName"": ""georgiana hospital"", ""Address1"": ""515 miranda st"", ""Address2"": ""empty"", ""Address3"": ""empty"", ""City"": ""georgiana"", ""State"": ""al"", ""ZipCode"": ""36033"", ""CountyName"": ""butler"", ""PhoneNumber"": ""3343762205"", ""HospitalType"": ""acute care hospitals"", ""HospitalOwner"": ""voluntary non-profit - private"", ""EmergencyService"": ""no"", ""Condition"": ""pneumonia"", ""MeasureCode"": ""pn-7"", ""MeasureName"": ""pneumonia patients assessed and given influenza vaccination"", ""Score"": ""65%"", ""Sample"": ""31 patients"", ""Stateavg"": ""al_pn-7""}

",,"{""Address1"": ""515 miranda st""}","  {""Address1"": ""515 miranda st""}"
486,"You are an expert in Cleaning Hospital Dataset. Given the dirty row Entity 1, you are required to correct the values of HospitalName in Entity 1.

Return in json format.

Output Format Example:

{""HospitalName"": """"}

Entity 1:

{""ProviderNumber"": ""10047"", ""HospitalName"": ""georgiaxa hospital"", ""Address1"": ""515 miranda st"", ""Address2"": ""empty"", ""Address3"": ""empty"", ""City"": ""georgiana"", ""State"": ""al"", ""ZipCode"": ""36033"", ""CountyName"": ""butler"", ""PhoneNumber"": ""3343762205"", ""HospitalType"": ""acute care hospitals"", ""HospitalOwner"": ""voluntary non-profit - private"", ""EmergencyService"": ""no"", ""Condition"": ""heart failure"", ""MeasureCode"": ""hf-2"", ""MeasureName"": ""heart failure patients given an evaluation of left ventricular systolic (lvs) function"", ""Score"": ""63%"", ""Sample"": ""59 patients"", ""Stateavg"": ""al_hf-2"", ""count"": 1}

Take these rows as reference:

{""ProviderNumber"": ""10047"", ""HospitalName"": ""georgiana hospital"", ""Address1"": ""515 miranda st"", ""Address2"": ""empty"", ""Address3"": ""empty"", ""City"": ""georgiana"", ""State"": ""al"", ""ZipCode"": ""36033"", ""CountyName"": ""butler"", ""PhoneNumber"": ""3343762205"", ""HospitalType"": ""acute care hospitals"", ""HospitalOwner"": ""voluntary non-profit - private"", ""EmergencyService"": ""no"", ""Condition"": ""surgical infection prevention"", ""MeasureCode"": ""scip-inf-3"", ""MeasureName"": ""surgery patients whose preventive antibiotics were stopped at the right time (within 24 hours after surgery)"", ""Score"": ""empty"", ""Sample"": ""empty"", ""Stateavg"": ""al_scip-inf-3""}

{""ProviderNumber"": ""10047"", ""HospitalName"": ""georgiana hospital"", ""Address1"": ""515 miranda st"", ""Address2"": ""empty"", ""Address3"": ""empty"", ""City"": ""georgiana"", ""State"": ""al"", ""ZipCode"": ""36033"", ""CountyName"": ""butler"", ""PhoneNumber"": ""3343762205"", ""HospitalType"": ""acute care hospitals"", ""HospitalOwner"": ""voluntary non-profit - private"", ""EmergencyService"": ""no"", ""Condition"": ""surgical infection prevention"", ""MeasureCode"": ""scip-inf-4"", ""MeasureName"": ""all heart surgery patients whose blood sugar (blood glucose) is kept under good control in the days right after surgery"", ""Score"": ""empty"", ""Sample"": ""empty"", ""Stateavg"": ""al_scip-inf-4""}

",,"{""HospitalName"": ""georgiana hospital""}","  {""HospitalName"": ""georgiana hospital""}"
487,"You are an expert in Cleaning Hospital Dataset. Given the dirty row Entity 1, you are required to correct the values of CountyName in Entity 1.

Return in json format.

Output Format Example:

{""CountyName"": """"}

Entity 1:

{""ProviderNumber"": ""10047"", ""HospitalName"": ""georgiana hospital"", ""Address1"": ""515 miranda st"", ""Address2"": ""empty"", ""Address3"": ""empty"", ""City"": ""georgiana"", ""State"": ""al"", ""ZipCode"": ""36033"", ""CountyName"": ""butxer"", ""PhoneNumber"": ""3343762205"", ""HospitalType"": ""acute care hospitals"", ""HospitalOwner"": ""voluntary non-profit - private"", ""EmergencyService"": ""no"", ""Condition"": ""pneumonia"", ""MeasureCode"": ""pn-4"", ""MeasureName"": ""pneumonia patients given smoking cessation advice/counseling"", ""Score"": ""80%"", ""Sample"": ""5 patients"", ""Stateavg"": ""al_pn-4"", ""count"": 1}

Take these rows as reference:

{""ProviderNumber"": ""10047"", ""HospitalName"": ""georgiana hospital"", ""Address1"": ""515 miranda st"", ""Address2"": ""empty"", ""Address3"": ""empty"", ""City"": ""geoxgiana"", ""State"": ""al"", ""ZipCode"": ""36033"", ""CountyName"": ""butler"", ""PhoneNumber"": ""3343762205"", ""HospitalType"": ""acute care hosxitals"", ""HospitalOwner"": ""voluntary non-profit - private"", ""EmergencyService"": ""no"", ""Condition"": ""surgical infection prevention"", ""MeasureCode"": ""scip-inf-2"", ""MeasureName"": ""surgery patients who were given the  right kind  of antibiotic to help prevent infection"", ""Score"": ""empty"", ""Sample"": ""empty"", ""Stateavg"": ""al_scip-inf-2""}

{""ProviderNumber"": ""10047"", ""HospitalName"": ""georgiana hospital"", ""Address1"": ""515 miranda st"", ""Address2"": ""empty"", ""Address3"": ""empty"", ""City"": ""georgiana"", ""State"": ""al"", ""ZipCode"": ""36033"", ""CountyName"": ""butler"", ""PhoneNumber"": ""3343762205"", ""HospitalType"": ""acute care hospitals"", ""HospitalOwner"": ""voluntary non-profit - private"", ""EmergencyService"": ""no"", ""Condition"": ""heart failure"", ""MeasureCode"": ""hf-4"", ""MeasureName"": ""heart failure patients given smoking cessation advice/counseling"", ""Score"": ""75%"", ""Sample"": ""8 patients"", ""Stateavg"": ""al_hf-4""}

",,"{""CountyName"": ""butler""}","  {""CountyName"": ""butler""}"
488,"You are an expert in Cleaning Hospital Dataset. Given the dirty row Entity 1, you are required to correct the values of Address1 in Entity 1.

Return in json format.

Output Format Example:

{""Address1"": """"}

Entity 1:

{""ProviderNumber"": ""10047"", ""HospitalName"": ""georgiana hospital"", ""Address1"": ""515 mirxndx st"", ""Address2"": ""empty"", ""Address3"": ""empty"", ""City"": ""georgiana"", ""State"": ""al"", ""ZipCode"": ""36033"", ""CountyName"": ""butler"", ""PhoneNumber"": ""3343762205"", ""HospitalType"": ""acute care hospitals"", ""HospitalOwner"": ""voluntary non-profit - private"", ""EmergencyService"": ""no"", ""Condition"": ""pneumonia"", ""MeasureCode"": ""pn-6"", ""MeasureName"": ""pneumonia patients given the most appropriate initial antibiotic(s)"", ""Score"": ""50%"", ""Sample"": ""30 patients"", ""Stateavg"": ""al_pn-6"", ""count"": 1}

Take these rows as reference:

{""ProviderNumber"": ""10047"", ""HospitalName"": ""georgiana hospital"", ""Address1"": ""515 miranda st"", ""Address2"": ""empty"", ""Address3"": ""empty"", ""City"": ""georgiana"", ""State"": ""al"", ""ZipCode"": ""36033"", ""CountyName"": ""butler"", ""PhoneNumber"": ""3343762205"", ""HospitalType"": ""acute care hospitals"", ""HospitalOwner"": ""voluntary non-profit - private"", ""EmergencyService"": ""no"", ""Condition"": ""heart attack"", ""MeasureCode"": ""amix1"", ""MeasureName"": ""heart attack patients given aspirin at arrival"", ""Score"": ""53%"", ""Sample"": ""19 patients"", ""Stateavg"": ""al_ami-1""}

{""ProviderNumber"": ""10047"", ""HospitalName"": ""georgiana hospital"", ""Address1"": ""515 miranda st"", ""Address2"": ""empty"", ""Address3"": ""empty"", ""City"": ""georgiana"", ""State"": ""al"", ""ZipCode"": ""36033"", ""CountyName"": ""butler"", ""PhoneNumber"": ""3343762205"", ""HospitalType"": ""acute care hospitals"", ""HospitalOwner"": ""voluntary non-profit - private"", ""EmergencyService"": ""no"", ""Condition"": ""heart failure"", ""MeasureCode"": ""hf-4"", ""MeasureName"": ""heart failure patients given smoking cessation advice/counseling"", ""Score"": ""75%"", ""Sample"": ""8 patients"", ""Stateavg"": ""al_hf-4""}

",,"{""Address1"": ""515 miranda st""}","  {""Address1"": ""515 miranda st""}"
489,"You are an expert in Cleaning Hospital Dataset. Given the dirty row Entity 1, you are required to correct the values of City in Entity 1.

Return in json format.

Output Format Example:

{""City"": """"}

Entity 1:

{""ProviderNumber"": ""10047"", ""HospitalName"": ""georgiana hospital"", ""Address1"": ""515 miranda st"", ""Address2"": ""empty"", ""Address3"": ""empty"", ""City"": ""geoxgiana"", ""State"": ""al"", ""ZipCode"": ""36033"", ""CountyName"": ""butler"", ""PhoneNumber"": ""3343762205"", ""HospitalType"": ""acute care hosxitals"", ""HospitalOwner"": ""voluntary non-profit - private"", ""EmergencyService"": ""no"", ""Condition"": ""surgical infection prevention"", ""MeasureCode"": ""scip-inf-2"", ""MeasureName"": ""surgery patients who were given the  right kind  of antibiotic to help prevent infection"", ""Score"": ""empty"", ""Sample"": ""empty"", ""Stateavg"": ""al_scip-inf-2"", ""count"": 2}

Take these rows as reference:

{""ProviderNumber"": ""10047"", ""HospitalName"": ""georgiana hospital"", ""Address1"": ""515 miranda st"", ""Address2"": ""empty"", ""Address3"": ""empty"", ""City"": ""georgiana"", ""State"": ""al"", ""ZipCode"": ""36033"", ""CountyName"": ""butler"", ""PhoneNumber"": ""3343762205"", ""HospitalType"": ""acute care hospitals"", ""HospitalOwner"": ""voluntary non-profit - private"", ""EmergencyService"": ""no"", ""Condition"": ""surgical infection prevention"", ""MeasureCode"": ""scip-card-2"", ""MeasureName"": ""surgery patients who were taking heart drugs called beta blockers before coming to the hospital who were kept on the beta blockers during the period just before and after their surgery"", ""Score"": ""empty"", ""Sample"": ""empty"", ""Stateavg"": ""al_scip-card-2""}

{""ProviderNumber"": ""10047"", ""HospitalName"": ""georgiana hospital"", ""Address1"": ""515 miranda st"", ""Address2"": ""empty"", ""Address3"": ""empty"", ""City"": ""georgiana"", ""State"": ""al"", ""ZipCode"": ""36033"", ""CountyName"": ""butler"", ""PhoneNumber"": ""3343762205"", ""HospitalType"": ""acute care hospitals"", ""HospitalOwner"": ""voluntary non-profit - private"", ""EmergencyService"": ""no"", ""Condition"": ""surgical infection prevention"", ""MeasureCode"": ""scip-inf-6"", ""MeasureName"": ""surgery patients needing hair removed from the surgical area before surgery who had hair removed using a safer method (electric clippers or hair removal cream c not a razor)"", ""Score"": ""empty"", ""Sample"": ""empty"", ""Stateavg"": ""al_scip-inf-6""}

",,"{""City"": ""georgiana""}","  {""City"": ""georgiana""}"
490,"You are an expert in Cleaning Hospital Dataset. Given the dirty row Entity 1, you are required to correct the values of HospitalType in Entity 1.

Return in json format.

Output Format Example:

{""HospitalType"": """"}

Entity 1:

{""ProviderNumber"": ""10047"", ""HospitalName"": ""georgiana hospital"", ""Address1"": ""515 miranda st"", ""Address2"": ""empty"", ""Address3"": ""empty"", ""City"": ""geoxgiana"", ""State"": ""al"", ""ZipCode"": ""36033"", ""CountyName"": ""butler"", ""PhoneNumber"": ""3343762205"", ""HospitalType"": ""acute care hosxitals"", ""HospitalOwner"": ""voluntary non-profit - private"", ""EmergencyService"": ""no"", ""Condition"": ""surgical infection prevention"", ""MeasureCode"": ""scip-inf-2"", ""MeasureName"": ""surgery patients who were given the  right kind  of antibiotic to help prevent infection"", ""Score"": ""empty"", ""Sample"": ""empty"", ""Stateavg"": ""al_scip-inf-2"", ""count"": 2}

Take these rows as reference:

{""ProviderNumber"": ""10047"", ""HospitalName"": ""georgiana hospital"", ""Address1"": ""515 miranda st"", ""Address2"": ""empty"", ""Address3"": ""empty"", ""City"": ""georgiana"", ""State"": ""al"", ""ZipCode"": ""36033"", ""CountyName"": ""butler"", ""PhoneNumber"": ""3343762205"", ""HospitalType"": ""acute care hospitals"", ""HospitalOwner"": ""voluntary non-profit - private"", ""EmergencyService"": ""no"", ""Condition"": ""heart attack"", ""MeasureCode"": ""ami-8a"", ""MeasureName"": ""heart attack patients given pci within 90 minutes of arrival"", ""Score"": ""empty"", ""Sample"": ""0 patients"", ""Stateavg"": ""al_ami-8a""}

{""ProviderNumber"": ""10047"", ""HospitalName"": ""georgiana hospital"", ""Address1"": ""515 miranda st"", ""Address2"": ""empty"", ""Address3"": ""empty"", ""City"": ""georgiana"", ""State"": ""al"", ""ZipCode"": ""36033"", ""CountyName"": ""butler"", ""PhoneNumber"": ""3343762205"", ""HospitalType"": ""acute care hospitals"", ""HospitalOwner"": ""voluntary non-profit - private"", ""EmergencyService"": ""no"", ""Condition"": ""heart failure"", ""MeasureCode"": ""hf-4"", ""MeasureName"": ""heart failure patients given smoking cessation advice/counseling"", ""Score"": ""75%"", ""Sample"": ""8 patients"", ""Stateavg"": ""al_hf-4""}

",,"{""HospitalType"": ""acute care hospitals""}","  {""HospitalType"": ""acute care hospitals""}"
491,"You are an expert in Cleaning Hospital Dataset. Given the dirty row Entity 1, you are required to correct the values of ProviderNumber in Entity 1.

Return in json format.

Output Format Example:

{""ProviderNumber"": """"}

Entity 1:

{""ProviderNumber"": ""1004x"", ""HospitalName"": ""medical center enterprise"", ""Address1"": ""400 n edwards street"", ""Address2"": ""empty"", ""Address3"": ""empty"", ""City"": ""enterprise"", ""State"": ""al"", ""ZipCode"": ""36330"", ""CountyName"": ""coffee"", ""PhoneNumber"": ""3343470584"", ""HospitalType"": ""acute care hospitals"", ""HospitalOwner"": ""proprietary"", ""EmergencyService"": ""yes"", ""Condition"": ""hexrt attxck"", ""MeasureCode"": ""ami-1"", ""MeasureName"": ""heart attack patients given aspirin at arrival"", ""Score"": ""100%"", ""Sample"": ""4 patients"", ""Stateavg"": ""al_ami-1"", ""count"": 2}

Take these rows as reference:

{""ProviderNumber"": ""10049"", ""HospitalName"": ""medical center enterprise"", ""Address1"": ""400 n edwards street"", ""Address2"": ""empty"", ""Address3"": ""empty"", ""City"": ""enterprise"", ""State"": ""al"", ""ZipCode"": ""36330"", ""CountyName"": ""coffee"", ""PhoneNumber"": ""3343470584"", ""HospitalType"": ""acute care hospitals"", ""HospitalOwner"": ""proprietary"", ""EmergencyService"": ""yes"", ""Condition"": ""surgical xnfection prevention"", ""MeasureCode"": ""scip-inf-2"", ""MeasureName"": ""surgery patients who were given the  right kind  of antibiotic to help prevent infection"", ""Score"": ""100%"", ""Sample"": ""399 patients"", ""Stateavg"": ""al_scip-inf-2""}

{""ProviderNumber"": ""10049"", ""HospitalName"": ""medical center enterprise"", ""Address1"": ""400 n edwards street"", ""Address2"": ""empty"", ""Address3"": ""empty"", ""City"": ""enterprise"", ""State"": ""al"", ""ZipCode"": ""36330"", ""CountyName"": ""coffee"", ""PhoneNumber"": ""3343470584"", ""HospitalType"": ""acutexcarexhospitals"", ""HospitalOwner"": ""proprietary"", ""EmergencyService"": ""yes"", ""Condition"": ""surgical infection prevention"", ""MeasureCode"": ""scip-inf-4"", ""MeasureName"": ""all heart surgery patients whose blood sugar (blood glucose) is kept under good control in the days right after surgery"", ""Score"": ""empty"", ""Sample"": ""0 patients"", ""Stateavg"": ""al_scip-inf-4""}

",,"{""ProviderNumber"": ""10049""}","  {""ProviderNumber"": ""10049""}"
492,"You are an expert in Cleaning Hospital Dataset. Given the dirty row Entity 1, you are required to correct the values of Condition in Entity 1.

Return in json format.

Output Format Example:

{""Condition"": """"}

Entity 1:

{""ProviderNumber"": ""1004x"", ""HospitalName"": ""medical center enterprise"", ""Address1"": ""400 n edwards street"", ""Address2"": ""empty"", ""Address3"": ""empty"", ""City"": ""enterprise"", ""State"": ""al"", ""ZipCode"": ""36330"", ""CountyName"": ""coffee"", ""PhoneNumber"": ""3343470584"", ""HospitalType"": ""acute care hospitals"", ""HospitalOwner"": ""proprietary"", ""EmergencyService"": ""yes"", ""Condition"": ""hexrt attxck"", ""MeasureCode"": ""ami-1"", ""MeasureName"": ""heart attack patients given aspirin at arrival"", ""Score"": ""100%"", ""Sample"": ""4 patients"", ""Stateavg"": ""al_ami-1"", ""count"": 2}

Take these rows as reference:

{""ProviderNumber"": ""10049"", ""HospitalName"": ""medical center enterprise"", ""Address1"": ""400 n edwards street"", ""Address2"": ""empty"", ""Address3"": ""empty"", ""City"": ""enterprise"", ""State"": ""al"", ""ZipCode"": ""36330"", ""CountyName"": ""coffee"", ""PhoneNumber"": ""3343470584"", ""HospitalType"": ""acute care hospitals"", ""HospitalOwner"": ""proprietary"", ""EmergencyService"": ""yes"", ""Condition"": ""surgical infection prevention"", ""MeasureCode"": ""scip-card-2"", ""MeasureName"": ""surgery patients who were taking heart drugs called beta blockers before coming to the hospital who were kept on the beta blockers during the period just before and after their surgery"", ""Score"": ""100%"", ""Sample"": ""27 paxienxs"", ""Stateavg"": ""al_scip-card-2""}

{""ProviderNumber"": ""10049"", ""HospitalName"": ""medical center enterprise"", ""Address1"": ""400 n edwards street"", ""Address2"": ""empty"", ""Address3"": ""empty"", ""City"": ""enterprise"", ""State"": ""al"", ""ZipCode"": ""36330"", ""CountyName"": ""coffee"", ""PhoneNumber"": ""3343470584"", ""HospitalType"": ""acute care hospitals"", ""HospitalOwner"": ""proprietary"", ""EmergencyService"": ""yes"", ""Condition"": ""heart attack"", ""MeasureCode"": ""ami-4"", ""MeasureName"": ""heart attack patients given smoking cessation advice/counseling"", ""Score"": ""empty"", ""Sample"": ""0 patients"", ""Stateavg"": ""al_ami-4""}

",,"{""Condition"": ""heart attack""}","  {""Condition"": ""heart attack""}"
493,"You are an expert in Cleaning Hospital Dataset. Given the dirty row Entity 1, you are required to correct the values of HospitalName in Entity 1.

Return in json format.

Output Format Example:

{""HospitalName"": """"}

Entity 1:

{""ProviderNumber"": ""10049"", ""HospitalName"": ""medixal xenter enterprise"", ""Address1"": ""400xnxedwardsxstreet"", ""Address2"": ""empty"", ""Address3"": ""empty"", ""City"": ""enterprise"", ""State"": ""al"", ""ZipCode"": ""36330"", ""CountyName"": ""coffee"", ""PhoneNumber"": ""3343470584"", ""HospitalType"": ""acute xare hospitals"", ""HospitalOwner"": ""proprietary"", ""EmergencyService"": ""yes"", ""Condition"": ""heart attack"", ""MeasureCode"": ""ami-2"", ""MeasureName"": ""heart attack patients given aspirin at discharge"", ""Score"": ""100%"", ""Sample"": ""1 patients"", ""Stateavg"": ""al_ami-2"", ""count"": 3}

Take these rows as reference:

{""ProviderNumber"": ""10049"", ""HospitalName"": ""medical center enterprise"", ""Address1"": ""400 n edwards street"", ""Address2"": ""empty"", ""Address3"": ""empty"", ""City"": ""enterprise"", ""State"": ""al"", ""ZipCode"": ""36330"", ""CountyName"": ""coffee"", ""PhoneNumber"": ""3343470584"", ""HospitalType"": ""acute care hospitals"", ""HospitalOwner"": ""proprietary"", ""EmergencyService"": ""yes"", ""Condition"": ""heart attack"", ""MeasureCode"": ""ami-4"", ""MeasureName"": ""heart attack patients given smoking cessation advice/counseling"", ""Score"": ""empty"", ""Sample"": ""0 patients"", ""Stateavg"": ""al_ami-4""}

{""ProviderNumber"": ""10049"", ""HospitalName"": ""medical center enterprise"", ""Address1"": ""400 n edwards street"", ""Address2"": ""empty"", ""Address3"": ""empty"", ""City"": ""enterprise"", ""State"": ""al"", ""ZipCode"": ""36330"", ""CountyName"": ""coffee"", ""PhoneNumber"": ""3343470584"", ""HospitalType"": ""acute care hospitals"", ""HospitalOwner"": ""proprietary"", ""EmergencyService"": ""yes"", ""Condition"": ""pneumonia"", ""MeasureCode"": ""pn-6"", ""MeasureName"": ""pneumonia patients given the most appropriate initial antibiotic(s)"", ""Score"": ""99%"", ""Sample"": ""67 patients"", ""Stateavg"": ""al_pn-6""}

",,"{""HospitalName"": ""medical center enterprise""}","  {""HospitalName"": ""medical center enterprise""}"
494,"You are an expert in Cleaning Hospital Dataset. Given the dirty row Entity 1, you are required to correct the values of Address1 in Entity 1.

Return in json format.

Output Format Example:

{""Address1"": """"}

Entity 1:

{""ProviderNumber"": ""10049"", ""HospitalName"": ""medixal xenter enterprise"", ""Address1"": ""400xnxedwardsxstreet"", ""Address2"": ""empty"", ""Address3"": ""empty"", ""City"": ""enterprise"", ""State"": ""al"", ""ZipCode"": ""36330"", ""CountyName"": ""coffee"", ""PhoneNumber"": ""3343470584"", ""HospitalType"": ""acute xare hospitals"", ""HospitalOwner"": ""proprietary"", ""EmergencyService"": ""yes"", ""Condition"": ""heart attack"", ""MeasureCode"": ""ami-2"", ""MeasureName"": ""heart attack patients given aspirin at discharge"", ""Score"": ""100%"", ""Sample"": ""1 patients"", ""Stateavg"": ""al_ami-2"", ""count"": 3}

Take these rows as reference:

{""ProviderNumber"": ""10049"", ""HospitalName"": ""medical center enterprise"", ""Address1"": ""400 n edwards street"", ""Address2"": ""empty"", ""Address3"": ""empty"", ""City"": ""enterprise"", ""State"": ""al"", ""ZipCode"": ""36330"", ""CountyName"": ""coffee"", ""PhoneNumber"": ""3343470584"", ""HospitalType"": ""acute care hospitals"", ""HospitalOwner"": ""proprietary"", ""EmergencyService"": ""yes"", ""Condition"": ""pneumonia"", ""MeasureCode"": ""pn-5c"", ""MeasureName"": ""pneumonia patients given initial antibiotic(s) within 6 hours after arrival"", ""Score"": ""99%"", ""Sample"": ""85 patients"", ""Stateavg"": ""al_pn-5c""}

{""ProviderNumber"": ""10049"", ""HospitalName"": ""medical center enterprise"", ""Address1"": ""400 n edwards street"", ""Address2"": ""empty"", ""Address3"": ""empty"", ""City"": ""enterprise"", ""State"": ""al"", ""ZipCode"": ""36330"", ""CountyName"": ""coffee"", ""PhoneNumber"": ""3343470584"", ""HospitalType"": ""acute care hospitals"", ""HospitalOwner"": ""proprietary"", ""EmergencyService"": ""yes"", ""Condition"": ""heart attack"", ""MeasureCode"": ""ami-4"", ""MeasureName"": ""heart attack patients given smoking cessation advice/counseling"", ""Score"": ""empty"", ""Sample"": ""0 patients"", ""Stateavg"": ""al_ami-4""}

",,"{""Address1"": ""400 n edwards street""}","  {""Address1"": ""400 n edwards street""}"
495,"You are an expert in Cleaning Hospital Dataset. Given the dirty row Entity 1, you are required to correct the values of HospitalType in Entity 1.

Return in json format.

Output Format Example:

{""HospitalType"": """"}

Entity 1:

{""ProviderNumber"": ""10049"", ""HospitalName"": ""medixal xenter enterprise"", ""Address1"": ""400xnxedwardsxstreet"", ""Address2"": ""empty"", ""Address3"": ""empty"", ""City"": ""enterprise"", ""State"": ""al"", ""ZipCode"": ""36330"", ""CountyName"": ""coffee"", ""PhoneNumber"": ""3343470584"", ""HospitalType"": ""acute xare hospitals"", ""HospitalOwner"": ""proprietary"", ""EmergencyService"": ""yes"", ""Condition"": ""heart attack"", ""MeasureCode"": ""ami-2"", ""MeasureName"": ""heart attack patients given aspirin at discharge"", ""Score"": ""100%"", ""Sample"": ""1 patients"", ""Stateavg"": ""al_ami-2"", ""count"": 3}

Take these rows as reference:

{""ProviderNumber"": ""10049"", ""HospitalName"": ""medixal xenter enterprise"", ""Address1"": ""400xnxedwardsxstreet"", ""Address2"": ""empty"", ""Address3"": ""empty"", ""City"": ""enterprise"", ""State"": ""al"", ""ZipCode"": ""36330"", ""CountyName"": ""coffee"", ""PhoneNumber"": ""3343470584"", ""HospitalType"": ""acute xare hospitals"", ""HospitalOwner"": ""proprietary"", ""EmergencyService"": ""yes"", ""Condition"": ""heart attack"", ""MeasureCode"": ""ami-2"", ""MeasureName"": ""heart attack patients given aspirin at discharge"", ""Score"": ""100%"", ""Sample"": ""1 patients"", ""Stateavg"": ""al_ami-2""}

{""ProviderNumber"": ""10049"", ""HospitalName"": ""medical center enterprise"", ""Address1"": ""400 n edwards street"", ""Address2"": ""empty"", ""Address3"": ""empty"", ""City"": ""enterprise"", ""State"": ""al"", ""ZipCode"": ""36330"", ""CountyName"": ""coffee"", ""PhoneNumber"": ""3343470584"", ""HospitalType"": ""acute care hospitals"", ""HospitalOwner"": ""proprietary"", ""EmergencyService"": ""yes"", ""Condition"": ""heart attack"", ""MeasureCode"": ""ami-4"", ""MeasureName"": ""heart attack patients given smoking cessation advice/counseling"", ""Score"": ""empty"", ""Sample"": ""0 patients"", ""Stateavg"": ""al_ami-4""}

",,"{""HospitalType"": ""acute care hospitals""}","  {""HospitalType"": ""acute care hospitals""}"
496,"You are an expert in Cleaning Hospital Dataset. Given the dirty row Entity 1, you are required to correct the values of City in Entity 1.

Return in json format.

Output Format Example:

{""City"": """"}

Entity 1:

{""ProviderNumber"": ""10049"", ""HospitalName"": ""medical center enterprise"", ""Address1"": ""400 n edwards street"", ""Address2"": ""empty"", ""Address3"": ""empty"", ""City"": ""enterprxse"", ""State"": ""al"", ""ZipCode"": ""36330"", ""CountyName"": ""coffee"", ""PhoneNumber"": ""3343470584"", ""HospitalType"": ""acute care hospitals"", ""HospitalOwner"": ""proprietary"", ""EmergencyService"": ""yes"", ""Condition"": ""heart attack"", ""MeasureCode"": ""ami-7a"", ""MeasureName"": ""heart attack patients given fibrinolytic medication within 30 minutes of arrival"", ""Score"": ""empty"", ""Sample"": ""0 patients"", ""Stateavg"": ""al_ami-7a"", ""count"": 1}

Take these rows as reference:

{""ProviderNumber"": ""10049"", ""HospitalName"": ""medical center enterprise"", ""Address1"": ""400 n edwards street"", ""Address2"": ""empty"", ""Address3"": ""empty"", ""City"": ""enterprise"", ""State"": ""al"", ""ZipCode"": ""36330"", ""CountyName"": ""coffee"", ""PhoneNumber"": ""3343470584"", ""HospitalType"": ""acute care hospitals"", ""HospitalOwner"": ""proprietary"", ""EmergencyService"": ""yes"", ""Condition"": ""heart attack"", ""MeasureCode"": ""ami-3"", ""MeasureName"": ""heart attack patients given ace inhibitor or arb for left ventricular systolic dysfunction (lvsd)"", ""Score"": ""empty"", ""Sample"": ""0 patients"", ""Stateavg"": ""al_ami-3""}

{""ProviderNumber"": ""10049"", ""HospitalName"": ""medical center enterprise"", ""Address1"": ""400 n edwards street"", ""Address2"": ""empty"", ""Address3"": ""empty"", ""City"": ""enterprise"", ""State"": ""al"", ""ZipCode"": ""36330"", ""CountyName"": ""coffee"", ""PhoneNumber"": ""3343470584"", ""HospitalType"": ""acutexcarexhospitals"", ""HospitalOwner"": ""proprietary"", ""EmergencyService"": ""yes"", ""Condition"": ""heart failure"", ""MeasureCode"": ""hf-3"", ""MeasureName"": ""heart failure patients given ace inhibitor or arb for left ventricular systolic dysfunction (lvsd)"", ""Score"": ""100%"", ""Sample"": ""34 patients"", ""Stateavg"": ""al_hf-3""}

",,"{""City"": ""enterprise""}","  {""City"": ""enterprise""}"
497,"You are an expert in Cleaning Hospital Dataset. Given the dirty row Entity 1, you are required to correct the values of HospitalName in Entity 1.

Return in json format.

Output Format Example:

{""HospitalName"": """"}

Entity 1:

{""ProviderNumber"": ""10049"", ""HospitalName"": ""medxcal center enterprxse"", ""Address1"": ""400 n edwards street"", ""Address2"": ""empty"", ""Address3"": ""empty"", ""City"": ""enterprise"", ""State"": ""al"", ""ZipCode"": ""36330"", ""CountyName"": ""coffee"", ""PhoneNumber"": ""3343470584"", ""HospitalType"": ""acute care hospitals"", ""HospitalOwner"": ""proprietary"", ""EmergencyService"": ""yes"", ""Condition"": ""heart failure"", ""MeasureCode"": ""hf-1"", ""MeasureName"": ""heart failure patients given discharge instructions"", ""Score"": ""96%"", ""Sample"": ""70 patients"", ""Stateavg"": ""al_hf-1"", ""count"": 1}

Take these rows as reference:

{""ProviderNumber"": ""10049"", ""HospitalName"": ""medical center enterprise"", ""Address1"": ""400 n edwards street"", ""Address2"": ""empty"", ""Address3"": ""empty"", ""City"": ""enterprise"", ""State"": ""al"", ""ZipCode"": ""36330"", ""CountyName"": ""coffee"", ""PhoneNumber"": ""3343470584"", ""HospitalType"": ""acute care hospitals"", ""HospitalOwner"": ""proprietary"", ""EmergencyService"": ""yes"", ""Condition"": ""pneumonia"", ""MeasureCode"": ""pn-5c"", ""MeasureName"": ""pneumonia patients given initial antibiotic(s) within 6 hours after arrival"", ""Score"": ""99%"", ""Sample"": ""85 patients"", ""Stateavg"": ""al_pn-5c""}

{""ProviderNumber"": ""10049"", ""HospitalName"": ""medixal xenter enterprise"", ""Address1"": ""400xnxedwardsxstreet"", ""Address2"": ""empty"", ""Address3"": ""empty"", ""City"": ""enterprise"", ""State"": ""al"", ""ZipCode"": ""36330"", ""CountyName"": ""coffee"", ""PhoneNumber"": ""3343470584"", ""HospitalType"": ""acute xare hospitals"", ""HospitalOwner"": ""proprietary"", ""EmergencyService"": ""yes"", ""Condition"": ""heart attack"", ""MeasureCode"": ""ami-2"", ""MeasureName"": ""heart attack patients given aspirin at discharge"", ""Score"": ""100%"", ""Sample"": ""1 patients"", ""Stateavg"": ""al_ami-2""}

",,"{""HospitalName"": ""medical center enterprise""}","  {""HospitalName"": ""medical center enterprise""}"
498,"You are an expert in Cleaning Hospital Dataset. Given the dirty row Entity 1, you are required to correct the values of HospitalType in Entity 1.

Return in json format.

Output Format Example:

{""HospitalType"": """"}

Entity 1:

{""ProviderNumber"": ""10049"", ""HospitalName"": ""medical center enterprise"", ""Address1"": ""400 n edwards street"", ""Address2"": ""empty"", ""Address3"": ""empty"", ""City"": ""enterprise"", ""State"": ""al"", ""ZipCode"": ""36330"", ""CountyName"": ""coffee"", ""PhoneNumber"": ""3343470584"", ""HospitalType"": ""acutexcarexhospitals"", ""HospitalOwner"": ""proprietary"", ""EmergencyService"": ""yes"", ""Condition"": ""heart failure"", ""MeasureCode"": ""hf-3"", ""MeasureName"": ""heart failure patients given ace inhibitor or arb for left ventricular systolic dysfunction (lvsd)"", ""Score"": ""100%"", ""Sample"": ""34 patients"", ""Stateavg"": ""al_hf-3"", ""count"": 1}

Take these rows as reference:

{""ProviderNumber"": ""10049"", ""HospitalName"": ""medical center enterprise"", ""Address1"": ""400 n edwards street"", ""Address2"": ""empty"", ""Address3"": ""empty"", ""City"": ""enterprise"", ""State"": ""al"", ""ZipCode"": ""36330"", ""CountyName"": ""coffee"", ""PhoneNumber"": ""3343470584"", ""HospitalType"": ""acute care hospitals"", ""HospitalOwner"": ""proprietary"", ""EmergencyService"": ""yes"", ""Condition"": ""surgical infection prevention"", ""MeasureCode"": ""scip-vte-1"", ""MeasureName"": ""surgery patients whose doctors ordered treatments to prevent blood clots after certain types of surgeries"", ""Score"": ""100%"", ""Sample"": ""196 patients"", ""Stateavg"": ""al_scip-vte-1""}

{""ProviderNumber"": ""10049"", ""HospitalName"": ""medixal xenter enterprise"", ""Address1"": ""400xnxedwardsxstreet"", ""Address2"": ""empty"", ""Address3"": ""empty"", ""City"": ""enterprise"", ""State"": ""al"", ""ZipCode"": ""36330"", ""CountyName"": ""coffee"", ""PhoneNumber"": ""3343470584"", ""HospitalType"": ""acute xare hospitals"", ""HospitalOwner"": ""proprietary"", ""EmergencyService"": ""yes"", ""Condition"": ""heart attack"", ""MeasureCode"": ""ami-2"", ""MeasureName"": ""heart attack patients given aspirin at discharge"", ""Score"": ""100%"", ""Sample"": ""1 patients"", ""Stateavg"": ""al_ami-2""}

",,"{""HospitalType"": ""acute care hospitals""}","  {""HospitalType"": ""acute care hospitals""}"
499,"You are an expert in Cleaning Hospital Dataset. Given the dirty row Entity 1, you are required to correct the values of CountyName in Entity 1.

Return in json format.

Output Format Example:

{""CountyName"": """"}

Entity 1:

{""ProviderNumber"": ""10049"", ""HospitalName"": ""medical center enterprise"", ""Address1"": ""400 n edwards street"", ""Address2"": ""empty"", ""Address3"": ""empty"", ""City"": ""enterprise"", ""State"": ""al"", ""ZipCode"": ""36330"", ""CountyName"": ""cxffee"", ""PhoneNumber"": ""3343470584"", ""HospitalType"": ""acute care hospitals"", ""HospitalOwner"": ""proprietary"", ""EmergencyService"": ""yes"", ""Condition"": ""pneumonia"", ""MeasureCode"": ""pn-2"", ""MeasureName"": ""pneumonia patients assessed and given pneumococcal vaccination"", ""Score"": ""100%"", ""Sample"": ""72 patients"", ""Stateavg"": ""al_pn-2"", ""count"": 1}

Take these rows as reference:

{""ProviderNumber"": ""10049"", ""HospitalName"": ""medical center enterprise"", ""Address1"": ""400 n edwards street"", ""Address2"": ""empty"", ""Address3"": ""empty"", ""City"": ""enterprise"", ""State"": ""al"", ""ZipCode"": ""36330"", ""CountyName"": ""coffee"", ""PhoneNumber"": ""3343470584"", ""HospitalType"": ""acutexcarexhospitals"", ""HospitalOwner"": ""proprietary"", ""EmergencyService"": ""yes"", ""Condition"": ""surgical infection prevention"", ""MeasureCode"": ""scip-inf-4"", ""MeasureName"": ""all heart surgery patients whose blood sugar (blood glucose) is kept under good control in the days right after surgery"", ""Score"": ""empty"", ""Sample"": ""0 patients"", ""Stateavg"": ""al_scip-inf-4""}

{""ProviderNumber"": ""10049"", ""HospitalName"": ""medical center enterprise"", ""Address1"": ""400 n edwards street"", ""Address2"": ""empty"", ""Address3"": ""empty"", ""City"": ""enterprxse"", ""State"": ""al"", ""ZipCode"": ""36330"", ""CountyName"": ""coffee"", ""PhoneNumber"": ""3343470584"", ""HospitalType"": ""acute care hospitals"", ""HospitalOwner"": ""proprietary"", ""EmergencyService"": ""yes"", ""Condition"": ""heart attack"", ""MeasureCode"": ""ami-7a"", ""MeasureName"": ""heart attack patients given fibrinolytic medication within 30 minutes of arrival"", ""Score"": ""empty"", ""Sample"": ""0 patients"", ""Stateavg"": ""al_ami-7a""}

",,"{""CountyName"": ""coffee""}","  {""CountyName"": ""coffee""}"
500,"You are an expert in Cleaning Hospital Dataset. Given the dirty row Entity 1, you are required to correct the values of City in Entity 1.

Return in json format.

Output Format Example:

{""City"": """"}

Entity 1:

{""ProviderNumber"": ""10049"", ""HospitalName"": ""medical center enterprise"", ""Address1"": ""400 n edwards street"", ""Address2"": ""empty"", ""Address3"": ""empty"", ""City"": ""xntxrprisx"", ""State"": ""al"", ""ZipCode"": ""36330"", ""CountyName"": ""coffee"", ""PhoneNumber"": ""3343470584"", ""HospitalType"": ""acute care hospitals"", ""HospitalOwner"": ""proprietary"", ""EmergencyService"": ""yes"", ""Condition"": ""pneumonia"", ""MeasureCode"": ""pn-4"", ""MeasureName"": ""pneumonia patients given smoking cessation advice/counseling"", ""Score"": ""100%"", ""Sample"": ""24 patients"", ""Stateavg"": ""al_pn-4"", ""count"": 1}

Take these rows as reference:

{""ProviderNumber"": ""10049"", ""HospitalName"": ""medical center enterprise"", ""Address1"": ""400 n edwards street"", ""Address2"": ""empty"", ""Address3"": ""empty"", ""City"": ""xntxrprisx"", ""State"": ""al"", ""ZipCode"": ""36330"", ""CountyName"": ""coffee"", ""PhoneNumber"": ""3343470584"", ""HospitalType"": ""acute care hospitals"", ""HospitalOwner"": ""proprietary"", ""EmergencyService"": ""yes"", ""Condition"": ""pneumonia"", ""MeasureCode"": ""pn-4"", ""MeasureName"": ""pneumonia patients given smoking cessation advice/counseling"", ""Score"": ""100%"", ""Sample"": ""24 patients"", ""Stateavg"": ""al_pn-4""}

{""ProviderNumber"": ""10049"", ""HospitalName"": ""medical center enterprise"", ""Address1"": ""400 n edwards street"", ""Address2"": ""empty"", ""Address3"": ""empty"", ""City"": ""enterprise"", ""State"": ""al"", ""ZipCode"": ""36330"", ""CountyName"": ""coffee"", ""PhoneNumber"": ""3343470584"", ""HospitalType"": ""acute care hospitals"", ""HospitalOwner"": ""proprietary"", ""EmergencyService"": ""yes"", ""Condition"": ""pneumonia"", ""MeasureCode"": ""pn-6"", ""MeasureName"": ""pneumonia patients given the most appropriate initial antibiotic(s)"", ""Score"": ""99%"", ""Sample"": ""67 patients"", ""Stateavg"": ""al_pn-6""}

",,"{""City"": ""enterprise""}","  {""City"": ""enterprise""}"
501,"You are an expert in Cleaning Hospital Dataset. Given the dirty row Entity 1, you are required to correct the values of Sample in Entity 1.

Return in json format.

Output Format Example:

{""Sample"": """"}

Entity 1:

{""ProviderNumber"": ""10049"", ""HospitalName"": ""medical center enterprise"", ""Address1"": ""400 n edwards street"", ""Address2"": ""empty"", ""Address3"": ""empty"", ""City"": ""enterprise"", ""State"": ""al"", ""ZipCode"": ""36330"", ""CountyName"": ""coffee"", ""PhoneNumber"": ""3343470584"", ""HospitalType"": ""acute care hospitals"", ""HospitalOwner"": ""proprietary"", ""EmergencyService"": ""yes"", ""Condition"": ""surgical infection prevention"", ""MeasureCode"": ""scip-card-2"", ""MeasureName"": ""surgery patients who were taking heart drugs called beta blockers before coming to the hospital who were kept on the beta blockers during the period just before and after their surgery"", ""Score"": ""100%"", ""Sample"": ""27 paxienxs"", ""Stateavg"": ""al_scip-card-2"", ""count"": 1}

Take these rows as reference:

{""ProviderNumber"": ""10049"", ""HospitalName"": ""medical center enterprise"", ""Address1"": ""400 n edwards street"", ""Address2"": ""empty"", ""Address3"": ""empty"", ""City"": ""enterprise"", ""State"": ""al"", ""ZipCode"": ""36330"", ""CountyName"": ""coffee"", ""PhoneNumber"": ""3343470584"", ""HospitalType"": ""acute care hospitals"", ""HospitalOwner"": ""proprietary"", ""EmergencyService"": ""yes"", ""Condition"": ""surgical xnfection prevention"", ""MeasureCode"": ""scip-inf-2"", ""MeasureName"": ""surgery patients who were given the  right kind  of antibiotic to help prevent infection"", ""Score"": ""100%"", ""Sample"": ""399 patients"", ""Stateavg"": ""al_scip-inf-2""}

{""ProviderNumber"": ""10049"", ""HospitalName"": ""medical center enterprise"", ""Address1"": ""400 n edwards street"", ""Address2"": ""empty"", ""Address3"": ""empty"", ""City"": ""enterprise"", ""State"": ""al"", ""ZipCode"": ""36330"", ""CountyName"": ""coffee"", ""PhoneNumber"": ""3343470584"", ""HospitalType"": ""acute care hospitals"", ""HospitalOwner"": ""proprietary"", ""EmergencyService"": ""yes"", ""Condition"": ""surgical xnfection prevention"", ""MeasureCode"": ""scip-inf-2"", ""MeasureName"": ""surgery patients who were given the  right kind  of antibiotic to help prevent infection"", ""Score"": ""100%"", ""Sample"": ""399 patients"", ""Stateavg"": ""al_scip-inf-2""}

",,"{""Sample"": ""27 patients""}","  {""Sample"": ""27 patients""}"
502,"You are an expert in Cleaning Hospital Dataset. Given the dirty row Entity 1, you are required to correct the values of Condition in Entity 1.

Return in json format.

Output Format Example:

{""Condition"": """"}

Entity 1:

{""ProviderNumber"": ""10049"", ""HospitalName"": ""medical center enterprise"", ""Address1"": ""400 n edwards street"", ""Address2"": ""empty"", ""Address3"": ""empty"", ""City"": ""enterprise"", ""State"": ""al"", ""ZipCode"": ""36330"", ""CountyName"": ""coffee"", ""PhoneNumber"": ""3343470584"", ""HospitalType"": ""acute care hospitals"", ""HospitalOwner"": ""proprietary"", ""EmergencyService"": ""yes"", ""Condition"": ""surgical xnfection prevention"", ""MeasureCode"": ""scip-inf-2"", ""MeasureName"": ""surgery patients who were given the  right kind  of antibiotic to help prevent infection"", ""Score"": ""100%"", ""Sample"": ""399 patients"", ""Stateavg"": ""al_scip-inf-2"", ""count"": 1}

Take these rows as reference:

{""ProviderNumber"": ""10049"", ""HospitalName"": ""medical center enterprise"", ""Address1"": ""400 n edwards street"", ""Address2"": ""empty"", ""Address3"": ""empty"", ""City"": ""enterprise"", ""State"": ""al"", ""ZipCode"": ""36330"", ""CountyName"": ""coffee"", ""PhoneNumber"": ""3343470584"", ""HospitalType"": ""acute care hospitals"", ""HospitalOwner"": ""proprietary"", ""EmergencyService"": ""yes"", ""Condition"": ""heart attack"", ""MeasureCode"": ""ami-3"", ""MeasureName"": ""heart attack patients given ace inhibitor or arb for left ventricular systolic dysfunction (lvsd)"", ""Score"": ""empty"", ""Sample"": ""0 patients"", ""Stateavg"": ""al_ami-3""}

{""ProviderNumber"": ""10049"", ""HospitalName"": ""medixal xenter enterprise"", ""Address1"": ""400xnxedwardsxstreet"", ""Address2"": ""empty"", ""Address3"": ""empty"", ""City"": ""enterprise"", ""State"": ""al"", ""ZipCode"": ""36330"", ""CountyName"": ""coffee"", ""PhoneNumber"": ""3343470584"", ""HospitalType"": ""acute xare hospitals"", ""HospitalOwner"": ""proprietary"", ""EmergencyService"": ""yes"", ""Condition"": ""heart attack"", ""MeasureCode"": ""ami-2"", ""MeasureName"": ""heart attack patients given aspirin at discharge"", ""Score"": ""100%"", ""Sample"": ""1 patients"", ""Stateavg"": ""al_ami-2""}

",,"{""Condition"": ""surgical infection prevention""}","  {""Condition"": ""surgical infection prevention""}"
503,"You are an expert in Cleaning Hospital Dataset. Given the dirty row Entity 1, you are required to correct the values of HospitalType in Entity 1.

Return in json format.

Output Format Example:

{""HospitalType"": """"}

Entity 1:

{""ProviderNumber"": ""10049"", ""HospitalName"": ""medical center enterprise"", ""Address1"": ""400 n edwards street"", ""Address2"": ""empty"", ""Address3"": ""empty"", ""City"": ""enterprise"", ""State"": ""al"", ""ZipCode"": ""36330"", ""CountyName"": ""coffee"", ""PhoneNumber"": ""3343470584"", ""HospitalType"": ""acutexcarexhospitals"", ""HospitalOwner"": ""proprietary"", ""EmergencyService"": ""yes"", ""Condition"": ""surgical infection prevention"", ""MeasureCode"": ""scip-inf-4"", ""MeasureName"": ""all heart surgery patients whose blood sugar (blood glucose) is kept under good control in the days right after surgery"", ""Score"": ""empty"", ""Sample"": ""0 patients"", ""Stateavg"": ""al_scip-inf-4"", ""count"": 1}

Take these rows as reference:

{""ProviderNumber"": ""10049"", ""HospitalName"": ""medical center enterprise"", ""Address1"": ""400 n edwards street"", ""Address2"": ""empty"", ""Address3"": ""empty"", ""City"": ""enterprxse"", ""State"": ""al"", ""ZipCode"": ""36330"", ""CountyName"": ""coffee"", ""PhoneNumber"": ""3343470584"", ""HospitalType"": ""acute care hospitals"", ""HospitalOwner"": ""proprietary"", ""EmergencyService"": ""yes"", ""Condition"": ""heart attack"", ""MeasureCode"": ""ami-7a"", ""MeasureName"": ""heart attack patients given fibrinolytic medication within 30 minutes of arrival"", ""Score"": ""empty"", ""Sample"": ""0 patients"", ""Stateavg"": ""al_ami-7a""}

{""ProviderNumber"": ""10049"", ""HospitalName"": ""medical center enterprise"", ""Address1"": ""400 n edwards street"", ""Address2"": ""empty"", ""Address3"": ""empty"", ""City"": ""enterprise"", ""State"": ""al"", ""ZipCode"": ""36330"", ""CountyName"": ""coffee"", ""PhoneNumber"": ""3343470584"", ""HospitalType"": ""acute care hospitals"", ""HospitalOwner"": ""proprietary"", ""EmergencyService"": ""yes"", ""Condition"": ""surgical infection prevention"", ""MeasureCode"": ""scip-vte-1"", ""MeasureName"": ""surgery patients whose doctors ordered treatments to prevent blood clots after certain types of surgeries"", ""Score"": ""100%"", ""Sample"": ""196 patients"", ""Stateavg"": ""al_scip-vte-1""}

",,"{""HospitalType"": ""acute care hospitals""}","  {""HospitalType"": ""acute care hospitals""}"
504,"You are an expert in Cleaning Hospital Dataset. Given the dirty row Entity 1, you are required to correct the values of City in Entity 1.

Return in json format.

Output Format Example:

{""City"": """"}

Entity 1:

{""ProviderNumber"": ""10050"", ""HospitalName"": ""st vincents blount"", ""Address1"": ""150 gilbreath drive"", ""Address2"": ""empty"", ""Address3"": ""empty"", ""City"": ""onxonta"", ""State"": ""al"", ""ZipCode"": ""35121"", ""CountyName"": ""blount"", ""PhoneNumber"": ""2052743000"", ""HospitalType"": ""acute care hospitals"", ""HospitalOwner"": ""voluntary non-profit - private"", ""EmergencyService"": ""yes"", ""Condition"": ""heart attack"", ""MeasureCode"": ""ami-7a"", ""MeasureName"": ""heart attack patients given fibrinolytic medication within 30 minutes of arrival"", ""Score"": ""empty"", ""Sample"": ""0 patients"", ""Stateavg"": ""al_ami-7a"", ""count"": 1}

Take these rows as reference:

{""ProviderNumber"": ""10049"", ""HospitalName"": ""medical center enterprise"", ""Address1"": ""400 n edwards street"", ""Address2"": ""empty"", ""Address3"": ""empty"", ""City"": ""enterprise"", ""State"": ""al"", ""ZipCode"": ""36330"", ""CountyName"": ""coffee"", ""PhoneNumber"": ""3343470584"", ""HospitalType"": ""acute care hospitals"", ""HospitalOwner"": ""proprietary"", ""EmergencyService"": ""yes"", ""Condition"": ""surgical infection prevention"", ""MeasureCode"": ""scip-vte-2"", ""MeasureName"": ""patients who got treatment  at the right time (within 24 hours before or after their surgery) to help prevent blood clots after certain types of surgery"", ""Score"": ""100%"", ""Sample"": ""196 patients"", ""Stateavg"": ""al_scip-vte-2""}

{""ProviderNumber"": ""10050"", ""HospitalName"": ""st vincents blount"", ""Address1"": ""150 gilbreath drive"", ""Address2"": ""empty"", ""Address3"": ""empty"", ""City"": ""oneonta"", ""State"": ""al"", ""ZipCode"": ""35121"", ""CountyName"": ""blount"", ""PhoneNumber"": ""2052743000"", ""HospitalType"": ""acute care hospitals"", ""HospitalOwner"": ""voluntary non-profit - private"", ""EmergencyService"": ""yes"", ""Condition"": ""surgical infection prevention"", ""MeasureCode"": ""scip-inf-1"", ""MeasureName"": ""surgery patients who were given an antibiotic at the right time (within one hour before surgery) to help prevent infection"", ""Score"": ""64%"", ""Sample"": ""28 patients"", ""Stateavg"": ""al_scip-inf-1""}

",,"{""City"": ""oneonta""}","  {""City"": ""oneonta""}"
505,"You are an expert in Cleaning Hospital Dataset. Given the dirty row Entity 1, you are required to correct the values of Address1 in Entity 1.

Return in json format.

Output Format Example:

{""Address1"": """"}

Entity 1:

{""ProviderNumber"": ""10050"", ""HospitalName"": ""st vincents blount"", ""Address1"": ""150 gilxreath drive"", ""Address2"": ""empty"", ""Address3"": ""empty"", ""City"": ""oneonta"", ""State"": ""al"", ""ZipCode"": ""35121"", ""CountyName"": ""blount"", ""PhoneNumber"": ""2052743000"", ""HospitalType"": ""acute care hospitals"", ""HospitalOwner"": ""voluntary non-profit - private"", ""EmergencyService"": ""yes"", ""Condition"": ""heart attack"", ""MeasureCode"": ""ami-8a"", ""MeasureName"": ""heart attack patients given pci within 90 minutes of arrival"", ""Score"": ""empty"", ""Sample"": ""0 patients"", ""Stateavg"": ""al_ami-8a"", ""count"": 1}

Take these rows as reference:

{""ProviderNumber"": ""10050"", ""HospitalName"": ""st vincents blount"", ""Address1"": ""150 gilbreath drive"", ""Address2"": ""empty"", ""Address3"": ""empty"", ""City"": ""oneonta"", ""State"": ""al"", ""ZipCode"": ""35121"", ""CountyName"": ""blount"", ""PhoneNumber"": ""2052743000"", ""HospitalType"": ""acute care hospitals"", ""HospitalOwner"": ""voluntary non-profit - private"", ""EmergencyService"": ""yes"", ""Condition"": ""heart attack"", ""MeasureCode"": ""ami-2"", ""MeasureName"": ""heart attack patients given aspirin at discharge"", ""Score"": ""100%"", ""Sample"": ""2 patients"", ""Stateavg"": ""al_ami-2""}

{""ProviderNumber"": ""10050"", ""HospitalName"": ""st vincents blount"", ""Address1"": ""150 gilbreath drive"", ""Address2"": ""empty"", ""Address3"": ""empty"", ""City"": ""oneonta"", ""State"": ""al"", ""ZipCode"": ""35121"", ""CountyName"": ""blount"", ""PhoneNumber"": ""2052743000"", ""HospitalType"": ""acute care hospitals"", ""HospitalOwner"": ""voluntary non-profit - private"", ""EmergencyService"": ""yes"", ""Condition"": ""pneumonia"", ""MeasureCode"": ""pn-6"", ""MeasureName"": ""pneumonia patients given the most appropriate initial antibiotic(s)"", ""Score"": ""77%"", ""Sample"": ""74 patients"", ""Stateavg"": ""al_pn-6""}

",,"{""Address1"": ""150 gilbreath drive""}","  {""Address1"": ""150 gilbreath drive""}"
506,"You are an expert in Cleaning Hospital Dataset. Given the dirty row Entity 1, you are required to correct the values of HospitalName in Entity 1.

Return in json format.

Output Format Example:

{""HospitalName"": """"}

Entity 1:

{""ProviderNumber"": ""10050"", ""HospitalName"": ""st vincents bxount"", ""Address1"": ""150 gilbreath drive"", ""Address2"": ""empty"", ""Address3"": ""empty"", ""City"": ""oneonta"", ""State"": ""al"", ""ZipCode"": ""35121"", ""CountyName"": ""blount"", ""PhoneNumber"": ""2052743000"", ""HospitalType"": ""acute care hospitals"", ""HospitalOwner"": ""voluntary non-profit - private"", ""EmergencyService"": ""yes"", ""Condition"": ""heart failure"", ""MeasureCode"": ""hf-1"", ""MeasureName"": ""heart failure patients given discharge instructions"", ""Score"": ""50%"", ""Sample"": ""24 patients"", ""Stateavg"": ""al_hf-1"", ""count"": 1}

Take these rows as reference:

{""ProviderNumber"": ""10049"", ""HospitalName"": ""medical center enterprise"", ""Address1"": ""400 n edwards street"", ""Address2"": ""empty"", ""Address3"": ""empty"", ""City"": ""enterprise"", ""State"": ""al"", ""ZipCode"": ""36330"", ""CountyName"": ""coffee"", ""PhoneNumber"": ""3343470584"", ""HospitalType"": ""acute care hospitals"", ""HospitalOwner"": ""proprietary"", ""EmergencyService"": ""yes"", ""Condition"": ""surgical infection prevention"", ""MeasureCode"": ""scip-vte-2"", ""MeasureName"": ""patients who got treatment  at the right time (within 24 hours before or after their surgery) to help prevent blood clots after certain types of surgery"", ""Score"": ""100%"", ""Sample"": ""196 patients"", ""Stateavg"": ""al_scip-vte-2""}

{""ProviderNumber"": ""10050"", ""HospitalName"": ""st vincents blount"", ""Address1"": ""150 gilbreath drive"", ""Address2"": ""empty"", ""Address3"": ""empty"", ""City"": ""oneonta"", ""State"": ""al"", ""ZipCode"": ""35121"", ""CountyName"": ""blount"", ""PhoneNumber"": ""2052743000"", ""HospitalType"": ""acute care hospitals"", ""HospitalOwner"": ""voluntary non-profit - private"", ""EmergencyService"": ""yes"", ""Condition"": ""heart failure"", ""MeasureCode"": ""hf-4"", ""MeasureName"": ""heart failure patients given smoking cessation advice/counseling"", ""Score"": ""43%"", ""Sample"": ""7 patients"", ""Stateavg"": ""al_hf-4""}

",,"{""HospitalName"": ""st vincents blount""}","  {""HospitalName"": ""st vincents blount""}"
507,"You are an expert in Cleaning Hospital Dataset. Given the dirty row Entity 1, you are required to correct the values of MeasureName in Entity 1.

Return in json format.

Output Format Example:

{""MeasureName"": """"}

Entity 1:

{""ProviderNumber"": ""10050"", ""HospitalName"": ""st vincents blount"", ""Address1"": ""150 gilbreath drive"", ""Address2"": ""empty"", ""Address3"": ""empty"", ""City"": ""oneonta"", ""State"": ""al"", ""ZipCode"": ""35121"", ""CountyName"": ""blount"", ""PhoneNumber"": ""2052743000"", ""HospitalType"": ""acute care hospitals"", ""HospitalOwner"": ""voluntary non-profit - private"", ""EmergencyService"": ""yes"", ""Condition"": ""surgical infection prevention"", ""MeasureCode"": ""scip-card-2"", ""MeasureName"": ""surgery pxtients who were txking hexrt drugs cxlled betx blockers before coming to the hospitxl who were kept on the betx blockers during the period just before xnd xfter their surgery"", ""Score"": ""25%"", ""Sample"": ""8 patients"", ""Stateavg"": ""al_scip-card-2"", ""count"": 1}

Take these rows as reference:

{""ProviderNumber"": ""10050"", ""HospitalName"": ""st vincents blount"", ""Address1"": ""150 gilbreath drive"", ""Address2"": ""empty"", ""Address3"": ""empty"", ""City"": ""oneonta"", ""State"": ""al"", ""ZipCode"": ""35121"", ""CountyName"": ""blount"", ""PhoneNumber"": ""2052743000"", ""HospitalType"": ""acute care hospitals"", ""HospitalOwner"": ""voluntary non-profit - private"", ""EmergencyService"": ""yes"", ""Condition"": ""heart failure"", ""MeasureCode"": ""hf-3"", ""MeasureName"": ""heart failure patients given ace inhibitor or arb for left ventricular systolic dysfunction (lvsd)"", ""Score"": ""100%"", ""Sample"": ""7 patients"", ""Stateavg"": ""al_hf-3""}

{""ProviderNumber"": ""10050"", ""HospitalName"": ""st vincents blount"", ""Address1"": ""150 gilbreath drive"", ""Address2"": ""empty"", ""Address3"": ""empty"", ""City"": ""oneonta"", ""State"": ""al"", ""ZipCode"": ""35121"", ""CountyName"": ""blount"", ""PhoneNumber"": ""2052743000"", ""HospitalType"": ""acute care hospitals"", ""HospitalOwner"": ""voluntary non-profit - private"", ""EmergencyService"": ""yes"", ""Condition"": ""heart attack"", ""MeasureCode"": ""ami-4"", ""MeasureName"": ""heart attack patients given smoking cessation advice/counseling"", ""Score"": ""empty"", ""Sample"": ""0 patients"", ""Stateavg"": ""al_ami-4""}

",,"{""MeasureName"": ""surgery patients who were taking heart drugs called beta blockers before coming to the hospital who were kept on the beta blockers during the period just before and after their surgery""}","  {""MeasureName"": ""surgery patients who were taking beta blockers before coming to the hospital who were kept on the beta blockers during the period just before and after their surgery""}"
